Ruuning Cellular Wireless Network Simulation


                            User Equipment Details         
UE Id     x-Coordinate  y-Coordinate  Connected to BSId      Distance from nearest BaseStation
1                14         -46               29                    10.04987562112089
2                32         1               25                    14.142135623730951
3                19         -5               7                    14.212670403551895
4                35         -15               47                    24.186773244895647
5                -70         -83               1                    5.0990195135927845
6                -21         -17               27                    19.1049731745428
7                2         22               28                    7.280109889280518
8                -43         28               41                    4.123105625617661
9                -19         -1               20                    17.029386365926403
10                -9         41               11                    6.0
11                -72         -63               1                    21.213203435596427
12                -64         -95               1                    15.556349186104045
13                41         28               13                    13.416407864998739
14                100         47               39                    11.40175425099138
15                -98         21               36                    28.460498941515414
16                50         6               25                    9.433981132056603
17                -21         86               37                    7.0710678118654755
18                -83         -13               32                    24.698178070456937
19                -61         90               30                    17.46424919657298
20                2         54               11                    13.038404810405298
21                36         46               13                    20.808652046684813
22                26         -39               29                    13.341664064126334
23                58         74               6                    12.083045973594572
24                -34         24               41                    8.0
25                -46         -14               38                    10.04987562112089
26                -94         64               9                    3.605551275463989
27                28         -14               7                    20.0
28                9         48               35                    6.708203932499369
29                63         -24               2                    7.615773105863909
30                -76         50               46                    9.219544457292887
31                63         -44               48                    4.242640687119285
32                -66         38               12                    17.88854381999832
33                -94         -25               32                    11.180339887498949
34                73         -52               48                    8.602325267042627
35                -7         -48               5                    2.23606797749979
36                -38         5               40                    9.0
37                -77         55               46                    5.0
38                93         51               39                    8.06225774829855
39                -70         -33               32                    22.20360331117452
40                -8         -79               16                    26.40075756488817
41                52         -8               47                    6.4031242374328485
42                -55         -73               34                    7.211102550927978
43                61         -14               47                    12.083045973594572
44                -20         13               20                    23.430749027719962
45                85         -67               48                    27.586228448267445
46                -2         -26               17                    6.324555320336759
47                56         41               13                    7.615773105863909
48                37         23               25                    13.0
49                -80         79               23                    13.45362404707371
50                -33         81               30                    17.029386365926403
51                51         -70               15                    20.591260281974
52                -68         21               36                    9.486832980505138
53                66         2               47                    11.180339887498949
54                85         13               49                    29.732137494637012
55                -13         29               28                    17.0
56                66         20               13                    19.1049731745428
57                34         23               25                    14.422205101855956
58                41         -33               29                    28.160255680657446
59                -41         79               30                    15.297058540778355
60                -82         64               50                    5.0990195135927845
61                67         -24               2                    4.242640687119285
62                65         30               13                    12.649110640673518
63                62         50               6                    15.811388300841896
64                -72         -57               1                    27.16615541441225
65                -62         87               30                    19.313207915827967
66                -9         -98               14                    37.013511046643494
67                87         -99               48                    56.08029957123981
68                -93         -82               42                    6.082762530298219
69                -14         -3               20                    12.041594578792296
70                -20         76               37                    12.529964086141668
71                51         6               47                    10.295630140987
72                66         86               4                    12.0
73                7         -63               43                    19.4164878389476
74                45         -33               48                    25.238858928247925
75                14         -19               7                    7.810249675906654
76                17         92               33                    30.805843601498726
77                75         7               47                    21.470910553583888
78                -60         82               23                    17.029386365926403
79                78         -22               31                    8.602325267042627
80                -29         -98               34                    29.0
81                -5         67               33                    4.0
82                59         4               47                    7.615773105863909
83                100         80               19                    22.135943621178654
84                -40         48               12                    10.198039027185569
85                -18         57               21                    11.661903789690601
86                37         4               25                    8.602325267042627
87                -65         -23               38                    20.024984394500787
88                28         -26               29                    18.027756377319946
89                -26         14               41                    18.867962264113206
90                -49         -65               34                    12.0
91                29         20               25                    15.811388300841896
92                -82         -44               32                    12.806248474865697
93                37         49               6                    21.2602916254693
94                -59         -72               34                    11.180339887498949
95                81         -19               31                    4.47213595499958
96                69         -26               2                    1.4142135623730951
97                7         71               33                    8.94427190999916
98                64         67               6                    11.704699910719626
99                95         81               19                    17.08800749063506
100                -7         73               33                    8.48528137423857


                       Base Station Details         
BSId          x-Coordinate  y-Coordinate  List of Connected UEs based on nearedt distance metric  
1                  -75          -84               [5, 11, 12, 64]
2                  70          -27               [29, 61, 96]
3                  48          93               []
4                  54          86               [72]
5                  -6          -46               [35]
6                  53          63               [23, 63, 93, 98]
7                  8          -14               [3, 27, 75]
8                  -96          89               []
9                  -91          62               [26]
10                  -96          86               []
11                  -9          47               [10, 20]
12                  -50          46               [32, 84]
13                  53          34               [13, 21, 47, 56, 62]
14                  28          -97               [66]
15                  33          -60               [51]
16                  -24          -58               [40]
17                  -4          -32               [46]
18                  1          -40               []
19                  79          87               [83, 99]
20                  -2          -2               [9, 44, 69]
21                  -12          47               [85]
22                  -28          -40               []
23                  -71          69               [49, 78]
24                  -52          -2               []
25                  42          11               [2, 16, 48, 57, 86, 91]
26                  -75          62               []
27                  -8          -31               [6]
28                  4          29               [7, 55]
29                  13          -36               [1, 22, 58, 88]
30                  -44          94               [19, 50, 59, 65]
31                  85          -17               [79, 95]
32                  -92          -36               [18, 33, 39, 92]
33                  -1          67               [76, 81, 97, 100]
34                  -49          -77               [42, 80, 90, 94]
35                  12          42               [28]
36                  -71          12               [15, 52]
37                  -14          87               [17, 70]
38                  -45          -24               [25, 87]
39                  89          44               [14, 38]
40                  -47          5               [36]
41                  -42          24               [8, 24, 89]
42                  -92          -76               [68]
43                  26          -59               [73]
44                  12          28               []
45                  81          92               []
46                  -74          59               [30, 37]
47                  56          -3               [4, 41, 43, 53, 71, 77, 82]
48                  66          -47               [31, 34, 45, 67, 74]
49                  95          -15               [54]
50                  -77          65               [60]
