49.58 158.47 
-138.50 36.30 
 9.48 519.71 
381.53 109.34 
10.21 85.43 
-280.27 -404.47 
-317.47 -363.23 
530.83 265.17 
114.45 -586.55 
92.76 -233.12 
-533.29  4.44 
-553.72 131.54 
104.24 463.42 
216.98 -415.26 
368.87 -375.39 
519.98  5.68 
389.26 -100.84 
-152.49 -273.37 
457.00 -358.64 
336.38 271.43 
-14.17 -176.36 
-246.33 241.19 
24.13 -545.49 
129.66 494.01 
-457.12 273.27 
-544.36 -3.58 
193.35 48.76 
-313.12 -246.20 
-63.79 160.82 
23.99 -7.90 
474.82 -128.28 
-566.40 -140.88 
-206.32 544.33 
-124.38 -395.64 
-286.23 -502.33 
-138.60 -258.60 
-233.22 -194.02 
-159.14 173.47 
222.29 541.28 
-43.41 -207.54 
-59.59  3.74 
353.44 140.00 
399.14 150.58 
-164.99 94.55 
396.55 -436.02 
-394.06 -91.19 
-152.53 438.00 
-419.69 -307.18 
247.36 121.21 
339.17 247.66 
215.82 -419.31 
-549.37 -124.97 
-278.99 -276.20 
80.68 351.87 
110.35 -482.38 
-52.72 177.13 
