-351.01 153.89 
376.17 -181.21 
488.39 -201.79 
158.40 -540.63 
17.10 588.03 
312.72 77.21 
-37.58 367.26 
48.39 459.21 
-303.88 -127.47 
-35.10 -268.08 
343.35 415.83 
508.24 -15.85 
269.52 -18.40 
328.40 -437.58 
-411.23 -98.21 
171.90 332.64 
 7.52 329.08 
-350.62 -118.14 
-438.77 88.02 
-126.52 61.91 
-164.14 -155.34 
247.90 142.16 
58.32 129.74 
-505.33 -280.55 
-261.48 484.27 
388.52 424.95 
-472.96 -105.94 
-92.51 565.12 
-147.66 -229.16 
-371.11 -273.78 
186.01 153.13 
-384.82 335.79 
75.20 480.97 
-132.63 249.81 
86.27 230.06 
-340.58 219.01 
219.45 490.48 
-130.86 -513.42 
114.01 288.49 
-270.03 -119.20 
-20.02 -595.63 
-129.65 -461.43 
-92.55 -49.79 
137.42 -309.53 
278.67 -417.03 
152.76 286.52 
321.22 -15.91 
-220.03 -18.36 
-53.01 213.84 
541.60 40.88 
-533.99 -102.38 
455.92 -265.69 
-0.39 534.44 
102.41 84.13 
120.80 -106.83 
-67.81 360.22 
