153.47 153.19 
109.80 -292.07 
-376.11 207.97 
215.45 105.16 
-118.25 228.94 
-206.68 283.81 
-443.15 97.72 
-15.01 170.22 
-112.86 362.45 
16.02 -587.49 
267.16 357.40 
-288.91 -129.86 
-259.66 -463.45 
410.09 -385.63 
330.50 313.46 
142.33 324.99 
-207.17 430.86 
-210.19 257.48 
-356.50 443.17 
-110.19 -518.43 
-594.63 57.69 
-305.69 -209.24 
-95.41 35.50 
-33.82 -39.06 
108.74 108.11 
385.51 456.22 
-367.56 263.64 
-240.54 -493.47 
-426.32 46.15 
-439.96 338.53 
-208.36 -299.47 
391.12 -430.57 
441.15 344.98 
192.67 305.15 
54.44 188.51 
-407.77 253.52 
35.48 125.33 
171.37 -101.51 
-333.85 -442.03 
272.63 430.43 
-60.44 -207.61 
-361.32 324.88 
473.54 216.09 
269.84 -303.60 
104.57 -385.73 
-120.39 358.06 
-374.93 52.87 
449.64 -131.03 
-137.23 178.55 
121.66 -127.42 
268.22 -530.06 
442.47 96.25 
202.75 168.90 
398.55 -424.47 
134.65 529.01 
217.90 -321.17 
