-115.49 447.22 
-46.14 448.50 
341.07 -481.39 
-413.59 399.40 
75.12 -98.94 
374.51 -260.02 
433.12 -314.68 
-263.28 -43.60 
-97.35 197.94 
-88.76 511.27 
-276.81 518.64 
-5.79 -428.22 
532.38 142.60 
-405.14 357.57 
-4.49 -387.09 
465.12 346.07 
-123.69 57.19 
-157.63 -526.02 
569.98 152.12 
-137.19 -546.55 
406.39 296.87 
312.57 -201.99 
-261.64 -367.93 
 8.52 468.73 
-257.67 -199.24 
-355.20 164.26 
-401.15 -31.61 
-312.38 -114.26 
39.96 105.24 
-202.03 385.52 
-74.82 -237.56 
-387.50 -449.06 
-330.90 289.81 
-263.06 133.33 
-198.48 126.12 
-165.02 -524.11 
-20.87 -363.48 
40.28 261.09 
-253.00 482.11 
-398.57 -66.14 
-230.21 -241.76 
-538.16 -32.45 
578.77 102.62 
136.78 -303.42 
-359.51 336.18 
155.21 188.99 
-327.40 76.27 
56.02 -139.72 
-270.90 -331.62 
585.42 61.00 
129.30 159.60 
113.25 -239.77 
-26.80 144.27 
-29.45 -38.45 
370.00 255.36 
285.59 -76.20 
