-139.20 -365.17 
-338.24 -204.27 
-285.87 79.81 
-317.74 360.35 
-196.99 -74.92 
-21.75 591.90 
-272.07 -269.36 
234.65 -170.95 
-481.96 -156.61 
-282.85 476.65 
280.98 334.18 
-361.25 -355.17 
322.05 -77.50 
-183.47 -367.19 
443.89 307.97 
362.90 175.35 
-547.43 34.47 
426.80 -369.07 
230.94 -93.59 
-59.97 -278.00 
-233.95 460.94 
554.23 42.65 
-296.54 498.91 
-572.67 41.64 
-147.40 -245.59 
-459.02 -44.74 
229.61 147.94 
557.72 57.96 
82.48 505.03 
-56.03 577.12 
-292.68 170.36 
359.22 114.06 
298.27 -384.01 
22.80 -308.75 
-199.82 134.22 
321.17 67.67 
71.86 -104.19 
-190.40 486.38 
468.22 234.10 
-61.10 139.42 
220.72 28.99 
-192.54 223.68 
110.17 -571.53 
386.16 -163.10 
108.10 442.27 
26.15 -384.86 
-311.79 220.11 
-353.16 43.92 
70.18 277.37 
417.09 177.75 
160.37 95.82 
128.53 -31.85 
69.12 -311.04 
-72.98 -468.78 
227.81 -110.75 
141.50 461.92 
