-379.60 -347.10 
435.28 318.32 
241.94 -369.37 
481.28 -297.94 
-214.19 451.70 
436.30 400.03 
186.45 444.03 
433.48 353.30 
-70.09 226.55 
-252.37 407.25 
-236.85 221.50 
-161.42 -407.48 
-333.57 -222.09 
-143.24 -269.62 
-63.58 493.20 
-505.95 58.40 
179.36 345.72 
-81.63 278.00 
421.58 70.88 
78.92 113.94 
-32.99 -534.52 
-102.12 170.68 
114.86 28.14 
397.66 307.37 
-389.01 204.61 
455.15 -144.99 
269.76 93.92 
405.89 -253.88 
-365.68 119.42 
545.65 42.55 
-344.78 251.76 
-113.62 338.15 
-245.15 223.42 
414.89 372.78 
-342.52 -388.33 
292.51 324.08 
369.37 35.58 
354.40 426.97 
-222.31 44.77 
-224.89 400.60 
-487.31 -94.46 
367.63 140.26 
-114.74 380.69 
-53.32 471.63 
314.81  3.31 
 2.67 245.04 
95.65 291.46 
-487.71 -128.78 
234.69 -359.75 
497.62 -27.15 
-42.48 -588.62 
-395.55 -423.63 
-106.37 429.09 
-372.59 290.52 
-441.78 316.61 
-265.24 212.18 
