-210.44 -279.50 
282.88 -483.63 
30.19 182.69 
-158.21  8.99 
116.14 -392.81 
-26.95 152.83 
387.81 -284.11 
-113.44 -469.63 
91.22 -284.33 
574.82 35.69 
524.27 -6.92 
444.21 257.49 
-428.91 -205.66 
-145.41 230.89 
513.47 -220.08 
515.98 -283.95 
313.70 426.98 
-393.09 -164.49 
-93.68 -523.83 
515.40 -247.33 
-326.26 -11.84 
205.47 -29.28 
532.03 -182.64 
-327.12 -394.71 
171.65 336.62 
-62.77 12.68 
-394.73 130.06 
122.78 70.10 
73.78 -275.91 
459.84 -362.55 
-453.81  4.66 
-251.95 -539.77 
361.33 419.58 
477.74 -54.23 
27.40 -37.41 
251.81 -449.02 
24.62 -116.76 
578.52 -144.92 
-203.32 -11.39 
353.09 433.26 
354.91 -161.60 
-202.82 -242.01 
-159.05 -37.23 
90.19 -446.65 
-212.78 -54.85 
224.71 335.64 
61.56 -545.94 
69.22 -27.68 
-195.75 383.75 
202.46 198.00 
 3.66 -70.17 
90.81 -177.38 
-14.39 -594.42 
-184.01 197.80 
178.39 -382.76 
125.54 537.74 
