419.49 -167.19 
292.77 -200.26 
22.01 328.09 
-200.84 -97.75 
105.32 -504.52 
25.74 -367.33 
-371.62 -60.57 
377.01 -317.53 
-173.79 -40.40 
-208.38 -525.50 
-143.67 18.17 
119.85 -511.13 
-25.97 -378.60 
-62.17 571.25 
351.80 409.23 
-550.55 150.81 
361.58 -179.22 
497.70 25.24 
-9.80 147.65 
251.39 83.22 
206.41 250.69 
-203.21 306.34 
 2.49 430.32 
430.69 -259.29 
-467.05 184.03 
-250.09 -208.51 
-385.14 256.53 
580.52 49.23 
-575.23 -71.71 
-95.91 526.20 
-469.68 250.58 
-403.02 -40.70 
361.70 27.48 
311.65 296.90 
-226.33 158.45 
578.75 -47.16 
-152.52 -89.68 
-281.48 -114.47 
-104.74 302.61 
227.19 522.67 
-146.39 88.18 
213.80 -142.76 
448.15 297.32 
304.53 -185.04 
97.75 110.14 
-176.17 -414.64 
-331.08 -28.11 
313.55 -213.80 
282.31 -347.91 
230.60 -475.62 
 3.77 -132.07 
103.52 330.16 
-221.77 289.47 
279.65 -457.92 
332.96 -210.32 
173.18  2.79 
