198.20 -533.82 
538.34 -187.71 
66.47 18.93 
-367.19 -461.21 
422.59 -207.35 
-425.86 -388.78 
336.97 -29.51 
499.82 229.09 
-528.98 -94.34 
-299.33 134.64 
430.11 67.35 
129.97 567.55 
189.03 542.50 
78.39 445.99 
115.27 -93.67 
-78.41 -206.50 
479.90 282.69 
-133.90 357.35 
-196.60 480.80 
 6.75 -220.00 
482.89 -270.15 
173.18 -20.21 
242.09 162.42 
-405.84 -408.89 
68.52 29.16 
87.83 84.06 
-559.63 -15.18 
-316.83  0.03 
-461.89 45.40 
291.46 -262.67 
-483.51 -69.78 
205.28 -88.40 
147.91 -54.78 
252.65 -59.78 
338.65 171.84 
342.14 -488.12 
-18.17 72.45 
-346.97 302.01 
207.59 -380.70 
46.03 -79.50 
117.65 199.12 
-134.50 480.84 
-289.53 -467.86 
321.90 85.26 
309.85 -8.64 
-170.75 -485.21 
-344.30 370.14 
-141.74 445.57 
-375.28 -218.20 
-286.75 -479.47 
-36.45 -510.14 
-28.30 -238.96 
264.31 481.92 
262.25 -143.48 
-423.69 -156.80 
-158.24 -78.17 
