-569.18 41.73 
-68.55  3.36 
76.68 -218.78 
75.51 531.08 
-256.34 -384.66 
485.34 21.64 
536.46 24.43 
-51.18 79.41 
-526.34 -193.89 
-236.60 -248.26 
-39.33 -462.15 
-164.88 -372.65 
378.06 239.06 
197.87 423.75 
18.68 55.34 
173.87 18.57 
264.18 133.62 
511.65 -199.46 
-19.87 -467.16 
306.33 147.84 
544.92 238.81 
170.56 24.04 
306.34 78.48 
48.33 25.26 
46.49 215.08 
287.87 511.89 
414.07 -327.33 
151.80 162.58 
15.24 -145.57 
-39.74 -101.66 
546.40 202.12 
406.95 -372.27 
-36.76 509.72 
 6.94 -93.54 
286.32 -298.55 
-471.20 23.19 
470.68 266.15 
96.00 -416.37 
357.76 243.62 
-141.99 218.11 
-302.23 244.36 
329.56 140.85 
-4.17 -56.40 
-159.82 42.83 
500.35 313.52 
-473.73 83.68 
-17.19 102.06 
216.21 219.33 
232.98 -292.34 
-181.76 189.93 
175.73 78.67 
-336.48 -479.74 
217.30 -140.00 
-434.28 76.60 
-207.04 454.38 
23.48 -566.90 
