39.14 -440.41 
-534.13 237.76 
-295.38 -21.99 
135.40 -231.19 
-518.96 200.31 
-18.47 -196.65 
-284.12 -165.61 
-385.21 -81.66 
33.40 64.17 
66.21 133.34 
342.88 -453.81 
 9.20 509.65 
290.27 -519.17 
95.22 -322.80 
-204.44 225.02 
-112.93 97.46 
178.74 -130.82 
240.92 16.14 
412.87 -172.67 
-347.29 264.00 
411.42 -395.60 
-37.44 -75.38 
-331.73 -116.95 
116.96 335.46 
517.27 -221.95 
-335.41 230.24 
-262.51 124.47 
327.41 126.66 
345.92 -210.89 
-156.63 185.70 
-523.47 35.10 
377.86 -320.47 
-64.61 460.64 
-71.43 425.21 
-242.49 -452.22 
-303.12 295.87 
484.88 269.50 
88.86 -107.28 
388.28 -402.52 
293.48  2.08 
-158.42 -162.10 
-283.24 311.22 
194.27 -185.46 
-147.66 284.40 
26.43 -424.54 
-440.75 -47.17 
364.13 442.96 
-441.85 -293.94 
-322.31 -102.85 
-307.91 29.57 
-41.61 -183.81 
226.01 78.96 
-141.62 184.36 
65.38 182.19 
26.95 266.51 
326.18 35.66 
