372.08 -400.02 
-225.30 284.31 
-103.91 276.53 
287.93 -87.11 
218.10 -251.03 
-174.63 552.13 
-120.71 20.43 
-275.03 -86.70 
-509.08 221.50 
218.87 354.75 
 1.83 -50.82 
-189.86 507.02 
-68.66 54.26 
-533.50 -195.77 
462.29 251.05 
-265.97 215.02 
263.37 -330.95 
-12.87 -578.42 
29.22 -209.34 
244.00 419.38 
-242.73 -485.55 
433.17 393.66 
-61.26 506.26 
-150.25 573.88 
-428.43 -419.02 
-449.99 343.25 
401.45 -191.33 
15.40 -354.26 
-236.30 118.22 
297.69 -350.54 
55.67 -136.15 
98.00 -195.91 
 0.90 82.35 
-8.59 330.57 
13.65 -328.92 
-247.29 456.38 
-128.81 -431.27 
-363.72 -269.37 
-431.12 -355.12 
-269.17 420.11 
516.32 16.37 
-75.78 -191.62 
101.61 -40.76 
-242.63 -228.69 
-69.55 120.03 
-156.48 132.44 
491.58 296.46 
211.08 -240.14 
346.48 66.62 
-364.55 -112.45 
464.24 -373.26 
110.46 316.37 
-161.41 -466.10 
-183.54 -560.30 
510.03 -172.76 
396.74 -419.85 
