-193.52 118.43 
 1.97 -214.19 
476.05 306.98 
-248.29 79.92 
314.50 -264.96 
-356.97 -73.45 
-101.96 540.55 
187.28 78.43 
-216.11 507.60 
-313.46 17.75 
254.77 147.57 
232.95 -215.42 
-89.81 569.03 
-317.41 -99.72 
105.80 588.47 
-137.44 410.89 
309.57 -310.17 
-582.10 -107.85 
-581.68 84.17 
-530.07 -151.94 
114.58 -222.74 
179.45 -326.09 
97.50 449.82 
36.11 -1.98 
366.00 -468.10 
179.20 305.45 
328.84 192.45 
-54.91 523.60 
-330.03 -64.09 
-200.22 -160.14 
-41.04 -266.16 
537.12 137.37 
384.95 211.29 
-384.95 -454.63 
219.78 -248.67 
583.18 40.32 
-70.87 143.01 
-420.22 173.72 
-406.83 -301.80 
530.88 177.52 
-87.47 344.79 
394.96 368.25 
-5.67 415.29 
292.92 -61.43 
-366.17 -361.47 
282.35 335.47 
-219.90 -148.70 
319.23 -414.31 
-423.22 421.98 
-465.95 -284.67 
328.29 -459.61 
-351.83 -35.16 
-19.54 403.14 
-444.33 -312.58 
12.58 253.08 
319.06 -217.53 
