-184.88 193.69 
-213.53 -388.82 
-285.86 404.89 
346.19 -383.82 
331.43 363.10 
-147.84 563.70 
165.60 -327.16 
299.51 -280.84 
-405.26 70.09 
-24.77 46.49 
-114.14 236.47 
-6.99 -252.08 
115.59 564.24 
-107.18 -587.58 
103.85  7.25 
-145.62 -199.09 
-420.08 -220.02 
-377.28 364.87 
-591.01 55.32 
86.87 -231.88 
-112.69 -581.71 
543.21 -89.38 
-289.69 -181.07 
66.94 199.97 
-567.99 173.02 
146.58 -5.73 
-390.89 92.47 
-160.48 41.11 
-492.64 -313.37 
-110.38 -475.73 
379.40 451.33 
-378.71 287.34 
187.68 150.19 
-382.89 455.12 
-573.82 -107.46 
485.72 300.16 
-83.77 -181.89 
215.27 341.30 
235.77 385.07 
415.40 147.76 
-114.67 -361.14 
-238.11 23.21 
-96.06  2.90 
-445.02 140.61 
-328.38 458.87 
251.64 -419.41 
97.83 149.54 
50.24 -596.61 
145.96 -222.47 
228.27 -241.51 
163.96 -32.17 
267.30 -61.39 
-231.52 102.93 
199.91 461.45 
448.97 199.73 
-458.60 -385.78 
