473.14 331.00 
581.51 -60.32 
-393.50 216.87 
-139.42 -210.42 
371.40 -224.17 
-151.46 -235.97 
436.77 -180.87 
-126.47 -325.04 
169.70 -543.55 
-599.45 -3.13 
-371.19 -240.27 
211.98 -225.51 
-463.45 -134.83 
-65.65 223.05 
-170.29 -72.71 
-244.50 -165.92 
 6.00 -584.81 
-326.66 34.42 
-324.03 -238.57 
-265.35 -479.52 
-12.09 -76.74 
287.21 122.07 
 1.37 -237.10 
260.47 394.67 
18.55 -146.04 
-432.21 342.87 
257.04 -358.67 
-162.50 551.98 
556.30 -178.51 
138.02 82.63 
-321.39 -181.40 
-386.98 145.82 
172.81 -94.44 
-18.11 -546.65 
-251.06 29.81 
-456.42 -56.18 
457.47 -267.21 
-51.47 -563.48 
-215.42 -536.24 
422.37 -230.66 
-278.70 -7.13 
-37.46 -230.74 
253.98 -409.98 
-272.99 335.55 
241.00 520.70 
110.15 328.89 
350.93 -288.39 
-407.45 -364.48 
-356.75 217.44 
-201.30 -488.21 
-66.55 352.31 
-208.76 -359.94 
64.58 285.83 
386.37 -260.09 
50.40 154.20 
273.99 327.92 
