-29.25 414.57 
-244.83 -380.00 
-67.14 157.40 
192.51 -394.16 
243.11 -299.22 
-369.41 -154.53 
542.04 -250.58 
237.15 -1.60 
154.54 577.11 
-162.36 -284.87 
565.99 28.95 
-285.67 150.01 
240.90 273.43 
264.06 472.84 
-4.14 563.49 
-296.41 -205.03 
224.67 125.66 
56.93 574.79 
 9.16 -490.47 
-307.19 142.17 
-113.35 357.39 
16.52 271.01 
89.06 178.18 
-344.74 68.68 
277.18 -25.76 
127.84 550.23 
-20.07 -296.71 
362.71 -64.80 
-337.15 99.30 
-189.29 -489.02 
280.95 -396.15 
244.56 -305.66 
535.69 -209.41 
-93.77 -473.83 
-81.16 -417.13 
186.66 -73.04 
285.95 290.67 
123.75 458.84 
93.80 -156.23 
-386.35 102.69 
319.69 -25.29 
-371.20 405.49 
-288.66 -163.53 
-170.68 262.96 
408.99 139.83 
-541.49 241.63 
410.02 -306.81 
114.90 361.50 
-170.76 -292.13 
-243.52 166.12 
-173.52 522.91 
-539.14 -10.99 
-217.34 291.63 
585.23 86.87 
150.80 135.88 
477.34 -357.46 
