-171.55 -54.49 
394.69 417.99 
-587.53 86.01 
-472.91 45.56 
-262.70 -470.41 
311.96 267.19 
354.18 445.96 
97.85 -60.94 
-423.64 -289.21 
-89.20 202.50 
295.01 413.61 
63.18 538.22 
527.33 -167.26 
147.92 15.47 
595.63 51.51 
106.39 167.85 
-123.96 38.74 
-112.01 -501.93 
-479.35 158.77 
501.92 157.88 
354.27 -343.89 
265.51 -312.02 
-231.38 247.10 
-360.18 -460.12 
-303.19 53.50 
-463.49 -267.71 
-480.08 -92.31 
-398.01 300.04 
-170.61 -152.74 
-367.52 393.06 
-311.44 142.27 
269.03 48.19 
303.33 255.53 
149.96 515.14 
-381.33 -200.12 
-156.72 -87.83 
189.11 -92.81 
288.62 200.82 
-93.07 -161.47 
-101.76 -203.33 
-1.64 -485.68 
-178.02 21.64 
281.90 -469.39 
77.61 167.39 
259.27 497.16 
-370.98 79.44 
-400.20 -46.97 
550.98 82.27 
362.59 -297.15 
-216.62 170.69 
459.12 110.01 
-305.99 365.58 
-145.43 -522.39 
-99.47 -178.49 
-391.38 -33.38 
176.40 -355.66 
