43.81 521.65 
-448.56 317.04 
357.22 431.80 
335.84 299.19 
-38.27 262.36 
430.95 263.03 
303.93 429.56 
-87.55 176.30 
-121.45 -544.13 
151.39 -511.60 
-50.67 -222.47 
572.47 -116.02 
218.01 63.39 
-262.19 69.90 
188.76 53.81 
312.12 511.78 
-454.01 181.17 
472.15 25.93 
-21.53 437.01 
-100.48 -132.41 
266.55 -11.09 
-73.43 -210.43 
346.09 143.44 
-528.31 -83.45 
-410.36 288.93 
149.51 -394.08 
-212.29 171.89 
44.97 170.78 
-520.62 171.77 
-5.79 181.80 
459.66 241.42 
77.86 -457.61 
361.55 415.18 
537.81 41.17 
250.99 352.73 
-476.40 86.11 
55.74 -152.40 
75.18 -94.18 
185.33 -178.97 
-560.10 -213.80 
115.31 83.85 
-472.40 359.59 
345.81 229.05 
-6.38 190.28 
326.46 213.40 
230.16 -386.76 
504.23 -101.20 
209.73 -48.23 
-413.45 154.29 
-172.30 35.95 
64.57 -459.25 
-388.21 -17.97 
242.62 -127.85 
-329.57 476.88 
-8.24 -80.68 
-368.58 -285.05 
