-31.37 -298.10 
-429.57 -69.28 
30.00 -520.12 
-458.63 287.61 
380.28 -53.90 
78.31 -72.83 
221.51 -367.85 
-247.96 183.98 
-468.45 -160.36 
16.03 -570.26 
-357.56 -34.00 
-64.24 -204.52 
277.04 -98.42 
-423.83 67.04 
-441.70 -403.93 
424.15 -52.78 
-128.79 -440.16 
-310.91 245.93 
508.97 277.78 
137.43 322.42 
93.70  7.42 
385.71 44.07 
-563.16 -195.43 
-448.79 201.52 
-336.01 479.04 
-228.38 -472.23 
-371.63 -218.78 
162.47 470.54 
-251.08 -116.84 
193.53 460.31 
-415.27 138.38 
481.70 187.17 
-75.70 399.00 
-449.45 92.62 
15.74 288.90 
-39.89 -155.35 
148.38 -506.74 
-336.95 -324.75 
-74.79 156.58 
-373.29 142.71 
-363.54 -200.58 
-391.89 301.87 
-34.82 -95.15 
205.13 -337.26 
-375.28 40.81 
-292.51 -37.48 
-532.52 218.93 
323.86 -310.32 
-305.04 -275.95 
435.64 -322.57 
 7.67 -529.01 
 5.42 16.33 
12.88 142.11 
443.01 307.91 
-42.04 -581.10 
-74.39 -180.37 
