54.32 474.55 
296.10 -515.70 
-374.87 52.13 
-590.62 20.97 
375.41 425.18 
428.20 247.02 
-483.27 -192.24 
245.09 140.38 
-426.62  5.32 
-118.15 -290.73 
-19.04 -3.21 
-322.49  0.63 
121.19 236.09 
-126.59 408.86 
78.04 105.81 
-309.64 -71.86 
-336.61 331.05 
-510.26 258.16 
248.93 483.82 
436.04 -191.93 
108.76 522.63 
-292.50 -20.35 
-526.68 278.11 
-23.43 -263.46 
142.92 -279.61 
-173.30 484.50 
-192.41 481.70 
-209.77 -241.19 
205.41 181.13 
98.33 -319.36 
-288.27 -385.90 
-133.24 446.64 
225.23 -486.06 
-351.91 204.44 
448.70 145.47 
368.71 256.99 
225.71 -252.64 
-58.47 -177.49 
102.93 -275.68 
-158.60 553.27 
-90.04 -301.18 
32.97 64.95 
-368.61 -140.04 
292.70 94.06 
-283.63 -439.46 
-149.09 -234.41 
-330.18 -272.80 
-85.94 274.91 
435.53 -214.71 
-188.87 -504.28 
 4.65 574.35 
70.71 -31.20 
-125.05 495.57 
-248.30 437.16 
303.19 -278.07 
-17.51 159.14 
