174.33 -488.89 
-302.88 -369.42 
322.09 216.31 
-280.19 32.95 
-155.65 352.09 
-138.68 -120.79 
-225.65 -392.32 
-460.72 -236.22 
355.76 -226.75 
-97.42 -266.25 
468.23 76.67 
120.91 -200.45 
-291.09 295.29 
242.25 -258.76 
360.35 261.66 
188.13 -349.59 
-234.80 -442.52 
-459.29 339.05 
473.99 -332.63 
305.73 442.90 
162.68 43.30 
222.48 -410.67 
337.24 -356.72 
-115.36 -366.84 
-417.60 -82.84 
-99.53 -512.12 
-490.40 -18.02 
-52.29 388.37 
490.58 287.40 
-114.49 564.12 
182.87 307.09 
-354.37 -86.36 
-13.82 -480.89 
-260.41 -415.92 
-185.66 313.69 
121.17 -230.73 
311.81 211.10 
423.72 205.70 
-2.34 322.55 
-75.16 -133.17 
-571.63 -2.20 
-412.14 -36.81 
209.26 460.53 
-306.75 -221.54 
-125.39 577.08 
-66.02 345.93 
14.52 441.33 
229.49 536.21 
-42.12 35.38 
576.36 -83.86 
482.48 267.24 
-77.29 -453.18 
-249.30 -349.34 
-15.89 76.25 
 9.19 171.82 
-401.28 -290.70 
