291.96 113.64 
-185.89 -160.33 
77.51 -54.43 
-564.39 175.99 
438.82 -361.17 
175.89 535.10 
 5.87 -287.14 
183.87 340.10 
-109.42 122.75 
430.74 87.38 
-516.17 -20.50 
-103.33 -331.30 
-96.06 -2.30 
112.78 -521.75 
-200.28 -133.50 
-270.01 -496.59 
-473.80 -341.21 
-123.71 138.54 
-427.36 -316.80 
-251.51 49.92 
388.61 -298.91 
-25.08 -22.69 
264.48 527.42 
194.24 -405.86 
319.64 -338.06 
-503.84 233.42 
-99.44 590.84 
282.43 -459.12 
548.65 -62.76 
-128.16 526.36 
-154.82 157.17 
-65.46 589.67 
113.21 518.24 
-270.41 -420.00 
-221.35 -507.41 
98.36 179.11 
-116.47 583.53 
-2.81 455.07 
551.38 130.72 
-61.98 -428.31 
155.33 -526.36 
-456.12 -194.73 
-295.42 72.94 
-461.33 285.18 
-157.47 459.04 
-56.91 -401.60 
404.23 287.17 
45.51 440.98 
-481.70 93.43 
295.69 169.08 
-506.76 -61.09 
-71.95 407.84 
-175.02 482.07 
-200.23 19.81 
95.39 32.98 
-21.87 367.60 
