197.18 -217.29 
30.11 -84.56 
536.48 -27.46 
-311.61 205.95 
446.48 192.94 
70.70 -573.39 
-536.69 -29.61 
-491.89 195.67 
364.50 -86.62 
256.41 84.79 
-544.26 180.67 
262.65 -94.64 
-371.54 336.87 
-83.82 -434.88 
-320.37 251.18 
196.97 -238.63 
-10.72 509.05 
-235.04 178.44 
558.44 61.04 
300.58 259.16 
66.03 165.96 
358.85 146.91 
-234.71 -167.77 
425.22 -124.02 
71.54 369.12 
118.68 431.07 
-76.22 -145.03 
196.59 -103.94 
539.73 -3.50 
160.71 -500.86 
405.41 -294.05 
-140.74 -248.55 
-340.92 396.32 
528.40 72.20 
13.56 -375.16 
-63.26 79.26 
-545.66 -190.80 
-19.85 227.41 
364.80 402.56 
390.06 -430.10 
414.48 -83.94 
-199.54 363.76 
-147.77 48.55 
-400.42 10.45 
92.21 -568.91 
-204.60 375.18 
-259.70 328.72 
-245.92 169.99 
15.00 207.29 
69.26 445.06 
-374.97 -439.87 
-278.67 -14.07 
311.08 198.80 
-265.61 -5.36 
-315.60 234.20 
403.90 118.92 
