-361.40 -42.25 
481.49 -41.18 
-105.03 110.75 
-471.49 -138.44 
521.14 -94.78 
99.26 586.07 
355.19 -427.57 
-105.21 320.13 
-385.60 110.89 
-89.72 553.80 
330.28 371.57 
31.50 -209.79 
263.82 323.40 
239.82 -451.50 
159.37 348.71 
116.96 -378.52 
-7.11 471.26 
-120.10 41.30 
310.05 447.22 
-462.67 38.35 
-213.27 -376.81 
269.18 228.71 
279.88 -248.72 
-466.04 -255.58 
340.74 26.74 
-512.83 -159.51 
-231.46 -277.81 
-114.68 -138.23 
198.71 111.17 
-262.60 381.53 
-249.94 -522.44 
233.76 -422.87 
556.13 -206.05 
-194.35 369.25 
-37.32 -402.90 
-593.57 48.01 
-492.12 -220.87 
296.27 295.54 
377.53 -10.51 
98.78 319.69 
-109.63 289.82 
-269.38 83.99 
-49.97 -113.95 
-376.08 -465.79 
387.51 307.75 
537.05 76.84 
246.89 -396.14 
226.89 -530.25 
-18.18 -559.11 
-465.20 -326.13 
-370.84 383.56 
587.96 32.45 
433.63 -35.07 
334.37 310.32 
398.95 45.28 
217.58 209.54 
