-597.09 -38.24 
56.83 341.59 
-16.73 -283.17 
-355.54 360.59 
437.73 387.27 
-238.19 -137.14 
50.59 -319.72 
242.82 -239.69 
62.12 428.21 
-243.64 -474.35 
377.55 336.21 
249.59 67.29 
-95.20 -548.61 
16.62 568.12 
140.81 420.87 
-518.26 -191.29 
253.83 -126.87 
183.44 -533.70 
145.44 -554.56 
143.98 71.59 
275.15 -258.46 
198.68 46.48 
-399.56 -310.89 
-470.68 183.77 
52.82 -105.44 
-353.30 263.01 
-245.19 -195.59 
412.35 -421.19 
41.29 303.60 
-170.55 516.84 
455.86 369.84 
-93.65 297.62 
52.18 312.37 
71.53 -43.76 
15.99 343.84 
-351.81 -221.43 
48.56 -422.85 
285.09 18.82 
513.68 -307.62 
389.87 -263.85 
-466.53 325.69 
180.89 -212.75 
203.89 -457.78 
353.84 -434.65 
534.88 -243.10 
-331.68 -264.60 
-393.89 -338.98 
-28.30 -196.17 
156.00 -155.60 
423.83 326.68 
271.38 -284.64 
-395.94 190.65 
161.48 36.53 
-78.38 -356.45 
220.52 -305.83 
-541.65 71.42 
