-499.45 323.29 
292.95 402.49 
366.94 366.19 
-210.82 -172.89 
-219.93 90.70 
-180.54 -462.81 
263.01 -386.07 
76.81 183.93 
-181.34 -294.72 
-325.38 -257.77 
-39.45 514.11 
93.93 -550.44 
398.65 441.04 
-182.80 171.08 
-289.09 -33.10 
83.64 95.92 
367.14 -320.50 
-558.13 198.99 
362.51 129.80 
-283.93 379.23 
213.40 -219.98 
-452.28 38.09 
-7.17 55.09 
139.23 260.95 
-125.59 -272.13 
187.19 -121.88 
-367.69 -188.87 
518.40 -301.66 
-268.89 -304.85 
170.37 454.58 
197.72 453.79 
-277.72 72.21 
-300.33 330.08 
-356.81 389.67 
-569.75 12.00 
22.38 306.65 
-505.32 111.28 
-169.01 563.85 
-314.44 227.95 
18.20 -470.64 
-83.12 549.00 
186.98 16.22 
-269.04 365.98 
-430.10 -157.26 
-337.93 94.11 
156.91 -288.46 
-437.34 -187.70 
347.77 361.53 
-284.93 186.51 
-198.94 129.64 
156.14 277.67 
-23.11 -139.93 
247.24 189.44 
-181.19 -65.86 
-130.48 -195.47 
-556.12 -142.15 
