387.25 53.07 
-131.19  5.13 
-160.78 556.59 
455.84 255.35 
77.30 468.06 
-104.87 -83.83 
-68.28 193.99 
440.60 -193.33 
118.38 309.01 
575.86 40.46 
-293.68 -128.56 
-106.15 -258.41 
-69.32 -183.96 
203.01 65.97 
427.84 408.53 
-216.78 12.02 
458.30 -258.88 
12.47 -576.55 
60.36 543.49 
-168.20 238.06 
162.15 81.64 
415.10 12.36 
-421.79 307.26 
467.89 -140.97 
-96.12 377.98 
87.84 -383.28 
-521.73 -208.24 
-81.53 454.62 
476.74 -200.31 
-55.30 -265.86 
-101.93 281.07 
333.94 -361.89 
561.25 -152.27 
-408.11 -346.38 
-456.30 107.59 
-225.34 393.36 
-94.46 352.04 
-17.79 263.01 
83.00 -66.76 
461.90 -53.72 
329.24 -14.99 
133.48 242.57 
245.90 -475.91 
484.45 315.09 
226.58 266.01 
-568.25 114.34 
-279.63 -244.04 
23.69 -323.25 
288.01 248.16 
-117.01 -386.65 
153.37 532.42 
237.99 -454.98 
-264.55 255.64 
-11.76 -267.59 
104.06 425.36 
107.42 -298.49 
