104.88 324.97 
342.80 473.57 
75.54 310.43 
326.88 102.99 
389.07 419.99 
190.40 -271.50 
-487.00 -92.97 
45.65 404.77 
-446.10 44.09 
-419.85 -400.57 
436.60 -250.73 
-183.78 -371.01 
13.74 -89.54 
-342.42 105.84 
-372.15 187.50 
532.67 46.36 
310.61 487.45 
-76.69 10.40 
53.81 333.93 
-182.86 67.02 
425.17 -172.12 
-464.84 -375.95 
-240.83 529.21 
284.97 -278.70 
256.67 -464.65 
-105.64 313.47 
-288.27 -472.24 
-284.26 -445.51 
-154.75 -178.83 
21.25 442.37 
192.89 30.72 
-324.13 345.86 
-195.50 184.28 
116.80 102.46 
-315.51 170.14 
-311.26 -350.23 
-449.00 -23.52 
100.69 377.11 
-427.75 37.51 
-388.04 131.47 
-42.71 484.26 
295.12 136.13 
-421.79 -362.45 
385.76 -102.84 
101.96 -282.41 
393.75 -256.42 
150.59 576.72 
176.13 423.21 
65.40 138.94 
209.24  2.99 
303.11 -190.62 
-314.30 -455.10 
-3.91 -87.58 
29.64 -126.28 
455.04 319.52 
-312.97 315.81 
