-169.42 143.49 
125.25 423.26 
-212.18 139.46 
-7.91 229.30 
187.87 -161.39 
-250.75 56.56 
-381.23 307.84 
-294.99 459.55 
267.59 -520.55 
-586.90 -62.23 
53.93 243.07 
569.20 100.00 
-131.28 -131.52 
156.51 -258.90 
-383.80 -450.56 
97.96 458.71 
-33.91 -459.05 
-214.47 -527.26 
204.33 -437.31 
-345.08 -262.57 
-37.24 450.22 
271.64 31.78 
564.80 103.03 
402.63 391.80 
-46.01 421.67 
411.31  0.75 
-540.16 -143.64 
214.45 -337.91 
100.91 168.07 
-126.09 -435.72 
234.81 -427.70 
-478.91 -46.29 
554.28 -53.23 
310.63 -357.54 
-218.52 -237.63 
-377.84 -138.49 
304.93 -242.72 
68.44 168.07 
428.79 -21.05 
-324.41 -165.43 
104.43 -538.14 
61.55 373.02 
315.68 -307.82 
-40.76 229.96 
-146.04 533.90 
129.29 379.79 
-427.52 152.82 
333.62 -268.76 
193.14 190.34 
83.37 -139.20 
-462.93 -254.21 
279.45 -330.68 
236.52 -110.31 
-413.29 -363.34 
53.83 -531.99 
580.25 88.62 
