300.10 221.75 
-188.42 58.55 
-408.74 149.32 
-120.22 -463.41 
-307.49 149.26 
-56.43 -217.56 
378.87 -312.61 
-126.95 442.60 
-174.58 -488.63 
-372.91 -108.83 
212.29 -67.17 
146.82 576.00 
-413.89 -5.70 
-156.06 -67.83 
474.97 -266.92 
114.17 -423.44 
-502.41 210.18 
-247.67 -41.03 
-120.10 544.58 
254.30 -456.21 
259.11 -185.42 
-370.86 344.77 
219.81 279.36 
388.78 -76.55 
577.86 -51.92 
-496.97 165.96 
324.35 -300.49 
20.24 -279.37 
15.69 409.09 
-203.37 -413.96 
-14.43 -213.22 
75.19 79.11 
-49.68 -167.47 
-313.40 71.46 
-316.44 365.39 
-387.99 221.62 
284.82 -59.58 
556.56 31.47 
429.35 -261.33 
80.23 -382.34 
-45.47 -380.76 
-169.33 -273.40 
295.13 -507.93 
290.95 284.00 
-491.83 -299.98 
23.46 388.14 
372.63 -310.23 
-58.45 446.73 
-545.05 249.49 
68.31 -335.44 
-448.07 -115.44 
-213.93 -392.86 
-308.01 511.70 
-182.00 -547.12 
-31.08 335.92 
-22.53 477.71 
