-366.12  1.25 
13.12 171.50 
-355.37 460.39 
196.42 541.19 
436.09 255.71 
103.69 372.25 
305.16 -79.36 
435.84 352.72 
-95.00 -579.08 
320.01 -424.97 
-392.39 365.48 
-425.35 146.75 
145.25 242.72 
205.02 -248.10 
-379.90 443.46 
307.20 32.76 
145.39 -253.85 
-568.07 182.06 
220.00 186.35 
-78.51 296.84 
-190.80 420.90 
307.37 -86.11 
303.63 -167.33 
440.25 -19.36 
-286.73 398.99 
215.73 -149.90 
-299.17 -434.02 
-133.49 155.93 
-266.30 243.88 
258.13 -481.79 
561.13 -161.28 
517.61 281.46 
-171.73 179.24 
-501.22 -157.05 
-581.15 33.01 
-202.66 558.15 
275.82 -454.74 
341.49 243.85 
458.82 334.62 
269.05 -535.35 
167.95 -481.50 
465.99 183.86 
135.11 309.25 
-29.36 -324.19 
-36.82 -213.67 
-478.24 24.76 
102.17 209.44 
-181.09 -411.88 
345.02 -92.03 
91.85 254.85 
-562.72 192.11 
471.65 266.61 
321.64 -139.61 
-91.93 -9.01 
-248.56 54.26 
-85.22 256.44 
