-164.29 -44.14 
118.80 -311.47 
534.20 -155.89 
529.38 -155.59 
-133.26 545.71 
-345.70 248.01 
394.04 -53.18 
162.88 -151.84 
297.78 -468.92 
-234.69 425.16 
-118.90 66.52 
-27.31 -144.93 
-206.97 215.35 
146.43 -32.41 
-461.42 185.57 
258.93 -417.68 
-5.72 -483.42 
315.28 -398.13 
423.32 -118.17 
-426.89 -209.77 
-505.81  3.87 
-19.28  3.82 
-170.96 423.57 
-304.17 -189.93 
-47.93 407.09 
574.97 80.33 
-396.76 -44.51 
-18.80 249.69 
-295.53 497.12 
271.10 415.64 
-532.73 175.87 
-518.26 -197.02 
-24.95 98.58 
-253.81 -359.65 
114.50 -479.98 
-338.57 316.79 
-417.19 78.91 
155.81 -130.00 
335.49 215.30 
341.88 -444.09 
-4.78 538.91 
-254.41 529.98 
255.80 -520.37 
-188.76 -16.44 
61.78 -493.83 
-232.65 -234.97 
-175.68 -368.60 
309.49 -368.84 
143.47 372.59 
54.11 -234.85 
164.11 72.04 
-22.53 177.58 
336.73 273.63 
153.36 -403.90 
48.45 20.46 
-96.96 -289.27 
