454.35 -374.83 
212.96 -200.21 
32.83 472.29 
-117.56 176.57 
-81.16 -208.93 
-356.43 -32.91 
496.36 75.54 
-309.14 -398.20 
588.64 17.13 
-581.38 135.95 
-138.42 437.18 
-283.17 381.57 
-195.01 347.07 
-584.03 -52.55 
187.46 -47.67 
-204.83 120.51 
-411.74 -17.96 
546.66 -18.94 
-364.86 -261.99 
412.34 -62.81 
160.43 -470.76 
107.06 -345.02 
-579.03 -75.10 
25.58 85.42 
-401.40 -39.97 
79.90 459.43 
457.26 -23.95 
83.08 -0.23 
456.32 -340.13 
-451.93 -279.23 
-179.08 487.84 
-32.86 242.56 
10.20 -342.93 
287.75 209.89 
25.58 -395.83 
402.44 13.20 
-483.57 -231.44 
235.85 -104.62 
341.16 398.80 
343.29 -474.13 
-331.02 -2.80 
383.32 -4.84 
66.28 -267.32 
-495.83 218.41 
306.85 139.18 
-349.44 415.18 
229.06 -145.69 
130.04 148.33 
140.20 -87.09 
97.38 -345.29 
217.05 165.36 
-527.80 -62.28 
-388.14 151.44 
-391.14 268.40 
246.71 -494.64 
217.78 353.76 
