258.47 388.00 
-298.29 52.88 
-455.03 292.31 
443.35 175.03 
-467.14 -67.77 
20.16 504.99 
-126.66 190.44 
-54.37 -77.78 
318.57 395.02 
-273.94 -368.55 
-113.69 -46.28 
-23.27 98.09 
168.51 475.68 
62.62 285.70 
-444.98 33.26 
-191.65 -354.68 
-220.15 -219.05 
173.36 103.12 
163.44 -334.01 
276.51 341.11 
 7.08 381.28 
-415.25 252.48 
248.34 207.67 
122.71 -475.22 
-158.25 -356.77 
-49.95 -68.15 
-312.55 394.09 
587.28 44.59 
259.22 -130.11 
-237.60 -380.27 
-16.46 239.50 
136.73 356.22 
272.42 -204.62 
235.22 385.89 
188.92 452.67 
-10.11 -535.67 
172.46 -248.56 
-263.87 129.10 
-420.61 151.09 
 1.17 286.63 
99.88 -56.08 
-9.37 -333.67 
575.53 -47.28 
159.74 -257.61 
-1.54 -263.35 
-286.30 -208.00 
264.05 213.04 
-261.07 -361.47 
-499.04 266.46 
252.59 45.63 
 4.47 480.03 
-280.79 35.38 
-382.78 -444.96 
249.09 293.64 
-591.97 45.93 
-329.62 267.15 
