-369.78 -189.21 
-435.74 -311.78 
-163.33 81.39 
329.02 -108.74 
216.67 -483.83 
201.70 160.56 
14.64 65.45 
-301.13 -250.82 
-441.73 -234.45 
143.54 150.56 
-218.64 -268.69 
-117.68 -23.59 
530.18 15.64 
589.80 37.57 
229.88 -155.10 
-48.19 590.95 
430.14 -87.59 
-231.14 -296.28 
520.64 -200.49 
15.05 301.49 
330.14 -171.75 
384.98 -133.63 
133.89 175.84 
-420.23 -395.45 
-446.95 83.34 
-44.34 253.73 
-180.63 -299.45 
-92.52 -400.79 
-28.36 -79.29 
460.00 111.11 
224.19 91.21 
480.37 149.41 
408.11 -311.88 
201.01 284.76 
 0.38 -20.45 
-480.87 127.57 
118.83 -559.03 
-200.13 -315.86 
453.23 -3.98 
69.00 465.34 
-6.07 -306.47 
309.63 338.40 
113.41 -184.21 
-54.98 -198.21 
-116.03 498.51 
193.16 209.98 
62.39 -234.93 
-536.32 261.84 
59.23 172.51 
-118.97 46.23 
-242.24 -504.46 
379.93 367.54 
-383.58 -302.78 
-53.16 447.85 
-255.27 196.41 
-136.29 -238.11 
