-33.85 542.45 
-77.93 -13.16 
108.42 -207.65 
-214.30 382.43 
-155.18 -530.77 
469.04 -320.72 
66.69 446.89 
281.84 -108.60 
-89.28 40.97 
562.13 111.91 
144.46 -210.09 
466.09 372.49 
-512.80 -226.56 
-48.65 -336.35 
-546.84 221.64 
391.09 -166.94 
-107.34 -197.31 
333.91 204.91 
437.59  6.26 
165.78 312.97 
415.88 -103.88 
 7.93 -36.64 
296.51 226.98 
15.43 -480.92 
273.73 -224.17 
-524.62 -168.20 
-152.15 402.67 
-344.36 -249.03 
330.54 -122.83 
157.99 -337.17 
-141.53 520.85 
-291.55 476.12 
382.19 -55.18 
575.29 -11.43 
26.40 -422.39 
100.52 572.41 
475.10 -99.52 
-111.30 315.91 
-36.79 -208.73 
521.49 -259.93 
-519.81 44.13 
-153.35 -487.44 
-21.46 269.64 
-369.43 137.65 
69.93 -485.68 
167.27 -292.85 
-137.73 152.20 
226.94 -505.09 
-102.76 -556.75 
-350.06 76.00 
318.40 -184.78 
403.74 -229.08 
-163.36 -221.58 
-437.10 292.55 
-496.62 216.66 
307.89 -43.22 
