589.13 35.99 
-302.04 242.90 
150.20 -27.63 
454.84 75.24 
427.75 -276.40 
264.58 375.78 
247.73 241.27 
17.99 345.41 
564.06  7.17 
-66.26 -564.86 
-359.09 -186.84 
106.49 229.01 
-288.02 -117.64 
158.86 359.88 
102.42 161.85 
380.13 -227.57 
383.57 -253.70 
325.66 -268.04 
138.12 -171.79 
-522.92 -241.99 
49.54 -292.10 
-551.79 -187.64 
271.46 159.86 
-512.35 223.62 
-469.96 -107.73 
-485.05 112.13 
-68.47 306.79 
270.51 347.73 
-345.17 -135.45 
-556.19 -124.67 
459.09 -185.14 
324.32 484.06 
-126.93 -150.89 
554.18 101.19 
-475.42 -253.18 
36.67 480.33 
 2.95 -418.06 
-97.14  9.52 
472.21 -357.49 
74.39 213.27 
75.76 20.02 
166.28 -549.90 
-448.43 -185.49 
-452.84 -147.13 
-125.50 167.85 
504.04 -293.79 
156.05 -422.24 
-254.43 264.14 
181.67 271.18 
262.89 323.69 
-284.85 204.97 
377.22 61.94 
87.50 493.60 
-117.35 19.10 
442.44 354.82 
526.20 16.47 
