-110.75 -250.00 
116.08 -506.61 
338.43 -169.63 
447.90 -133.23 
-434.92 185.41 
260.54 -122.24 
404.92 -190.21 
438.03 -11.25 
111.16 344.92 
185.47 -319.64 
-79.61 -145.82 
-203.96 -4.97 
-231.74 -138.71 
389.15 26.39 
268.08 120.76 
 2.09 466.56 
223.71 227.67 
60.04 -151.94 
-272.16 437.64 
347.62 -469.87 
-385.75 -218.02 
261.46 -176.57 
-461.19 185.67 
288.54 -139.22 
362.74 -212.47 
205.27 50.12 
-442.26 267.93 
469.50 133.44 
66.21 -232.51 
572.70 -103.63 
-9.31 571.85 
252.88 439.37 
470.59 -148.77 
393.71 445.66 
-128.63 170.78 
278.34 -324.41 
-17.98 234.71 
447.62 -247.67 
154.86 261.03 
290.69 -117.72 
254.75 -272.82 
234.10 168.36 
290.14 319.98 
10.25 -297.66 
49.84 177.64 
-231.97 360.31 
-84.23 -6.69 
314.05 -147.65 
-11.32 191.30 
-68.12 383.19 
199.56 338.71 
-334.39 -431.90 
280.52 -165.14 
39.84 33.13 
336.65 -189.07 
-121.43 549.41 
