-252.71 180.53 
-179.19 492.62 
-432.35 -146.15 
141.72 -325.49 
217.26 -317.99 
213.08 67.11 
-172.02 94.90 
218.02 -340.37 
142.92 -396.93 
-495.16 -81.16 
279.41 238.56 
151.66 234.16 
338.67 463.15 
243.69 -373.40 
50.12 -334.10 
275.59 367.84 
-166.91 -486.29 
-187.48 -564.64 
198.16 -339.79 
-233.61 206.27 
-229.77 -26.47 
53.33 348.75 
446.00 -299.76 
-299.76 -47.04 
334.05 -122.48 
-429.73 100.95 
301.48 -315.09 
-201.40 -216.36 
-152.65 -168.61 
441.46 -82.23 
-25.72 461.89 
109.53 217.01 
-206.10 -38.35 
-134.66 -21.67 
-548.14  9.09 
-402.06 184.38 
492.70 212.32 
-277.63 253.46 
78.47 106.50 
-554.74 117.66 
-394.60 149.22 
261.03 108.19 
-149.10 -540.66 
-551.30 110.73 
-203.18 282.05 
362.12 443.74 
399.67 154.22 
-311.72 -262.18 
266.01 -105.26 
581.87 -0.58 
174.58 536.56 
194.58 480.79 
-187.41 80.15 
478.97 52.75 
-120.83 337.37 
73.22 516.02 
