-304.11 -28.45 
189.29 142.56 
75.29 -458.02 
104.30 -287.49 
258.06 -163.00 
-361.13 147.98 
-306.54 -310.05 
-395.13 -448.48 
-108.32 -264.22 
159.77 -170.64 
217.53 528.43 
428.74 -127.59 
357.70 -458.92 
-203.12 315.57 
-192.09 -292.21 
388.41 98.50 
291.40 358.36 
45.24 -139.95 
-232.35 479.83 
441.98 42.35 
-53.10 -346.91 
-312.82 390.56 
448.30 -376.76 
-181.99 114.00 
-461.75 -15.55 
-303.71 330.42 
397.48 -93.64 
183.33 79.85 
-459.86 28.91 
328.93 432.92 
315.73 25.35 
99.11 -159.13 
-348.94 178.15 
-107.54 -29.10 
-85.56 -152.00 
153.65 118.33 
18.48 145.30 
400.24 257.48 
-45.46 -146.59 
-418.19 26.13 
-232.63 313.29 
464.51 -111.86 
-556.79 -93.23 
43.19 -74.72 
-209.63 -200.51 
-309.82 175.73 
-262.24 -101.45 
211.23 -411.94 
-107.47 -446.95 
271.97  6.70 
-139.77 476.40 
-150.16 403.37 
145.55 -560.21 
138.35 385.99 
-394.87 162.99 
-210.91 -510.08 
