-26.86 -80.80 
74.97 558.63 
87.84 -151.02 
256.50 147.69 
235.28 -354.87 
-91.52 122.44 
-99.29 531.95 
-82.18 -478.06 
144.40 253.57 
31.99 -531.61 
195.97 -171.89 
-385.42 -15.35 
362.60 -469.84 
-412.66 180.49 
153.34 405.29 
-43.77 -66.46 
-340.39 263.60 
251.33 -408.67 
-140.33 537.34 
-9.10 545.94 
-50.31 448.99 
546.64 -172.05 
-363.21 -105.40 
-119.68 -416.23 
-135.29 167.71 
-404.05 373.15 
127.17 -443.32 
-104.53 133.60 
161.22 -39.53 
-339.50 21.75 
-299.42 -283.08 
104.61 -89.76 
-79.81 -366.66 
54.34  9.27 
59.69 -351.16 
79.01 -313.80 
-174.64 522.44 
13.81 97.03 
-287.69 287.54 
-491.53 -280.24 
-27.18 413.18 
252.83 -374.15 
410.11 -222.92 
437.72 72.68 
77.19 -511.17 
288.62 174.58 
109.69 -405.67 
151.29 26.71 
-29.97 -471.95 
244.84 -119.43 
-17.74 513.49 
-268.20 48.14 
456.30  1.91 
26.08 -393.84 
-210.18 -181.20 
-182.46 -436.42 
