-182.01 395.01 
-287.77 -455.81 
344.06 -60.02 
-225.22 -65.15 
332.01 -466.54 
323.30 115.20 
342.76 25.11 
-404.79 147.61 
272.69 -395.62 
-278.69 332.93 
293.81 226.93 
307.37 -308.10 
216.28 14.23 
-246.30 -403.61 
64.06 -351.70 
432.72 412.45 
69.02 -13.75 
-269.35 -229.95 
-94.09 -488.66 
121.68 -102.00 
-528.01 -192.32 
133.90 -132.59 
-474.77 207.52 
-187.27 509.82 
-406.59 152.15 
46.96 18.15 
-221.52 234.85 
-94.73 175.69 
-85.06 -354.48 
250.08 -422.36 
212.65 -338.14 
344.38 45.70 
-149.72 33.35 
-507.47 17.54 
-510.74 -311.42 
-256.38 -507.50 
537.87 220.21 
-407.50 -426.03 
-220.72 290.75 
17.95 586.87 
297.04 185.82 
165.76 323.62 
-21.60 223.73 
350.59 122.49 
-270.06 -333.12 
-398.36 -92.26 
-311.47 197.99 
-10.00 377.77 
98.30 11.95 
458.77 -7.62 
-460.95 229.69 
559.30 22.27 
-366.46 179.27 
242.04 340.20 
-443.41 98.30 
265.43 -444.88 
