183.58 150.45 
211.78 538.72 
102.21 -96.22 
248.97 97.71 
212.36 -536.57 
-174.86 -140.92 
414.39 41.44 
175.32 306.69 
590.01 64.98 
76.16 320.76 
-504.32 -88.54 
261.65 488.13 
348.74 89.80 
138.60 535.41 
216.79 550.89 
113.76 275.56 
143.91 -82.37 
480.35 346.35 
-33.08 -494.44 
131.37 -20.86 
-266.24 338.59 
-168.32 334.20 
-178.53 -305.81 
-408.52 -241.12 
-378.85 -81.05 
-416.62 -292.06 
-76.60 -64.66 
-17.00 -281.67 
-228.47 -183.87 
315.55 -271.42 
289.40 -80.38 
-281.11 -489.48 
-61.51 302.12 
-209.43 -31.93 
-126.46 -361.29 
-350.76 -233.74 
-28.61 322.30 
-155.55 111.15 
91.58 255.23 
-294.24 -363.29 
295.16 -59.77 
-43.91 -393.25 
279.28 -154.98 
-161.11 327.09 
-140.21 444.85 
-282.70 437.67 
-41.59 -460.11 
-159.28 188.73 
355.06 -417.51 
293.35 -96.48 
326.25 -337.25 
296.94 124.68 
-550.42 170.62 
-427.84 204.57 
48.39 56.11 
279.47 -98.45 
