-246.97 -84.71 
-209.68 347.90 
-335.13 383.94 
-93.90 66.17 
278.97 243.53 
-477.70 -162.49 
-290.42 -128.16 
-392.36 -325.28 
-489.58 -226.26 
306.83 -208.81 
-77.54 -210.92 
-319.53 -119.11 
-523.99 204.91 
191.70 -196.71 
-428.87 -43.78 
136.00 -47.79 
373.01 -6.59 
434.00 -211.91 
-81.45 -425.40 
-368.19 431.96 
-365.06 302.98 
-136.83 297.97 
504.68 108.72 
-206.16 -451.44 
283.51 -183.66 
68.78 -247.03 
165.59 524.84 
-493.99 95.93 
83.67 240.70 
93.80 549.17 
-432.63 325.41 
314.15 159.68 
47.00 -417.44 
-451.86 -331.29 
243.35 527.07 
-142.49 -192.75 
-201.49 -359.30 
-286.44 270.04 
-124.67 -69.70 
176.41 -566.03 
-374.76 -416.06 
-401.94 -402.20 
-266.40 184.34 
274.84 197.24 
-402.05 -191.59 
548.23 -206.69 
-326.68 392.91 
215.83 501.60 
-49.35 -398.06 
-324.16 -488.41 
215.40 173.08 
-392.03 -427.58 
-393.34 331.51 
113.52 387.80 
146.24 -540.31 
-244.21 325.31 
