356.20 346.16 
-171.42 482.27 
-361.12 246.17 
-139.90 -100.87 
-80.11 462.72 
-81.24 358.42 
-434.65 207.99 
-35.14 436.15 
-247.85 -140.88 
-143.11 441.40 
261.24 -491.10 
-255.64 -383.53 
234.32 -487.56 
192.45 331.08 
-558.54 -157.31 
-49.89 -85.47 
523.83 -204.15 
383.63 245.60 
384.34 311.96 
518.20 130.77 
331.81 440.28 
512.10 60.08 
 7.48 -221.97 
42.58 -294.03 
-508.68 234.29 
386.95 -38.86 
166.78 439.81 
344.41 91.60 
-315.24 357.80 
-530.38 266.12 
-167.48 -183.18 
-365.58 292.96 
-374.12 -29.12 
532.19 -210.85 
225.21 418.75 
-493.47 257.81 
-90.77 275.62 
-391.64 170.94 
384.02 332.58 
-286.54 -442.48 
-185.80 -495.93 
180.45 284.81 
-189.91 355.64 
134.45 -191.40 
-287.85 -15.01 
-323.92 -179.00 
18.41 337.41 
-451.52 323.39 
-22.82 -194.17 
-485.49 -168.78 
-347.02 -117.52 
164.43 383.75 
-231.35 -347.80 
50.60 -186.29 
-49.75 553.87 
-357.53 286.90 
