-409.29 -412.15 
-79.05 -546.80 
-456.54 -83.37 
412.42 -410.80 
-495.42 -322.17 
-145.55 95.83 
-465.88 -6.17 
-16.79 239.46 
-298.19 -502.03 
24.61 416.42 
-492.42 150.98 
-241.26 72.65 
41.90 -267.01 
-136.14 -321.32 
459.78 212.63 
89.09 480.91 
346.79 469.97 
-228.32 -438.95 
-458.98 -26.65 
156.74 366.49 
128.68 102.87 
-274.87 -169.49 
-281.61 -435.62 
420.13 -382.16 
-533.42 25.07 
-252.15 199.57 
-325.93 318.98 
341.73 351.33 
101.91 -212.72 
322.57 285.45 
-424.45 -228.51 
-223.83 -378.95 
 6.79 -203.99 
-316.03 239.37 
-520.60 18.17 
-68.11 -30.74 
246.31 -21.68 
-313.44 420.09 
478.12 -155.62 
-252.91 373.42 
188.66 181.64 
-399.95 183.43 
190.36 14.50 
18.33 589.95 
-194.98 -402.75 
-559.34 -75.60 
95.83 -142.26 
-139.34 -507.52 
12.34 -236.83 
231.98 -11.20 
224.67 195.30 
-298.70 123.89 
-362.06 -52.94 
422.17 -232.93 
143.06 -482.29 
216.27 111.48 
