415.57 -217.71 
-151.30 535.07 
322.14 370.59 
356.98 396.25 
207.91 318.85 
302.19 332.88 
-347.84 -279.79 
-578.18 154.89 
-108.36 -541.53 
-323.18 347.64 
-276.48 146.27 
-125.69 -572.59 
315.66 -284.33 
-443.21 -307.07 
98.67 -84.71 
494.92 168.87 
551.58 210.95 
-65.76 222.01 
-346.53 -473.14 
321.20 435.71 
457.29 171.22 
263.58 -84.84 
-447.23 -274.73 
494.01 291.73 
-6.47 -471.68 
-220.97 331.56 
45.27 -142.24 
-21.03  8.68 
227.01 -149.80 
464.06 34.49 
-59.50 296.66 
-161.76 285.80 
-115.92 -120.49 
-231.90 483.94 
-366.90 255.85 
-81.28 -127.31 
193.90 191.48 
52.70 59.50 
 5.01 -438.06 
185.20 447.32 
-50.98 348.08 
-467.19 -123.21 
-327.88 83.52 
33.92 -223.99 
-10.56 -521.94 
-26.74 -22.78 
-132.95 -94.89 
-237.84 151.60 
417.80 181.55 
-161.29 -252.31 
-69.29 -536.85 
-149.96 413.30 
-416.04 210.42 
499.56 -145.13 
45.90 234.60 
-16.21 -313.61 
