169.72 -384.36 
-107.89 -412.30 
-520.17 82.24 
266.93 -153.73 
-88.77 -429.59 
438.00 -214.51 
437.05 -143.54 
-415.44 -324.99 
180.57 266.17 
326.59 382.06 
480.71 -161.21 
490.39 -155.92 
-4.18 122.08 
-486.34 -181.10 
-216.15 -236.89 
356.94 -245.80 
-461.78 -86.13 
96.09 587.19 
-108.97 160.31 
 3.85 504.52 
-37.85 504.91 
326.29 72.13 
405.74 -29.87 
-38.60 401.01 
203.67 22.75 
-141.50 -544.58 
21.91 596.29 
-229.48 230.19 
332.18 257.86 
-191.91 -359.47 
13.30 245.09 
-182.52 15.70 
-147.06 222.40 
-58.71 205.28 
24.70 -433.41 
-28.69 338.08 
573.75 -92.09 
-272.97 20.04 
-231.46 -93.25 
384.34 71.00 
411.32 197.12 
44.05 34.19 
503.08 -148.20 
-419.53 -74.87 
-70.61 592.21 
215.08 188.65 
194.34 341.60 
-60.94 591.71 
119.22 277.46 
443.13 95.24 
-351.26 -421.26 
-266.88 -339.56 
-111.22 141.64 
-390.51 -184.09 
225.87 -533.18 
-445.55 -337.09 
