-170.65 501.44 
-391.21 169.18 
-23.06 274.21 
-261.22 -54.71 
-414.94 38.90 
446.01 345.87 
-151.67 515.26 
-1.62 337.41 
-478.20 258.81 
-517.00 -212.54 
318.37 -283.91 
206.55 347.58 
74.08 216.72 
357.97 157.36 
-2.73 32.27 
200.33 13.75 
356.48 68.24 
316.11 -260.29 
-398.93 -269.28 
397.70 -359.32 
-469.99 246.00 
259.92 -507.04 
229.51 154.20 
-253.84 -392.25 
37.27 -139.91 
111.65 64.33 
425.61 341.47 
-277.17 -282.78 
368.28 -337.22 
482.45 255.04 
28.81 142.70 
-146.72 -33.38 
304.25 -447.68 
510.10 144.66 
558.99 -40.75 
100.17 -525.93 
-130.39 469.94 
318.60 -54.90 
-368.83 190.38 
539.67 -199.70 
153.85 430.74 
51.98 -113.07 
29.10 -497.70 
-425.42 233.50 
539.72 -177.87 
-241.62 63.04 
-328.97 -457.70 
-258.98 488.28 
-408.99 68.58 
-101.28 104.31 
-164.52 153.53 
-195.28 81.08 
-181.95 -314.20 
-294.25  6.89 
279.40 417.00 
-252.62 428.63 
