233.65 247.44 
-456.79 369.30 
-403.77 332.81 
394.16 -296.15 
-355.64 -412.81 
38.84 339.96 
-565.99 187.90 
130.00 -189.92 
-578.57 -158.80 
68.52 -73.05 
-530.90 -257.12 
-376.95 336.71 
-132.57 -242.52 
-45.76 352.99 
527.46 -192.43 
-43.12 -574.49 
307.32 10.31 
498.33 -90.37 
411.64 -394.17 
488.79 -209.88 
-328.86 -207.40 
251.96 -59.25 
87.51 -176.43 
-71.33 276.66 
-421.62 -349.32 
574.49 73.25 
-100.61 48.06 
476.37 30.16 
59.55 -382.96 
-153.62 -484.90 
-567.67 -26.94 
311.27 -238.59 
-493.51 -220.91 
-21.57 -317.59 
55.27 499.15 
-177.50 -130.66 
-419.04 55.53 
493.87 121.47 
-192.37 99.42 
-503.96 276.82 
176.81 -455.22 
485.71 -9.23 
-32.67 446.77 
116.39 60.52 
416.40 406.15 
-266.06 264.37 
-3.61 34.09 
-311.62 48.92 
442.64 -77.07 
-465.31 224.55 
313.54 -218.72 
361.39 -284.70 
147.32 -36.96 
-536.63 -62.08 
-74.12 -82.32 
-286.85 -144.59 
