43.32 161.38 
484.44 38.26 
-38.05 45.83 
-553.64 231.05 
-193.05 -38.20 
-295.48 -34.88 
-542.92 -204.70 
379.79 50.68 
289.17 476.75 
143.54 -467.77 
-244.33 -183.93 
388.15 -86.51 
-221.67 -287.00 
-227.13 -371.76 
365.34 183.42 
-311.91 347.18 
72.39 593.18 
403.48 -181.57 
18.40 434.08 
37.34 -479.48 
75.64 -409.76 
-378.47 -457.92 
198.09 -240.36 
-1.45 -413.66 
253.77 -472.39 
535.60 -29.85 
-198.36 287.93 
459.79 -338.69 
-190.25 -465.03 
391.78 104.39 
347.81 -0.92 
-206.67 -479.93 
292.91 -220.59 
-509.35 -190.51 
-82.97 294.22 
-301.25 -398.32 
453.65 -367.00 
255.69 48.16 
379.59 -392.86 
-382.31  2.94 
48.01 301.06 
-222.13 505.74 
-257.13 461.13 
-342.17 205.12 
204.83 461.18 
175.20 -193.92 
-365.96 343.02 
115.84 323.23 
265.25 342.63 
533.25 66.78 
-462.74 53.17 
-284.96 -96.96 
-330.03 -38.89 
-180.90 400.82 
-459.55 -165.07 
17.22 61.55 
