254.61 346.18 
479.39 -0.71 
-322.01 463.63 
-209.06 -288.47 
308.99 292.24 
440.92 -132.01 
209.80 -144.81 
331.82 336.72 
308.12 -486.42 
134.74 -187.89 
-218.42 -318.21 
-386.44 386.68 
-56.16 213.54 
-359.80 408.73 
21.03 528.70 
76.23 317.79 
-350.44 -250.94 
219.16 274.52 
-258.45 264.72 
-142.18 -400.10 
108.09 162.27 
17.69 62.69 
-42.05 -498.19 
-530.81 228.81 
-338.75 -446.56 
-183.68 32.12 
88.57 -139.44 
-153.76 491.23 
-195.71 532.09 
226.93 -449.20 
110.18 -383.98 
-83.10 -400.86 
-44.50 326.16 
-49.93 -208.04 
-222.65 -455.58 
-199.93 382.39 
-221.11 283.61 
 5.00 -218.82 
-168.56 -64.33 
294.81 363.44 
350.50 226.33 
-67.81 218.65 
81.04 -526.02 
579.24 13.38 
-360.57 276.33 
-488.08 229.36 
-300.59 -129.71 
-292.59 -13.51 
-154.96 -389.00 
-401.92 396.02 
-340.56 -411.81 
309.48 318.14 
24.09 -51.67 
118.86 -579.95 
135.68 -498.42 
51.58 -509.47 
