318.16 373.72 
-114.96 -199.78 
415.00 -253.23 
-70.62 -161.30 
-354.49 404.22 
270.19 -62.67 
-257.66 -205.36 
26.46 -324.88 
-179.27 162.89 
324.22 -7.39 
359.78 48.44 
-102.08 -265.28 
81.47 -305.42 
178.94 -496.00 
275.41 -170.03 
494.31 -167.00 
-268.40 136.39 
138.15 63.03 
-120.63 442.09 
72.28 153.98 
232.87 -349.39 
-43.72 -157.48 
-438.24 83.37 
 0.14 -271.92 
-506.92 -216.61 
-468.84 -159.18 
-471.66 -182.73 
-53.50 44.94 
84.16 -80.61 
243.86 60.51 
364.26 142.05 
-207.77 -407.16 
-416.45 -280.06 
-179.68 131.65 
-464.15 -341.59 
-552.63 -214.60 
-527.36 -178.38 
-229.06 454.50 
-274.85 105.32 
-180.54 -253.48 
-7.70 301.62 
-501.54 -187.65 
108.37 -251.24 
-583.38 24.05 
-288.90 84.35 
-463.50 364.41 
-27.50 -146.78 
-409.52 -71.70 
512.68 172.76 
-517.40 -196.65 
-16.38 532.64 
292.80 -18.19 
209.27 207.92 
-423.86 262.18 
481.69 222.47 
-391.24 152.66 
