-458.57 -1.76 
514.78 -83.19 
84.27 75.15 
-159.59 -414.02 
-182.37 -339.29 
134.70 239.74 
-3.77 -278.88 
368.70 -287.20 
-497.26 -236.36 
-216.12 -5.74 
56.67 70.42 
86.03 203.48 
180.77 -8.83 
-343.50 235.28 
293.93 -237.01 
554.10 -80.29 
-162.97 -73.66 
-178.28 -26.44 
514.31 10.23 
428.46 -319.33 
-63.56 -250.50 
-145.75 89.95 
-22.81 -280.89 
72.63 487.29 
-123.92 -57.25 
176.18 497.86 
110.87 -238.14 
-517.94 10.39 
495.94 257.22 
-297.00 24.70 
241.36 -303.81 
-42.08 404.85 
-125.84 -351.95 
10.56 319.24 
-167.87 439.26 
-541.71 -14.32 
569.66 -181.15 
213.93 -540.80 
65.72 -90.83 
-245.28 -116.21 
-175.90 271.39 
174.73 -349.52 
-422.38 45.00 
-15.85 308.18 
-56.09 -374.48 
-18.79 436.91 
76.53 494.77 
326.61 -378.38 
80.12 -402.56 
-29.12 345.45 
-22.37 -164.88 
 7.42 -426.22 
-336.76 -301.20 
315.15 174.86 
-146.52 -257.65 
-398.56 291.68 
