-257.86 52.39 
-536.99 -30.58 
-301.16 218.80 
140.54 -93.61 
45.40 -12.59 
554.35 -116.59 
-51.76 18.97 
-83.04 460.45 
52.30 -432.84 
-71.06 -576.85 
-126.96 -329.93 
-410.73 401.10 
151.55 -70.37 
218.26 -128.09 
96.28 25.91 
-504.61 31.58 
-102.90 -86.69 
-366.94 469.56 
406.40 -99.91 
95.57 61.80 
-584.37 -131.91 
-159.61 210.46 
391.39 -449.43 
-190.41 -19.51 
331.47 -442.59 
266.46 -440.09 
-476.01 219.71 
278.07 -438.21 
178.16 -444.43 
-154.96 131.05 
373.17 -61.45 
238.48 470.63 
388.81 204.58 
359.18 321.49 
-25.21 13.26 
424.08 346.60 
445.03 133.57 
298.21 -500.56 
331.56 91.68 
-223.82  6.26 
39.95 -3.61 
-467.96 -86.65 
-357.71 74.89 
-228.07 433.61 
-151.14 193.13 
-479.07 -178.31 
284.09 355.25 
150.84 -111.82 
255.69 372.54 
-440.11 -242.70 
58.13 -286.65 
277.20 -24.61 
-336.08 -334.04 
-217.71 -428.50 
228.32 -137.46 
-28.74 588.45 
