-234.43 281.55 
-272.39 332.15 
301.43 -124.26 
-292.76 -347.15 
-107.87 493.86 
-36.93 183.12 
-6.24 -589.76 
149.89 -496.19 
-85.81 -197.60 
353.74 -35.80 
419.09 -147.77 
161.51 576.02 
13.60 457.95 
-174.15 139.60 
-134.19 399.54 
73.67 -187.11 
89.87 -538.92 
434.83 -384.10 
82.31 422.24 
-447.27 18.91 
471.15 -196.34 
485.19 341.59 
10.94 564.98 
-28.01 -312.12 
-139.67 150.64 
224.56 40.74 
-322.19 -251.30 
250.27 -47.15 
292.78 -503.73 
183.26 261.65 
441.62 263.40 
353.48 394.60 
-441.74 134.10 
36.90 -275.74 
306.18 435.88 
-376.48 406.36 
-157.57 -190.31 
-77.38 194.27 
-342.37 -260.01 
-302.94 409.08 
211.87 -465.22 
115.06 -427.21 
-407.87 -389.20 
28.53 103.32 
-139.81 -19.13 
182.76 469.19 
-443.17 -207.87 
-446.20 26.74 
234.13 -44.16 
299.50 -213.13 
-265.30 278.29 
204.23 539.73 
-139.64 -569.62 
60.74 11.23 
49.31 -119.25 
13.68 548.75 
