-172.27 -546.45 
-32.93 -237.64 
166.16 470.32 
103.69 303.45 
-263.23 -449.35 
487.40 78.84 
-96.07 -452.31 
-451.08 -88.08 
349.44 -406.32 
-465.20 352.51 
-85.35 -25.06 
-459.89 -292.55 
-309.03 163.50 
-90.17 516.18 
-34.07 -359.47 
359.96 -426.52 
-44.65 409.64 
-275.95 -227.84 
-6.95 63.90 
-280.85 -304.90 
535.09 -1.53 
241.35 50.37 
57.93 -229.54 
225.29 -412.51 
158.27 -319.82 
-422.64 20.62 
563.26 -16.04 
-97.98 -396.16 
305.80 211.76 
501.79 -30.50 
590.78 -1.91 
314.01 -414.60 
-458.62 -379.13 
-100.90 -261.11 
-259.98 -69.07 
-274.94 141.17 
129.45 287.88 
130.97 100.56 
-304.15 319.32 
34.28 133.90 
-125.03 -228.39 
-222.16 -88.47 
-44.99 -66.10 
-184.87 261.97 
378.33 -51.16 
-162.32 -547.81 
-14.34 -490.97 
-4.13 293.05 
207.54 426.79 
102.60 488.63 
193.34 312.48 
-127.48 -340.23 
-183.45 464.79 
-458.80 23.48 
414.09 402.70 
-580.81 17.07 
