-117.14 132.26 
-55.46 -140.83 
332.40 -53.87 
-395.47 -130.97 
-162.48 -134.77 
-219.47 -283.48 
216.94 306.02 
-189.31  8.90 
-479.01 -23.69 
588.51 93.72 
-169.99 -20.84 
79.65 514.58 
-527.90 125.20 
-393.06 144.12 
100.74 -352.38 
267.59 340.77 
125.95 -402.02 
-486.46 -128.99 
124.13 -296.06 
-410.87 -366.65 
514.49 223.11 
165.72 272.47 
10.22 593.16 
46.19 -269.76 
207.12 492.38 
164.31 -329.71 
-232.37 -266.78 
-298.22 214.90 
101.72 -534.72 
103.04 -62.02 
148.24 -259.66 
307.06 128.25 
-190.30  1.16 
-218.68 -223.81 
-542.33 154.72 
-196.26 407.59 
-11.26 -268.60 
236.11 110.38 
-394.12 153.68 
262.21 264.30 
-510.52 -259.50 
-315.23 -55.86 
-123.55 568.96 
81.08 171.45 
111.92 274.56 
-185.93 238.84 
252.21 127.23 
-284.45 46.41 
77.25 -432.23 
-336.90 102.15 
387.67 -260.14 
-147.12 -535.18 
363.37 464.98 
190.35 -465.01 
35.94 -377.17 
168.96 -409.10 
