-41.27 356.74 
-425.55 -186.34 
-299.06 108.20 
-440.22 380.80 
-157.73 -117.52 
217.70 414.79 
22.96 -108.57 
351.64 462.51 
32.31 180.69 
-240.15 -71.22 
-376.80 415.65 
-127.51 166.08 
-179.44 234.66 
454.49 289.88 
-367.67 425.95 
49.79 -11.60 
-536.43 39.01 
-59.28 -575.95 
-421.06 41.71 
451.07 270.88 
-266.49 -73.52 
59.02 39.95 
-307.56 447.60 
-68.69 344.29 
-469.84  4.23 
23.01 -298.72 
-178.83 117.44 
301.40 -292.21 
376.21 298.11 
-342.15 250.86 
76.05 -117.62 
80.26 -319.37 
14.54 -442.54 
398.95 -319.43 
129.07 240.63 
62.85 -181.94 
260.01 171.88 
-44.34 466.38 
451.07 87.13 
85.24 -277.47 
-448.72 -5.80 
-420.75 -204.44 
336.25 -352.09 
332.64 -360.74 
499.18 46.07 
-219.60  4.44 
385.32 -31.01 
272.53 -516.73 
60.52 -590.02 
130.70 -142.83 
-144.30 -274.34 
363.08 91.41 
-363.31 -200.44 
175.29 -411.75 
147.85 -139.90 
115.74 59.35 
