423.35 -70.60 
-132.04 -442.16 
441.80 -35.71 
191.39 254.55 
328.93 188.36 
-220.61 -392.03 
-130.19 159.31 
-73.04 -319.18 
-332.60 -56.41 
-55.48 -133.02 
-388.54 441.56 
-372.53  7.20 
-461.86 52.90 
-477.65 189.62 
255.71 -470.31 
-336.83 385.31 
407.16 399.35 
-7.98 -99.96 
-506.08 -80.86 
-258.96 -519.66 
345.61 -46.03 
385.96 443.56 
420.18 -301.83 
382.18 298.92 
175.51 -517.65 
22.22 -173.43 
-214.36 519.31 
187.31 -33.66 
-39.65 95.66 
105.62 -113.14 
163.63 -208.10 
-193.36 498.86 
-288.31 -371.23 
500.41 -234.53 
-176.38 137.29 
-180.90 160.92 
201.44 -279.03 
561.75 37.54 
243.46 -259.31 
227.50 -196.65 
-119.43 458.00 
273.06 247.57 
-452.38 10.88 
-312.80 -4.93 
-56.61 259.26 
94.11 133.19 
444.62 -213.58 
208.35 155.03 
148.29 -313.33 
-308.10 257.32 
431.51  2.25 
 2.30 148.90 
-82.10 -343.89 
533.44 -176.54 
322.40 311.34 
-4.09 376.02 
