208.24 -430.90 
-100.00 518.40 
97.94 -404.94 
-374.01 53.01 
-16.57 124.01 
409.51 164.28 
-62.65 -7.69 
-213.45 -414.72 
-465.41 109.18 
393.12 355.74 
-46.72 24.76 
95.01 -1.21 
56.19 -52.18 
-39.34 -71.39 
189.73 81.27 
-63.78 -520.69 
422.90 -245.19 
138.02 65.38 
-147.38 -267.97 
150.12 290.57 
148.17 -78.59 
411.26 113.92 
-137.75 345.41 
-478.95 -159.85 
308.41 -123.30 
167.26 327.95 
350.55 12.32 
-72.62 -233.60 
463.21 -165.10 
-425.90 -417.52 
-195.64 346.02 
-95.07 341.09 
138.98 -26.19 
-369.42 -18.75 
-364.35 -385.39 
 7.72 -110.78 
398.68 -221.01 
348.43 -94.92 
-491.89 343.33 
-130.84 -442.06 
-64.40 20.88 
-88.20 463.59 
401.00 24.50 
424.62 -145.64 
-18.85 -535.86 
92.50 541.97 
57.25 409.39 
168.85 -6.91 
-582.90 -82.03 
106.27 -340.61 
171.94 -525.01 
304.39 174.15 
351.85 416.54 
-194.02 -206.91 
-558.92 -166.90 
-478.74 -257.06 
