248.88 35.36 
235.53 176.50 
233.46 -262.11 
-30.58 496.77 
219.22 422.20 
240.53 -53.53 
-53.44 153.19 
484.42 130.18 
281.82 -306.60 
-231.97 188.95 
-46.49 -335.14 
439.46 -258.44 
-400.46 -192.54 
420.12 324.70 
-374.86 375.18 
305.76 -331.14 
-178.16 -318.79 
159.73 28.12 
293.48 514.22 
493.55 75.73 
-209.42 469.69 
-73.63 -379.79 
238.59 51.95 
-299.80 -6.47 
-3.49 -347.88 
74.57 393.00 
201.72 359.08 
-504.94 26.56 
-436.52 381.12 
34.23 -315.01 
-110.54 211.19 
-62.40 -370.44 
-449.84 -311.58 
-246.53 320.75 
17.45 -527.27 
347.59 275.27 
-132.22 51.41 
-154.00 -111.76 
143.26 -214.11 
-84.87 -281.24 
-3.02 104.03 
275.15 -210.84 
173.55 120.37 
122.85 -506.21 
-182.20 121.97 
-116.07 329.51 
-345.28 -32.06 
160.15 480.46 
517.95 278.66 
94.80 167.84 
568.77 -48.36 
-136.13 -469.84 
-412.19 243.06 
269.33 -160.12 
88.86 -562.60 
-274.22 -212.41 
