260.34 233.92 
274.13 -306.60 
-69.34 -322.89 
-251.90 -487.30 
173.04 219.25 
341.02 -133.25 
352.90 -182.05 
573.82 -12.98 
529.90 224.16 
15.89 -369.78 
85.36 201.26 
-118.70 -214.06 
-226.67 -280.17 
-46.49 199.15 
75.64 104.53 
551.46 129.05 
307.11 -233.58 
 8.06 430.29 
-489.65 155.12 
188.51 -186.59 
265.21 -436.00 
-191.47 -161.75 
111.02 -135.13 
162.94 -165.13 
234.23 -278.98 
-253.99 -429.71 
-148.62 -492.44 
503.11 229.09 
-498.99 313.12 
-220.10 448.74 
432.36 -294.01 
-96.47 -544.82 
325.96 -50.21 
485.64 -221.47 
-431.82 66.04 
-453.88 -368.36 
205.12 54.23 
-40.32 246.55 
56.25 -129.46 
276.43 446.73 
186.91 92.20 
142.29 -4.58 
-273.66 -401.15 
-202.96 32.22 
346.15 381.78 
299.82 407.22 
335.67 -14.45 
-373.34 -292.10 
112.42 562.05 
208.57 239.78 
296.75 -333.85 
232.84 379.40 
292.00 -153.49 
-80.66 -193.28 
-63.34 245.69 
-218.48 -257.62 
