518.75 -76.41 
-377.09 435.23 
-468.89 -178.40 
-251.93 460.54 
-369.58 -71.57 
-352.45 39.08 
308.94 348.94 
-189.86 261.00 
18.10 411.67 
-575.04 -141.06 
158.95 -377.83 
92.24 97.92 
-50.54 -444.21 
70.83 -451.48 
149.01 95.27 
205.30 -394.37 
-204.73 536.86 
412.32 164.51 
-359.87 -282.32 
 2.72 -192.60 
-271.21 -99.94 
287.49 68.28 
438.24 378.68 
-268.83 123.40 
178.26 121.77 
189.03 19.51 
143.37 -163.34 
526.93 -161.16 
-255.00 313.64 
-299.86 -197.10 
432.48 -6.66 
-256.21 432.86 
-30.85 -455.60 
-534.47 205.62 
379.93 60.75 
374.90 381.74 
444.58 -158.67 
-46.02 305.43 
461.60 52.40 
547.99 -164.43 
470.81 -306.52 
-105.00 66.33 
-493.72 -241.32 
30.18 566.94 
318.75 188.40 
89.56 -28.73 
300.51 480.96 
127.72 -263.85 
-551.83 -15.50 
257.63  1.42 
288.56 -78.18 
-151.04 -202.54 
-451.31 351.98 
454.97 -207.24 
-20.79 -165.13 
-91.47 147.73 
