297.41 507.61 
163.77 -401.27 
-137.27 -479.70 
-87.23 90.51 
250.87 527.63 
-397.21 -14.99 
-590.89  5.25 
251.74 416.83 
223.83 105.77 
-112.02 -369.70 
268.23 260.85 
513.31 122.98 
-556.93  9.67 
274.80 -38.97 
-132.25 104.52 
94.36 175.33 
10.16 150.61 
-85.03 538.37 
34.58 -503.82 
147.41 -514.67 
46.86 -57.45 
-3.09 247.07 
-412.86 325.04 
228.34 -352.13 
316.41 -403.49 
-402.73 199.31 
-305.95 20.43 
-521.92 109.56 
258.92 379.47 
437.23 354.83 
-312.85 227.91 
330.19 363.96 
-40.89 317.09 
-519.36 -262.15 
-194.79 -365.64 
-221.78 11.55 
74.67 -2.32 
-583.92 130.84 
-224.62 -149.19 
122.76 -535.67 
244.59 -79.41 
368.39 -426.87 
-117.41 197.46 
547.92 -85.35 
247.81 -354.07 
513.15 97.72 
-91.95 328.74 
-152.93 324.93 
188.25 -548.94 
-33.83 560.59 
-85.01 -340.26 
-261.48 -276.84 
-566.45 -171.84 
188.30 -339.79 
181.60 431.91 
355.74 -246.34 
