29.49 -75.73 
-499.10 18.36 
-410.10 391.90 
456.97 225.34 
191.59 133.42 
311.15 -457.98 
393.95 125.28 
-335.24 -182.44 
298.29 -397.57 
-157.14 -116.88 
12.00 -89.37 
-431.14 -374.68 
11.80 402.88 
312.19 -157.09 
-374.28 -102.32 
-165.35 257.05 
-211.76 -381.81 
449.70 -222.90 
-234.69 363.72 
-443.79 138.48 
479.94 257.81 
11.18 135.96 
22.59 -422.37 
-341.15 163.05 
-413.18 -168.88 
349.46 455.59 
-268.11 -204.91 
-444.87 250.76 
429.55  9.66 
-50.11 560.54 
526.14 286.45 
-295.08 146.10 
194.52 356.43 
228.99 536.06 
-375.75 -335.31 
392.35 173.29 
361.22 170.26 
392.35 351.57 
317.87 -69.50 
-196.83 -76.68 
363.48 -184.99 
308.43 -127.06 
-231.67 -293.27 
77.77 575.78 
-230.22 -181.14 
-230.42 -468.27 
-175.35 424.28 
54.56 133.59 
286.53 -314.39 
201.19 -284.40 
157.90 545.67 
-108.12 33.26 
58.37 463.30 
-370.34 -412.76 
260.21 538.60 
180.70 420.19 
