-320.90 -2.74 
66.75 -87.63 
287.45 -218.29 
235.17 -132.43 
58.76 506.77 
-340.17 339.89 
-30.37 435.33 
-234.37 -452.81 
-134.21 79.57 
224.60 396.51 
-321.01 -244.12 
530.51 -255.37 
432.30 255.78 
24.75 271.73 
366.52 454.94 
258.23 125.88 
-38.44 481.01 
163.61 261.83 
-96.56 201.43 
476.37 -166.05 
-63.06 239.96 
-215.81 292.43 
-154.98 -281.14 
273.39 -44.29 
-488.51 239.05 
-280.29 -76.05 
-94.41 573.42 
-56.78 -334.00 
12.61 -52.95 
134.61 -531.35 
-53.20 -272.27 
380.69 -384.99 
75.89 500.13 
-132.11 -202.21 
160.61 -429.55 
548.10 231.74 
-34.49 384.50 
275.67 -488.99 
572.48 -163.07 
-444.61 -199.66 
-356.99 -426.45 
280.92 -324.00 
-427.68 -184.98 
-115.58 419.98 
-438.78 -250.53 
-82.50 412.58 
46.64 261.74 
452.11 161.46 
-441.82 251.67 
59.77 -480.15 
262.69 159.92 
-394.82 -266.25 
-389.07 -171.38 
-248.90 -334.24 
-175.11 551.68 
-190.43 407.37 
