-19.36 493.47 
111.76 -476.44 
450.92 182.61 
-177.50 -222.07 
17.63 489.43 
155.60 -495.36 
-116.11 15.50 
379.17 316.44 
192.99 247.90 
-126.98 276.01 
52.98 21.71 
 8.16 294.05 
240.42 176.43 
247.71 -13.01 
-519.00 256.09 
377.11 452.29 
-317.04 434.34 
281.00 383.28 
-355.55 145.30 
312.45 153.42 
257.11 213.93 
-232.79 410.14 
-100.00 -443.00 
-127.97  6.57 
-489.39 53.76 
-349.73 -61.30 
267.31 343.48 
252.22  0.80 
-86.26 -519.10 
-426.69 -284.91 
-196.80  0.10 
-158.78 -90.85 
-78.52 -526.31 
302.50 -496.89 
-22.82 -431.02 
87.05 -493.93 
509.28 168.27 
101.24 438.66 
432.36 382.10 
330.94 51.98 
-238.25 310.48 
217.96 212.73 
-339.07 -340.26 
442.14 -338.31 
-533.81 -212.12 
-22.33 385.77 
584.15 -55.16 
-440.05 182.00 
-327.90 -278.63 
-532.03 14.89 
-192.40 -215.90 
-158.56 263.80 
222.59 322.12 
-41.06 444.26 
307.02 -171.14 
206.39 222.29 
