-350.12 -68.26 
-157.45 40.09 
-430.27 -398.81 
389.47 -17.93 
480.87 -131.86 
264.69 -193.09 
-51.67 251.02 
228.37 277.36 
82.38 -71.33 
327.44 -139.31 
359.99 -391.66 
-320.29 501.81 
16.07 -133.09 
-249.71 462.63 
399.33 203.34 
72.83 -570.19 
459.28 63.64 
-271.10 -98.24 
-481.47 -283.60 
349.05 -484.09 
267.39 -471.42 
125.30 -283.26 
-196.29 210.46 
317.45 166.07 
-45.22 -496.55 
-345.96 -17.77 
 4.85 -542.36 
-371.08 -396.39 
-139.65 357.74 
-361.57 -392.54 
-12.37 29.21 
425.07 -136.38 
162.58 -328.40 
402.43 305.28 
-11.97 441.69 
589.41 92.33 
88.76 245.33 
-555.98 211.48 
-69.29 407.61 
-94.98 -60.35 
360.87 228.28 
146.37 -493.85 
-267.83 -228.67 
372.72 -53.90 
-90.98 -7.78 
74.13 -403.30 
-57.29 544.73 
87.29 -222.37 
-37.25 -429.76 
482.48 305.13 
328.58 190.55 
-74.47 386.76 
233.44 -179.93 
-111.26 110.34 
-14.69 -87.12 
41.90 244.04 
