184.27 -452.95 
-30.23 -349.28 
-414.65 -20.38 
489.29 -186.20 
60.58 -363.28 
-225.16 -95.95 
64.26 -179.37 
296.14 -204.77 
-351.52 427.44 
-335.12 -399.44 
-188.66 95.90 
343.05 404.69 
-20.94 -464.64 
209.47 -446.84 
-425.64 152.71 
-17.53 159.64 
-187.70 -499.98 
-369.40 85.53 
-169.93 103.91 
57.62 -14.88 
-127.54 507.62 
509.65 -296.85 
-556.00 184.26 
-323.62 -325.57 
238.47 459.34 
113.23 531.94 
230.66 -288.61 
-272.24 -277.96 
-122.25 -208.47 
-307.06 13.69 
-88.65 163.42 
68.57 356.22 
-283.26 -165.27 
415.98 17.00 
-332.77 484.86 
564.06 -188.04 
358.32 361.09 
-217.31 440.61 
169.12 -189.64 
-55.98 -211.78 
-205.24 -236.92 
-210.13 -104.18 
358.91 -280.07 
121.82 360.22 
-70.59 -70.87 
-11.84 71.12 
84.78 13.98 
440.34 -63.96 
379.94 -452.18 
-99.38 -250.12 
-442.78 -162.28 
316.27 -411.01 
434.07 -325.89 
237.88 377.02 
-15.66 515.93 
217.33 -481.74 
