-152.17 46.19 
433.78 69.13 
203.40 -70.03 
-152.10 448.73 
151.63 145.61 
399.22 -43.23 
-267.82 290.78 
324.65 -183.55 
20.61 294.18 
-239.04 -537.81 
-146.09 469.71 
 4.76 241.71 
-23.22 455.60 
-7.57  5.15 
111.95 46.52 
-217.49 46.02 
500.17 -144.53 
252.52 -342.48 
-251.32 -442.08 
-432.32 19.16 
420.04 203.73 
364.59 310.61 
-285.76 517.39 
-172.56 247.86 
350.90 409.48 
-350.57 353.65 
-495.49 251.70 
175.15 -364.64 
-97.97 242.07 
-260.72 388.77 
-205.00 86.72 
180.34 281.45 
-168.20 -110.88 
317.71 -380.72 
401.90 19.90 
468.25 -105.13 
41.36 516.61 
-172.29 -276.57 
-139.77 -346.20 
506.37 219.30 
-66.45 -450.89 
36.19 -295.59 
-429.62 96.21 
-399.21 -108.79 
37.31 42.90 
-462.69 73.35 
-90.88 -165.94 
-109.11 -161.12 
22.76 372.32 
-323.95 320.56 
-163.14 162.68 
352.34 -391.60 
90.29 310.89 
-298.59 102.20 
134.92 -207.88 
-157.26 -462.46 
