156.29 -570.63 
218.74 45.68 
368.05 -30.19 
242.85 480.58 
-313.04 427.30 
553.60 158.70 
-264.75 -537.99 
-209.55 494.08 
89.12 -391.65 
410.26 -186.13 
359.19 416.05 
223.08 -300.58 
-487.55 210.48 
369.59 225.91 
-385.24 250.77 
29.09 -83.32 
-55.08 167.40 
-181.42 -137.65 
367.30 224.90 
-353.30 -280.24 
-247.89 358.63 
284.66 204.47 
-582.22 -131.31 
-264.27 171.37 
-355.06 89.64 
243.06 148.51 
-372.99 442.88 
-207.36 446.97 
-222.15 -426.87 
-320.69 -250.18 
-454.19 -66.85 
428.21 320.12 
-57.31 -337.91 
-210.56 379.66 
295.05 -262.61 
-57.25 522.91 
-461.24 -202.57 
371.96 -290.81 
-413.96 -208.65 
282.54 68.09 
509.50 -266.60 
-290.58 -267.28 
455.26 -8.22 
235.08 358.09 
-339.33 84.91 
-314.74 267.85 
229.01 -431.77 
86.10  6.63 
-202.83 -519.74 
204.15 -184.44 
311.96 -469.77 
576.58 94.27 
180.03 471.13 
384.18 -329.40 
487.78 -216.67 
158.40 -418.36 
