-292.60 315.61 
212.20 -191.33 
584.48 -111.58 
-174.93 501.61 
343.35 -189.05 
24.31 577.95 
402.94 -391.53 
-33.00 -344.71 
466.60 202.51 
98.86 -574.54 
-436.29 -101.72 
152.66 -393.22 
84.57 123.66 
395.74 121.14 
279.25 -467.90 
435.34 -383.40 
-274.67 155.29 
295.03 263.34 
50.47 158.81 
511.98  7.95 
324.42 259.59 
574.03 -3.79 
356.53 -121.23 
18.18 27.66 
48.38 -446.44 
26.65 -521.42 
386.51 369.54 
-270.68 220.09 
-16.81 -146.97 
-359.55 112.57 
-201.92 -381.71 
-308.75 -469.31 
-144.31 56.67 
-272.18 -431.37 
-181.62 456.75 
436.29 -185.77 
-137.22 -226.43 
96.27 -249.38 
121.71 -120.04 
-521.58 -230.94 
29.49 313.07 
565.39 -2.52 
-434.87 -253.90 
-35.51 390.86 
-411.81 354.01 
-434.10 -242.48 
386.03 -76.00 
162.00 -568.31 
-79.89 554.99 
195.85 340.38 
361.53 -306.79 
14.48 -181.09 
68.17 -342.73 
-83.10 170.30 
-266.25 150.65 
-568.70 -23.49 
