-153.22 -202.38 
-103.77 -384.54 
495.50 -302.33 
341.07 447.56 
272.96 422.27 
560.05 44.84 
-256.24 33.55 
-106.46 -206.89 
-113.20 472.09 
97.91 -123.18 
-415.07 -129.36 
204.69 -261.24 
-92.27 -392.39 
-318.44 188.33 
-327.15 -306.49 
274.10 301.60 
-46.58 317.70 
162.06 -516.06 
-76.59 -314.68 
216.36 49.50 
-260.91 176.75 
396.42 -360.61 
10.34 581.34 
-227.74 207.29 
-478.76 -213.02 
-6.14 -109.05 
419.94 66.18 
485.80  7.03 
68.17 362.47 
-144.74 95.99 
-293.89 -281.23 
-377.63 91.93 
-582.11 57.44 
260.33 528.62 
360.89 146.80 
12.82 -308.64 
543.22 123.31 
158.91 356.87 
137.23 104.92 
-241.69 102.14 
-383.23 436.46 
-216.14 82.64 
340.51 -26.15 
278.76 327.55 
404.00 -67.16 
364.27 292.44 
533.53 -65.33 
501.58 -38.35 
-308.71 -258.04 
313.36 411.89 
-504.77 -248.01 
352.68 -485.31 
323.14 368.03 
187.66 246.82 
-146.37 -238.23 
233.24 -217.20 
