-15.67 -590.27 
58.78 388.84 
-358.23 249.92 
-369.52 -140.98 
-76.28 -186.96 
-127.78 402.54 
-445.22 205.72 
-91.04 473.54 
143.97 566.93 
-357.48 403.17 
-65.98 -514.19 
309.75 -19.54 
-287.89 -31.62 
-255.31 11.68 
40.36 182.71 
324.92 235.85 
-410.09 394.45 
350.97 -76.27 
198.38 -27.55 
-194.55 -244.50 
461.52 211.42 
-239.99 -213.02 
-216.65 -386.20 
303.02 -58.64 
-42.28 166.60 
 4.08 -407.49 
455.43 -82.36 
359.75 -60.03 
-259.19 -381.93 
-91.07 46.76 
-185.09 -4.77 
-228.55 503.79 
212.85 -338.10 
68.37 554.01 
487.90 -36.63 
-138.93 -136.98 
323.20 -35.68 
-264.26 245.90 
237.50 54.66 
448.37 327.45 
-454.02 166.04 
-4.38 215.20 
-261.09 197.94 
-439.74 -218.19 
-373.48 -4.43 
213.13 276.23 
502.14 11.81 
-252.88 208.38 
366.51 217.31 
-545.05 188.99 
-176.04 -318.26 
267.77 464.58 
311.19 383.63 
342.95 -109.28 
68.87 -516.51 
311.01 -474.55 
