-217.10 -537.83 
336.60 76.73 
363.45 -233.43 
-220.22 -92.49 
-12.63 -310.54 
-159.99 -244.70 
167.54 -401.79 
134.91 404.22 
-520.99 185.72 
-321.31 101.67 
 2.42 -263.24 
312.83 126.38 
-231.64 134.96 
554.36 31.38 
-68.64 -386.89 
-113.93 377.79 
-272.61 -33.71 
-132.05 496.40 
-483.00 -173.37 
-234.24 -186.91 
189.42 184.66 
588.16 81.82 
156.15 -522.17 
283.49 213.94 
-345.20 340.45 
30.79 -92.61 
-346.93 -245.13 
226.42 399.94 
107.81 -134.12 
-118.23 81.29 
-143.26 -497.23 
-508.42 -199.72 
-450.86 210.32 
38.32 403.98 
327.77 396.49 
-188.00 52.05 
-206.38 -277.99 
-444.13 315.68 
-269.04 -478.46 
-147.85 -323.63 
-422.79 -169.35 
-319.90 283.59 
-129.40 -183.05 
142.41 -390.36 
-8.86 216.60 
20.71 -225.51 
-341.16 354.86 
-400.57 446.36 
463.87 -19.92 
236.06 -28.53 
-494.15 265.86 
479.33 -305.87 
-6.52 544.07 
-432.70 -261.68 
-28.58 380.78 
43.87 22.55 
