-316.86 70.11 
-439.97 227.02 
459.13 -232.35 
508.08 295.29 
-447.00 103.42 
-6.44 144.27 
-262.42 -479.63 
-239.80 373.10 
-411.80 -185.10 
210.93 -132.42 
-406.06 386.69 
-422.33 -191.03 
-372.99 -376.12 
-292.01 -433.44 
-459.32 302.81 
371.24 348.60 
-264.31 149.99 
113.46 14.46 
258.53 348.78 
572.87 39.27 
-7.48 553.57 
-194.07 425.27 
-281.98 -100.71 
-5.61 369.05 
485.19 184.16 
190.48 -16.43 
52.26 -47.32 
436.85 160.69 
219.21 -556.00 
-132.44 -421.84 
-32.00 472.43 
-326.72 -267.17 
-251.23 -275.37 
-13.99 -567.61 
301.22 493.33 
-313.15 -405.62 
-408.79 216.04 
-445.31 -278.80 
-409.84 325.34 
-118.92 -23.09 
-290.29 451.20 
291.08 424.01 
-236.28 -421.91 
440.20 238.75 
522.43 29.96 
-15.70 -308.52 
-453.04 356.00 
245.51 -497.74 
33.89 -464.41 
446.38 221.42 
-50.60 -312.57 
103.70 -34.00 
72.00 -255.66 
-249.32 122.32 
-394.52 -25.40 
-258.61 -272.99 
