473.32 -281.23 
539.67 -150.20 
553.23 90.10 
512.74 179.83 
-521.06 -232.80 
-331.00 208.55 
 7.66 -475.61 
-226.85 -185.18 
-254.49 -530.63 
273.51 -86.46 
-22.35 110.42 
375.29 -260.43 
-591.35 -79.95 
-468.56 224.15 
-45.91 -212.63 
322.66 -91.27 
-246.10 -514.85 
498.56 270.08 
309.74 367.39 
-353.96 366.32 
 7.29 461.55 
86.13 -544.93 
241.99 381.38 
-7.76 -517.37 
208.62 95.73 
-158.77 -503.15 
150.06 131.90 
396.11 -236.47 
-480.37 -327.82 
96.37 163.29 
10.43 318.90 
-468.48  7.07 
-460.69 49.07 
41.32 -453.84 
-16.75 -84.90 
 2.98 -362.23 
-414.57  6.81 
-373.59 -416.14 
123.11 -224.71 
239.93 297.67 
265.86 -451.64 
556.42 -60.01 
71.54 286.83 
-294.52 -403.32 
-485.40 160.67 
-237.38 -338.01 
-113.90 60.75 
-4.76 220.83 
-324.70 43.90 
49.40 -36.69 
-28.10 -403.42 
-260.31 -128.24 
-282.08 322.95 
112.53 118.20 
-289.60 -1.25 
213.78 229.94 
