-380.32 282.24 
20.71 119.58 
-135.28 -550.08 
-461.43 345.82 
172.84 88.17 
-507.62 -148.73 
383.89 156.36 
346.86 401.82 
395.75 -89.08 
102.36 576.83 
332.09 384.69 
396.91 446.35 
329.79 -31.47 
43.45 -557.58 
-317.80 314.47 
513.45 178.61 
67.80 465.64 
133.45 -286.19 
-106.65 -505.19 
17.94 -144.24 
166.05 321.73 
222.97 -462.16 
-155.67 -436.32 
278.53 115.50 
-56.89 513.46 
474.55 285.92 
579.04 11.07 
-87.47 -318.18 
-361.08 208.61 
190.18 218.47 
231.11 -327.95 
-520.57 196.76 
-377.70 -113.11 
-244.55 109.90 
399.35 -99.18 
75.68 -421.51 
90.55 -566.28 
-3.78 234.53 
-300.69 -209.19 
196.93 174.61 
-41.03 89.61 
434.19 -251.77 
-271.61 329.18 
343.61 435.68 
-103.83 -383.77 
269.40 190.10 
 7.65 37.36 
527.57 -39.56 
-475.05 234.57 
-433.39 219.16 
-319.67 -62.56 
402.50 195.69 
-274.85 -85.60 
351.38 252.40 
-461.36 160.72 
139.66 240.09 
