308.53 -248.65 
545.92 210.00 
298.01 -42.31 
-423.90 313.82 
37.20 -479.38 
-221.71 542.25 
-270.23 -156.70 
-370.97 -145.00 
282.49 -28.32 
236.18 375.56 
574.38 -63.79 
167.09 152.50 
-128.38 67.21 
368.71 286.52 
-298.31 204.70 
-322.95 338.73 
-48.56 424.81 
372.91 -251.57 
280.45 -291.65 
123.16 -540.76 
241.78 524.76 
-399.97 311.08 
396.14 139.24 
82.68 -438.23 
 6.04 -241.07 
-283.39 -471.52 
-253.61 -376.41 
-472.54 227.34 
439.36 350.11 
-167.77 -105.04 
327.70 -125.29 
182.04 -485.24 
157.32 -17.62 
244.99 442.67 
-195.85 21.84 
52.81 131.38 
230.80 402.55 
-177.70 -228.60 
-123.13 -583.43 
220.39 -436.33 
-135.80 -96.48 
170.72 -207.70 
-208.79 94.10 
-330.71 -19.54 
592.56 -53.89 
299.58 -439.23 
-11.83 -510.93 
-248.47 -466.74 
-107.08 318.40 
181.26 112.60 
-174.12 -417.67 
141.96 356.63 
475.40 -57.78 
-287.91 90.03 
331.79 -58.55 
-216.66 -325.11 
