-343.61 254.20 
172.64 381.28 
160.83 -87.58 
450.74 -92.45 
194.92 390.37 
-55.71 -204.38 
-424.22 397.68 
354.39 -290.42 
164.26 28.58 
-129.21 168.54 
-492.54 223.93 
247.71 41.76 
-155.44 -115.00 
-137.08 92.35 
247.19 313.95 
508.28 -74.01 
-196.37 -177.55 
-487.83 189.49 
390.97 -235.08 
405.13 164.67 
-296.03 463.86 
-410.25 -205.53 
-206.73 415.29 
49.94 -590.78 
-496.33 -291.21 
197.08 -125.47 
-544.15 16.79 
-194.28 -492.85 
-457.82 -227.19 
-154.47 -378.49 
446.37 141.94 
-31.63 328.04 
-377.53 -38.41 
445.08 245.96 
-15.76 543.14 
368.05 -384.48 
19.93 189.72 
184.66 147.79 
-518.63 105.29 
-256.83 -432.63 
-223.75 -471.44 
-332.37 -479.54 
-303.79 96.08 
91.78 -564.64 
-140.52 -498.21 
440.03 104.97 
-272.30 -457.77 
408.53 380.40 
297.60 -189.89 
369.32 318.20 
242.11 255.68 
-460.55 -90.35 
277.62 -189.91 
-369.95 387.33 
351.33 -111.67 
-480.69 170.60 
