46.92 -175.56 
151.61 339.05 
-437.32 -155.12 
-291.72 161.30 
-177.23 -304.69 
246.65 -140.97 
-229.30 -74.11 
-167.45 -427.43 
473.78 -107.60 
468.69 -372.95 
-406.47 -109.56 
200.15 58.01 
237.57 338.72 
-7.93 -65.59 
-202.68 -171.65 
78.38 261.28 
576.88 -46.45 
159.79 102.79 
247.03 -209.00 
-51.12 80.66 
231.50 -52.50 
-551.52 -47.23 
48.91 -148.36 
-513.52 125.71 
299.90 -480.90 
179.96 107.69 
-30.08 449.54 
-78.54 284.72 
-124.84 368.27 
56.62 81.67 
-318.67 -277.20 
-381.05 -356.62 
-353.58 193.74 
62.03 -205.29 
-153.70 -578.15 
-114.08 -58.43 
116.95 -65.66 
-28.35 118.21 
525.66 -281.87 
263.61 -508.77 
217.18 -136.83 
 1.59 262.34 
-454.21 33.52 
193.30 212.12 
 8.29 13.76 
-54.86 -571.09 
286.41 -39.71 
-1.49 276.53 
-393.99  8.19 
452.83 -160.74 
-18.36 261.50 
-240.97 -319.30 
-212.24 152.63 
126.33 -345.27 
198.35 -517.27 
467.12 -35.97 
