-134.77 -200.04 
338.77 -285.97 
366.58 76.34 
-550.48 -211.49 
-50.80 531.57 
238.14 514.38 
476.24 11.32 
123.15 -196.52 
292.20 174.22 
204.55 191.78 
-8.10 26.20 
327.11 42.79 
43.59 265.53 
432.65 236.06 
454.91 64.23 
522.41 -144.76 
-387.95 -206.07 
-49.82 23.24 
180.26 462.81 
-413.40 249.09 
354.46 474.30 
358.93 158.69 
-365.67 -186.02 
190.12 429.61 
-54.63 496.80 
-83.28 -495.67 
479.46 257.78 
-482.39 269.82 
-89.50 154.47 
113.19 -249.74 
521.82 -72.04 
-338.09 -449.89 
184.49 223.17 
237.49 15.10 
212.00 -222.44 
-305.88 107.95 
-421.68 294.31 
74.85 493.87 
-226.19 -458.70 
40.62 404.93 
-129.31 -64.73 
-113.18 169.82 
-260.51 -59.09 
175.44 279.63 
-562.63 -118.29 
-72.81 570.85 
344.24 -126.06 
-418.04 -141.93 
-27.72 547.43 
-392.16 -404.98 
393.82 -47.59 
295.30 -253.89 
370.58 148.83 
43.01 -571.98 
46.98 -14.13 
50.82 -361.25 
