 5.74 205.43 
-388.25 -414.37 
-230.73 543.23 
-327.51 280.38 
-466.47 30.35 
-528.54 -224.19 
71.69 313.70 
165.13 -271.95 
225.00 226.87 
195.33 450.20 
204.54 257.89 
-161.88 382.50 
162.16 -148.21 
-107.29 -492.33 
-345.56 109.45 
-314.68 210.29 
-218.40 460.29 
-358.94 -40.79 
339.44 -150.44 
-0.20 358.14 
-391.82 89.69 
548.62 60.92 
303.22 -93.89 
428.36 -187.23 
-405.98 425.33 
293.61 -504.98 
-370.37 460.03 
25.86 -130.89 
-18.34 -522.24 
-218.16 418.24 
449.70 179.43 
-497.54 109.88 
229.34 424.25 
-42.29 203.55 
-454.13 -282.19 
-417.13 141.04 
141.40 88.83 
573.50 -147.77 
-473.81 49.22 
-118.79 -277.86 
70.11 33.26 
103.76 374.24 
299.77 -313.61 
157.54 99.39 
-375.13 -37.72 
336.00 -322.25 
110.02 40.07 
-48.05 -153.07 
-327.90 407.75 
-22.87 283.63 
-159.88 24.86 
346.98 125.69 
179.02 -215.38 
-18.77 -554.62 
393.91 -400.33 
-207.06 -537.74 
