243.87 -536.79 
-380.97 415.79 
295.61 397.03 
-304.96 -203.17 
-243.62 -51.59 
-242.19 111.24 
490.79 -81.77 
-175.22 -143.85 
-503.71 319.81 
16.21 318.45 
 0.97 -483.65 
384.31 50.04 
-343.58 318.87 
-389.26 -149.66 
-350.32 134.52 
65.55 -190.04 
-7.97 486.11 
-137.74 -235.09 
-504.25 47.21 
198.34 361.13 
-250.40 288.65 
-206.08 222.77 
-15.48 -216.13 
384.15 -250.27 
-264.44 -394.16 
-119.22 556.75 
-324.85 109.20 
-399.03 201.61 
 1.24 -465.41 
240.00 288.95 
-419.06 -239.59 
536.57 -34.32 
285.55 281.59 
-95.84 214.15 
-299.25 303.46 
294.92 269.42 
324.06 -44.65 
-177.10 310.39 
-54.01 32.47 
-247.54 -155.43 
331.79 -250.76 
-191.08  2.66 
307.81 398.18 
148.86 50.59 
223.26 -201.72 
-567.33 129.23 
415.61 276.91 
-145.48 -359.13 
180.55 -191.02 
412.02 -401.00 
-71.51 -158.71 
454.24 -285.78 
-189.74 524.64 
345.44 -452.13 
71.95 -9.76 
-458.05 -155.05 
