-157.45 -343.25 
360.04 -405.02 
-354.49 -345.93 
304.82 -192.07 
-200.55 97.98 
-5.99 427.17 
 4.44 277.50 
224.95 533.43 
189.02 -261.26 
69.57 -157.79 
-7.42 598.43 
163.41 80.99 
-393.08 -251.63 
440.25 -44.59 
536.03 -136.80 
-260.39 32.90 
222.35 534.38 
527.32 -283.77 
216.42 -370.71 
-60.95 449.85 
-403.46 -127.94 
-215.20 81.75 
-488.03 -169.52 
-300.55 -160.54 
578.28 -97.56 
126.42 -207.92 
18.43 320.12 
-308.41 103.33 
-138.99 488.08 
-252.61 393.22 
26.41 56.32 
-214.23 518.98 
-4.25 505.71 
-468.48 123.43 
95.59 -109.12 
73.59 410.04 
-99.03 -216.99 
234.42 -258.48 
-57.04 -358.68 
-156.24 238.66 
-282.80 -269.80 
89.94 73.11 
-275.90 259.33 
-280.08 -436.50 
388.46 -241.45 
184.58 -531.49 
 0.13 -391.71 
-335.15 355.39 
-435.73 282.94 
-298.38 -189.78 
202.04 -186.58 
427.56 -192.91 
-402.62 368.00 
-518.60 -70.12 
168.67 -348.66 
41.04 354.69 
