86.39 30.01 
80.65 -108.64 
-304.59 354.38 
-456.30 -177.88 
-437.13 157.08 
397.19 79.68 
-549.02 -166.80 
-5.92 126.05 
309.56 -316.58 
-168.95 -277.68 
427.87 -118.20 
397.23 -361.47 
-232.73 -515.90 
-255.79 -423.55 
-363.40 -291.65 
577.85 20.04 
255.86 126.64 
490.31 -303.45 
68.60 -50.53 
39.34 157.58 
-195.33 -262.98 
-208.29 -294.31 
326.84 -435.41 
36.01 -290.31 
-446.23 -366.27 
-38.36 -591.60 
257.93 -38.84 
-135.23 44.78 
436.44 -171.01 
97.97 292.33 
238.69 -307.91 
-226.64 -510.54 
-437.45 212.84 
315.11 115.35 
369.76 143.43 
135.03 -296.09 
151.36 -192.51 
406.32 -201.78 
-537.42 122.73 
-267.88 -364.90 
76.68 507.00 
-122.97 288.13 
-247.63 -135.95 
323.29 -45.19 
-137.47 218.60 
487.12 337.05 
487.91 -82.38 
-449.31 344.56 
-258.85 -162.75 
135.74 232.32 
-256.37 210.75 
379.32 54.70 
-143.26 381.92 
-164.67 -449.33 
-240.09 -388.66 
-507.04 307.44 
