235.66 -305.29 
60.69 159.71 
-589.36 -111.52 
-595.47 26.82 
317.30 -481.22 
340.57 120.45 
-119.09 -370.03 
136.85 138.73 
127.76 568.58 
-151.27 254.10 
-377.68 221.39 
-40.10 486.59 
-248.59 -241.05 
-377.77 -249.07 
93.53 558.32 
-354.59 25.93 
-78.65 -97.49 
-60.95 369.78 
410.13 -220.45 
-127.43 175.40 
530.90 -31.90 
-212.64 256.01 
-107.70 -157.21 
392.40 124.26 
241.12 160.67 
-499.63 127.56 
-138.74 23.62 
-570.85 -116.77 
-296.28 -201.57 
333.85 429.64 
-178.18 -496.88 
-458.48 116.64 
490.78 -336.25 
-118.91 -227.24 
495.85 -307.19 
305.50 29.97 
-175.78 176.95 
209.68 -228.31 
132.33 -12.40 
507.60 65.41 
120.38 410.72 
-239.11 339.53 
238.98 -223.14 
-247.55 410.02 
-299.03 -481.56 
268.95 -474.96 
-180.22 -350.89 
498.00 33.19 
-135.38 -565.18 
-6.69 -331.28 
-252.63 -152.53 
315.25 372.26 
-229.78 -386.44 
268.74 -431.88 
-146.14 148.25 
356.42 -220.97 
