436.04 -409.32 
434.65 -353.22 
312.37 272.14 
118.27 -581.75 
454.57 -293.45 
-518.31 -169.88 
-587.57 101.04 
-10.22 -501.95 
192.90 -302.71 
176.88 -305.43 
-500.83 263.77 
52.17 565.44 
141.01 131.15 
90.64 -281.50 
-274.38 -69.91 
46.56 303.96 
403.18 -302.90 
-211.84 374.21 
153.63 -236.22 
-411.86 375.10 
-268.82 411.89 
491.14 -54.02 
361.00 117.37 
382.31 363.74 
-10.75 -425.57 
-219.36 -535.55 
420.35 -368.97 
388.33 261.15 
-58.06 256.20 
-74.21 137.12 
403.14 -8.64 
184.78 -425.52 
39.99 -368.02 
-400.63 -282.73 
-388.14 -335.12 
-265.84 -317.96 
34.61 134.80 
249.29 335.41 
-458.25 -49.14 
242.58 -508.84 
-140.29 -106.95 
-435.41 24.37 
-320.69 166.31 
278.59 -309.53 
-157.46 -397.06 
-418.03 -334.33 
-171.85 173.49 
363.09 -259.64 
420.14 339.16 
-3.88 -219.33 
78.66 428.92 
-28.57 292.41 
 0.10 -245.70 
-190.11 172.54 
216.20 -525.29 
235.61 104.98 
