-417.72 381.73 
-363.96 34.48 
 8.87 -110.32 
489.27 -220.29 
493.44 -317.14 
226.13 296.13 
75.11 393.46 
296.88 50.43 
221.54 -382.13 
318.93 268.24 
-259.27 473.91 
-44.77  5.57 
-417.82 61.56 
-239.35 -275.36 
285.75 391.80 
-287.79 -111.69 
-431.62 39.34 
-188.35 260.38 
333.83 445.06 
-15.17 -300.11 
-220.06 -175.64 
110.34 253.20 
404.46 -8.50 
218.80 54.19 
-88.33 -441.27 
-474.75 -228.43 
493.23 -38.11 
-23.40 -368.49 
158.51 549.72 
116.82 102.99 
227.72 -166.67 
-305.01 -154.35 
-51.41 231.32 
-227.98 39.42 
-272.98 -508.23 
-36.96 -508.07 
-129.52 145.74 
-199.93 -282.35 
-87.68 -544.64 
55.95 -576.61 
472.46 116.04 
-185.36 65.02 
-73.82 588.59 
-101.55 -383.33 
144.17 -553.78 
68.93 541.70 
-406.87 123.03 
-350.37 -262.44 
508.32 132.47 
268.35 -512.07 
-252.02 -510.93 
-249.89 -447.23 
-198.95 -114.54 
-247.40 -498.08 
497.82 -186.50 
12.41 535.30 
