-119.34 -214.89 
-123.98 -475.89 
257.72 361.52 
595.29 19.49 
509.65 -17.98 
16.82 -510.70 
544.32 -88.11 
234.64 -55.97 
37.35 -490.83 
-221.54 -299.87 
-58.83 187.60 
235.51 408.70 
-129.22 -198.54 
222.52 -301.53 
505.77 -233.91 
-518.19 41.07 
103.36 -154.12 
-410.59 -120.99 
452.83 -313.70 
30.48 467.92 
158.07 150.39 
335.18 434.45 
-63.29 311.15 
37.65 123.87 
-236.73 -174.18 
-38.77 86.94 
289.95 -430.79 
-189.44 362.96 
217.26 -33.38 
-52.45 -497.24 
-376.12 79.14 
223.17 137.44 
144.79 -17.55 
-102.22 500.65 
-550.56 -232.11 
554.96 -85.96 
81.32 105.46 
453.95 -181.50 
-312.14 172.51 
539.51 226.76 
-272.04 140.68 
570.57 130.10 
71.68 -590.32 
277.61 356.16 
130.52 -386.57 
186.44 190.34 
-291.25 87.47 
-9.51  7.23 
-315.14 61.84 
99.57 261.96 
-544.87 -29.94 
49.89 13.39 
-187.04 -286.01 
-104.78 99.57 
-579.19 -89.47 
153.35 -21.92 
