60.19 443.16 
229.14 79.66 
-127.47 237.74 
-157.52 -91.36 
-417.97 424.98 
-26.65 -1.00 
359.54 352.76 
244.91 -46.61 
150.66 -418.17 
-505.93 -256.37 
-368.24 465.07 
40.48 88.83 
-259.16 340.86 
-118.89 146.21 
133.07 -401.65 
75.40 -317.52 
-484.48 -43.56 
143.43 -89.32 
562.57 -170.30 
-350.56 180.64 
-540.07 -27.65 
291.90 -456.23 
-70.69 -474.42 
117.88 473.65 
131.21 341.67 
341.61 -276.82 
303.35 224.98 
501.46 187.43 
-356.30 222.63 
55.22 462.91 
429.30 242.67 
-203.69 290.12 
466.14 -367.92 
-298.37 -417.07 
95.29 -334.77 
571.92 -99.51 
-52.07 434.70 
-278.69 172.05 
428.74 234.31 
199.92 333.82 
-143.60 327.06 
547.44 -209.46 
-329.24 182.87 
401.86 343.68 
530.05 90.61 
218.29 188.77 
-201.22 -47.50 
110.65 -193.79 
-183.79 -109.88 
-149.67 344.99 
-557.76 -81.35 
 0.96 27.45 
332.42 -461.31 
283.32 64.28 
159.93 -313.36 
129.34 -49.43 
