83.47 -396.87 
-319.93 10.13 
-183.14 -437.32 
339.28 437.97 
-404.48 -213.79 
23.43 487.77 
-42.10 -178.94 
-195.56 -114.13 
461.36 31.71 
209.31 464.58 
369.77 -56.64 
427.28 -289.32 
-319.64 242.09 
544.83 36.58 
-374.63 -366.43 
-33.50 -597.94 
512.59 145.17 
418.28  5.74 
-430.22 210.54 
-289.41 -164.55 
-185.21 90.28 
63.74 219.18 
151.32 374.91 
325.82 -465.90 
289.38 -41.24 
342.08 149.84 
-155.23  9.87 
-395.42 176.76 
-238.11 500.56 
-393.84 98.01 
-241.43 192.34 
-529.23 102.23 
-242.34 426.71 
-370.87 -277.93 
194.61 383.94 
-405.98 23.23 
255.63 -474.63 
45.74 -236.56 
-148.78 -410.95 
-1.90 -107.83 
-11.38 574.14 
-528.32 276.81 
-514.47 67.48 
298.27 -302.99 
182.07 501.58 
-538.22 248.61 
217.87 250.94 
-234.09 -267.93 
482.34 281.02 
-24.71 356.29 
223.15 422.81 
366.01 -74.35 
327.99 -200.34 
-67.90 -460.49 
124.09 -254.57 
55.07 10.28 
