284.40 115.78 
21.62 -583.64 
13.50 93.48 
146.06 -488.18 
-310.23 215.32 
228.06 -126.65 
-242.22 -290.59 
-535.53 111.83 
324.30 -166.49 
-166.72 -52.38 
329.34 218.42 
-385.44 -107.07 
-27.73 529.81 
-132.83 -476.38 
511.52 153.13 
23.08 -400.15 
-107.86 440.63 
51.49 571.39 
-536.22 -216.69 
-56.71 24.10 
-381.59 128.16 
344.47 -200.58 
466.78 -82.39 
-468.88 13.72 
-55.25 -277.23 
-477.74 -262.21 
405.59 319.36 
377.22 267.60 
-139.30 93.72 
-277.65 222.17 
130.02 -96.49 
224.81 -223.26 
-139.65 381.40 
240.15 36.25 
-0.59 -473.75 
27.79 141.32 
-247.93 380.46 
520.70 -262.43 
-224.95 46.37 
-327.84 -242.70 
-30.48 255.97 
-512.47 214.18 
222.73 249.58 
-385.42 301.60 
-497.86 -131.96 
539.89 -243.25 
-8.60 -339.19 
212.21 307.06 
361.17 -151.99 
-48.30 -568.81 
341.26 -63.89 
265.11 -415.03 
330.53 60.00 
548.16 58.80 
280.78 -342.61 
406.67 -146.79 
