-464.78 363.12 
319.90 -413.24 
206.70 -490.47 
-529.83 212.14 
559.20 -23.40 
169.18 -447.56 
238.52 -397.15 
66.34 -235.96 
28.03 -2.81 
-159.91 350.21 
-441.61 341.86 
294.39 -172.59 
-525.15 160.22 
540.44 148.99 
-579.30 103.90 
-140.48 73.73 
62.83 -405.63 
22.52 -582.14 
-143.46 -408.90 
118.85 -121.21 
-69.19 314.40 
-37.05 -151.58 
-336.08 40.77 
175.79 510.86 
-366.52 -209.00 
161.27 198.43 
339.38 416.76 
-417.83 158.52 
-396.17 -155.93 
314.50 261.52 
146.84 -191.56 
146.45 -483.77 
-17.59 -559.07 
-448.71 142.04 
75.33 -290.38 
-329.59 394.13 
495.96 208.17 
553.71 -34.22 
-37.90 279.87 
-345.21 -389.56 
-459.93 -330.63 
89.83 -360.80 
-69.44 273.67 
116.64 305.06 
-172.68 42.97 
-316.53 -287.66 
44.09 589.29 
-206.51 -10.73 
-245.01 396.30 
-170.08 160.88 
158.66 432.21 
-390.59 240.73 
289.36 -433.53 
-160.78 -572.59 
-351.70 -244.74 
319.20 328.73 
