-9.40 277.54 
-246.02 275.39 
-113.05 -296.07 
420.49 -395.08 
-16.39 256.78 
173.16 263.62 
-390.44 -449.86 
474.05 214.51 
-77.80 -39.86 
-391.42 -251.45 
-144.30 345.67 
-427.72 -398.34 
362.46 308.45 
219.95 64.45 
-482.27 75.88 
-37.77 466.32 
-500.68 -182.63 
497.43 -266.41 
-213.67 456.85 
56.49 -221.54 
-294.09 347.13 
27.20 -378.51 
-309.23 257.79 
-90.06 384.59 
-274.19 -173.00 
-268.12 -344.44 
133.54 -460.27 
-376.60 141.73 
266.06 -170.33 
-260.32 425.97 
164.45 -234.58 
279.85 397.09 
-255.97 -287.42 
320.96 461.19 
-193.49 -561.42 
371.77 399.38 
371.23 328.69 
518.21 12.27 
307.97 153.25 
36.15 -446.02 
-276.82 395.49 
-443.60 -323.60 
-49.09 -222.63 
184.55 -128.74 
152.41 152.27 
-64.73 333.83 
-340.91 -221.54 
94.91 -140.79 
-33.25 -23.68 
-289.33 145.20 
-526.03 -0.75 
251.29 510.66 
-353.36 -158.34 
125.58 -48.89 
372.45 467.53 
12.71 -431.82 
