180.39 -40.48 
151.94 247.34 
208.55 156.00 
-126.55 295.75 
184.19 -351.82 
311.84 330.04 
446.60  0.64 
388.60 -280.25 
-459.61 328.29 
-410.29 -216.09 
-420.74 -323.25 
121.30 306.35 
-285.71 -263.37 
-9.05 -592.20 
-370.73 393.86 
-407.74 384.50 
481.22 274.73 
345.75 283.59 
-25.02 -70.69 
280.71 468.09 
206.28 45.67 
229.99 96.44 
313.19 -378.81 
-81.69 -391.19 
-111.33 -84.99 
-182.99 402.27 
71.06 -88.93 
56.07 -514.03 
235.93 -97.62 
-336.47 -494.69 
-344.09 55.78 
70.32 575.88 
-186.16 484.33 
-91.88 282.54 
-417.80 138.30 
-245.11 241.37 
94.53 -393.42 
-419.26 -402.41 
260.22 98.75 
251.12 -20.18 
-123.36 -69.15 
-169.75 171.45 
375.06 -62.18 
-389.79 24.10 
-270.66 -265.48 
140.22 471.55 
-24.29 -510.66 
-543.85 -65.16 
-55.56 -5.87 
-72.14 -86.31 
-116.87 -489.29 
299.66 -268.35 
-464.22 262.20 
-70.85 375.09 
63.88 -423.78 
-477.78 292.98 
