-138.85 560.48 
593.60 -82.16 
197.17 539.34 
-158.08 459.20 
-149.46 376.89 
-455.09 106.54 
-66.60 -7.64 
202.52 401.75 
211.84 473.97 
-107.32 223.86 
-338.55 -458.52 
-269.13 -237.18 
50.40 180.76 
266.90 397.12 
-151.71 -129.00 
-315.03 -289.46 
299.36 -479.26 
-80.73 374.64 
188.14 163.31 
-388.27 -242.01 
-34.20 -283.42 
-66.90 475.67 
261.29 160.51 
-197.43 128.88 
186.31 469.60 
-400.54 60.22 
406.86 -266.58 
477.10 169.42 
180.47 -110.68 
-148.00 -40.47 
299.35 -387.49 
-294.04 28.97 
-207.73 358.34 
-181.97 255.33 
146.57 -65.28 
520.92 -9.07 
-210.37 91.14 
-191.13 275.11 
-343.67 -375.88 
120.91 -374.32 
-271.69 349.68 
79.58 -414.27 
-63.03 -339.67 
479.68 -25.06 
-115.87 -153.93 
-22.92 -480.78 
-91.26 -188.69 
-161.79 -407.77 
-572.43 -95.88 
-505.18 -147.41 
199.97 -292.06 
-387.42 -22.55 
95.78 -30.70 
-396.23 435.56 
282.21 -214.71 
353.52 334.01 
