329.59 375.69 
276.87 354.10 
-105.17 65.89 
-282.54 -334.43 
552.46 -95.17 
353.61 311.92 
222.66 -113.10 
-182.81 -260.95 
-263.83 -104.62 
-31.63 -120.74 
170.54 466.88 
-142.21 537.40 
336.17 -465.68 
158.52 -161.12 
210.89 402.18 
 8.23 252.50 
247.03 -130.93 
193.65 -66.88 
-581.96  2.23 
291.43 63.87 
116.06 -418.40 
-219.35 413.57 
-248.74 375.71 
217.83 200.02 
521.82 -159.07 
86.97 277.67 
-21.49 -182.26 
163.51 132.59 
-399.67  2.50 
-57.72 172.32 
405.59 -156.84 
163.93 -396.94 
134.14 338.66 
266.29 422.48 
71.67 25.90 
-64.67 138.81 
-24.83 166.53 
174.11 -288.05 
-64.14 477.39 
63.40 -85.30 
-207.46 98.73 
-250.84 -116.78 
251.29 107.30 
-241.70 -168.72 
-202.76 -370.94 
-273.39 411.98 
117.90 -468.63 
13.82 287.25 
-462.49 -143.83 
169.43 -346.14 
121.81 -247.60 
-457.70 220.51 
-542.12 -7.86 
-169.36 -176.58 
290.06 -493.34 
134.54 -204.79 
