-490.29 -242.09 
320.41 -387.18 
62.06 123.26 
-322.06 -244.98 
-383.22 272.47 
-564.73 84.46 
-141.47 43.33 
451.22 -370.18 
-374.23 -79.27 
-514.43 -70.41 
59.55 501.59 
-577.80 158.24 
-97.97 -266.59 
569.21 -63.08 
-532.07 212.99 
54.50 203.43 
446.80 -395.86 
-271.95 515.80 
-224.04 -301.04 
318.42 -348.92 
55.40 -525.07 
316.23 -355.56 
-395.52 -86.76 
217.29 510.89 
425.34 314.83 
44.52 371.06 
-211.32 -228.35 
197.21 -453.50 
489.50 288.03 
492.48 -146.89 
245.38 -64.12 
-430.11 -215.94 
245.25 -129.07 
-225.28 -157.80 
-183.60 -203.09 
-134.38 290.15 
-310.50 14.41 
-471.76 258.34 
324.07 70.33 
147.23 185.70 
-354.95 173.69 
311.66 80.34 
-238.28 -319.38 
405.53 378.13 
-300.34 42.67 
382.91 154.72 
128.38 193.24 
-177.34 482.43 
-184.26 20.48 
352.85 418.91 
340.33 -320.97 
36.06 445.24 
194.73 -541.10 
-386.61 131.23 
297.03 464.77 
-397.60 -338.18 
