-373.99 -102.49 
336.44 392.74 
-338.40 151.12 
110.81 -471.23 
-391.67 135.81 
253.24 200.69 
495.98 -213.76 
172.90 356.73 
407.15 -83.87 
-43.88 -551.38 
-159.35 165.70 
179.59 -163.33 
205.71 278.85 
-420.91 -320.88 
38.76 -132.78 
116.86 -29.48 
-114.52 -481.96 
-465.69 -253.33 
-539.91 -53.84 
-76.16 547.30 
432.85 96.03 
358.15 -254.36 
-379.82 -109.64 
446.71 -103.47 
-181.07 -92.27 
-308.90 -377.29 
535.03 -73.10 
273.14 438.10 
64.56 57.25 
403.59 104.99 
-236.81 128.30 
352.01 188.12 
-369.95 -454.78 
-137.35 -444.19 
397.97 95.47 
-22.94 240.75 
132.51 571.35 
434.62 235.89 
-138.67 247.10 
59.56 280.08 
-126.57 -252.87 
 2.60 413.77 
25.17 436.83 
520.71 180.43 
-517.92 -127.62 
-405.69 172.59 
-142.30 -187.54 
-552.38  6.00 
425.97 -386.71 
 3.98 455.56 
64.43 -55.64 
394.62 -417.23 
-291.46 -325.70 
459.43 349.46 
-403.34 436.02 
-138.01 373.02 
