433.09 -352.18 
-525.16 168.79 
224.73 -536.30 
-421.11 205.31 
-355.72 224.05 
-251.60 530.78 
-308.51 -160.34 
-172.75 101.15 
149.60 -239.89 
 5.84 343.60 
376.22 446.67 
-561.18 -151.77 
-469.20 -229.59 
119.89 398.83 
224.12 67.25 
401.82 364.40 
-431.74 -257.79 
-520.41 229.73 
446.00 255.26 
-431.26 282.70 
85.57 -51.39 
-144.08 -545.84 
-441.68 43.10 
-36.21 330.49 
10.30 -550.44 
541.36 50.50 
-509.42 -29.88 
-0.69 47.70 
328.05 35.17 
-314.97 -413.72 
29.32 -10.45 
178.43 -76.55 
-26.02 -78.74 
242.86 472.42 
-175.29 -274.07 
-242.61 -302.39 
387.23 -368.00 
-6.80 313.06 
20.26 -135.45 
-218.01 430.05 
-19.53 -101.52 
-16.03 -294.30 
-409.54 -190.94 
110.87 -413.89 
-151.62 470.73 
86.74 60.81 
-136.17 -505.04 
375.99 42.03 
-82.47 -78.59 
-468.11 -84.54 
299.09 -343.91 
-16.98 -516.71 
-188.34 -233.49 
290.94 -386.56 
-298.29 345.27 
452.52 321.49 
