200.62 -340.16 
-372.55 431.24 
261.84 -142.89 
-551.77 -180.95 
-453.23 291.00 
82.22 -64.93 
-231.19 515.89 
179.42 -418.47 
318.48 -80.99 
146.01 315.27 
465.66 -187.93 
163.83 206.43 
41.40 472.72 
480.04 -197.20 
563.49 -53.52 
-370.00 -69.57 
177.16 356.12 
-130.22 310.11 
-265.61 148.32 
-107.92 95.52 
179.76 350.19 
532.49 -147.12 
311.14 173.33 
-12.50 418.99 
-331.39 340.62 
-399.57 -16.05 
-552.66 203.68 
-254.67 240.99 
-364.60 -238.36 
116.03 437.62 
-204.99 243.73 
-499.72 -200.71 
218.27 -22.01 
479.27 -331.21 
-272.57 -370.12 
-226.67 553.37 
425.81  4.29 
507.68 280.93 
298.00 -446.86 
 1.60 -91.42 
117.14 -554.15 
63.68 497.30 
516.98 -52.98 
84.79 513.78 
-169.74 -44.55 
127.18 502.19 
14.61 -413.41 
412.72 243.80 
110.85 35.67 
156.50 -220.60 
231.30 -327.01 
-245.94 -429.04 
172.18 -319.23 
-400.52 39.60 
33.67 -40.86 
341.55 -468.21 
