214.85 298.58 
264.08 273.01 
-86.90 576.88 
45.41 245.52 
-25.51 316.90 
66.18 -390.62 
-433.64 287.24 
278.11 166.25 
-220.62 515.13 
293.46 389.60 
319.20 255.59 
103.29 -572.34 
-130.34 293.05 
-168.23 471.43 
-368.42 111.01 
-198.20 -561.80 
103.80 309.32 
444.27 -236.53 
-142.14 -84.31 
435.54 -17.65 
319.40 -370.86 
-333.69 -80.23 
-39.07 572.93 
-144.86 -266.16 
583.46 56.68 
-17.31 109.81 
105.24 182.65 
-65.19 34.70 
171.43 131.85 
-346.79 -6.17 
342.72 184.59 
-527.13 97.93 
84.67 537.62 
-437.76 330.37 
-409.95 92.40 
447.97 331.38 
-202.99 407.73 
334.70 -331.19 
-148.56 -153.04 
207.72 182.78 
-552.84 -167.10 
400.14 -391.21 
497.53 -80.12 
211.14 -114.70 
420.89 247.65 
-312.15 112.00 
-159.05 -16.68 
-250.28 19.60 
-109.73 161.28 
-245.55 -179.89 
164.30 353.30 
352.26 -382.16 
181.64 -489.41 
-569.19 175.38 
319.21 77.79 
-420.89 -61.87 
