569.45 -75.16 
20.19 -58.57 
18.88 460.70 
-267.46 340.55 
-489.66 -257.79 
-130.09 -286.85 
-50.08 -512.98 
102.55 -98.18 
323.14 -123.89 
-275.73 -213.04 
152.93 -154.20 
217.36 73.54 
-309.38 -319.98 
22.99 -519.06 
-527.71 -248.75 
531.34 -267.62 
-305.37 -74.10 
-1.64 533.45 
-25.20 489.03 
107.36 405.03 
-570.84 -180.75 
-202.02 211.24 
327.76 287.44 
42.85 212.51 
216.98 22.77 
106.93 582.45 
-563.99 -19.13 
-231.22 191.35 
-19.40 375.94 
466.43 -112.50 
-350.87 -47.58 
-222.20 502.40 
-462.18 -336.18 
-93.50 74.60 
118.63 -46.50 
64.70 -298.84 
220.98 140.18 
408.32 171.05 
-530.24 131.88 
96.70 -553.84 
-439.59 101.74 
-139.59 -215.15 
-508.64 -171.26 
120.47 -67.46 
-198.73 47.66 
316.49 -370.76 
29.62 -588.79 
-153.72 386.40 
439.95 288.29 
-61.31 32.13 
148.84 -346.61 
-4.65 351.06 
410.57 -220.14 
-136.58 -160.19 
-411.51 293.41 
90.90 -277.65 
