474.04 143.77 
-452.26 71.28 
-403.33 209.26 
308.31 33.00 
30.83 -408.45 
101.69 119.04 
-20.40 -506.13 
120.03 -264.99 
-420.11 143.45 
-243.96 456.11 
-236.09 -301.34 
-234.51 -297.45 
282.04 28.51 
387.98 -338.26 
219.62 24.18 
-334.72 365.83 
225.41 -53.05 
143.06 513.25 
111.84 230.24 
333.15 52.10 
206.76 18.02 
309.69 -313.36 
-212.78 -212.47 
137.84 39.37 
279.91 -72.81 
-33.56 -498.18 
334.11 -430.98 
-323.27 -267.97 
92.20 -424.12 
-152.75 -289.98 
176.85 88.05 
272.44 219.78 
-237.33 -431.25 
-159.50 -531.62 
347.14 446.06 
215.45 246.04 
556.15 -74.50 
40.84 -405.81 
-178.39 -181.21 
314.98 83.21 
127.57 -384.65 
73.12 -506.18 
69.51 591.14 
-499.31 124.66 
178.98 309.32 
49.85 486.79 
-552.85 -230.76 
208.99 -421.16 
-107.19 -8.48 
213.87 247.57 
-462.13 111.71 
-16.37 69.68 
-578.15 -0.02 
-91.41 223.90 
99.50 -221.82 
503.97 296.95 
