-116.99 328.97 
-310.80 447.65 
382.35 390.75 
169.22 488.69 
18.76 -295.28 
317.06 -68.88 
158.97 238.53 
174.98 433.59 
292.78 289.84 
-329.88 420.02 
-491.78 -131.77 
-346.44 -205.82 
-235.73 376.58 
-136.46 -33.93 
91.92 282.29 
-107.85 -462.52 
-406.02 -128.43 
-189.11 -416.23 
-14.57 -224.61 
-210.63 361.85 
116.82 -242.17 
-495.56 -254.86 
190.51 554.72 
302.44 416.84 
-160.84 504.21 
349.54 272.06 
-180.88 77.26 
346.51 -394.02 
-100.02 -92.00 
-141.84 -393.10 
180.72 -568.54 
-494.08  3.65 
265.15 -90.99 
106.95 237.95 
347.27 312.59 
106.83 284.30 
-501.92 58.93 
367.42 277.35 
-207.55 -291.19 
110.12 428.37 
-25.49 -435.70 
252.86 -403.36 
58.60 34.16 
-207.38 254.27 
-576.13 -56.16 
-347.20 -330.36 
309.48 322.66 
-87.12 -31.31 
164.78 -500.03 
281.83 -507.55 
391.74 -405.85 
-36.83 -528.87 
-338.80 -146.57 
-418.98 -259.05 
-132.56 56.80 
303.80 -313.94 
