345.18 298.74 
444.30 115.50 
-132.93 -260.73 
424.29 274.67 
-153.87 294.95 
329.40 138.37 
44.25  6.59 
 7.86 -363.84 
-234.28 398.21 
-228.51 426.25 
-102.52 -416.67 
53.95 504.58 
-214.43 211.76 
247.52 -514.71 
-493.33 -136.79 
582.45 -109.75 
306.28 -423.27 
-32.14 137.47 
461.04 -44.58 
100.58 133.86 
464.12 24.93 
-279.07 -315.21 
402.06 209.95 
-49.92 371.32 
-248.31 -207.54 
-18.57 563.64 
121.62 -524.21 
-446.25 121.39 
255.80 -256.84 
-94.96 -306.30 
98.03 -71.76 
-378.34 -432.69 
-241.15 -131.04 
-80.83 -435.51 
532.55 143.23 
-305.93 254.96 
-90.20 -133.75 
342.55 205.03 
257.06 -129.29 
-270.95 -421.56 
141.15 119.91 
88.64 439.55 
-283.29 166.98 
323.94 33.82 
-328.40 -383.25 
321.92 106.31 
-596.34 -7.90 
-43.17 -520.41 
-46.81 -285.02 
208.83 170.61 
103.03 -405.08 
-255.64 231.83 
-65.25 -102.52 
-83.62 441.13 
-364.67 -184.44 
419.84 406.44 
