-256.39 228.49 
-329.29 317.10 
15.77 545.04 
522.44 -225.04 
105.89 -351.24 
-264.49 -36.17 
132.67 -487.76 
-236.23 -222.05 
300.65 409.97 
-473.99 133.61 
245.68 -274.09 
-502.94 -123.19 
337.21 -358.63 
90.22 542.16 
-583.35  0.55 
48.59 -39.86 
44.05 236.26 
-173.49 -331.89 
-370.17 275.10 
-93.70 365.82 
391.96 -151.58 
205.42 133.02 
-72.19 -227.78 
596.09 -21.08 
368.74 231.22 
-69.99 336.08 
123.65 -415.54 
-57.32 581.55 
174.78 290.40 
-203.46 428.66 
427.14 78.19 
225.27 -498.67 
410.56 353.65 
-165.50 -396.43 
-311.71 -454.38 
174.83 -338.92 
-201.87 469.03 
320.47 39.94 
329.69 -347.87 
-565.76 118.91 
158.92 157.36 
32.89 75.52 
-65.50 320.70 
-358.02 102.44 
56.46 34.59 
306.03 -239.26 
-161.66 -176.00 
-442.88 -136.84 
-133.87 88.27 
-344.77 -218.86 
250.86 353.34 
-507.22 63.55 
19.58 -312.62 
192.01 -533.71 
-371.70 393.68 
-80.20 186.55 
