-564.39 13.39 
239.33 418.39 
-22.31 -421.25 
566.79 51.66 
594.51 54.11 
-188.76 431.79 
-437.93 -375.51 
-529.37 11.29 
346.40 -268.74 
-222.80 220.09 
106.37 89.82 
131.26 320.04 
-90.70 -127.38 
-416.48 -316.76 
-233.32 305.87 
148.18 341.73 
212.90 -421.39 
-259.39 226.08 
-351.72 -240.11 
-134.27 476.20 
224.26 -359.48 
-172.45 -574.43 
-290.55 -204.95 
-208.71 -405.05 
-551.06 136.45 
-167.70 346.60 
-116.84 -367.61 
232.33 266.67 
-528.23 164.84 
-410.31 181.23 
291.19 -94.39 
-407.88 -154.74 
-505.07 -1.29 
468.52 -74.41 
402.20 368.02 
-267.39 194.83 
457.42 137.53 
-217.33 434.12 
450.65 -90.82 
59.74 -367.73 
290.84 141.73 
-233.99 -199.83 
-344.79 -261.02 
340.12 118.86 
-309.73 71.54 
-129.38 153.64 
19.95 240.89 
-569.93 162.15 
381.74 88.18 
-194.35 -308.06 
20.95 481.91 
-239.57 -241.89 
159.52 -393.81 
-422.74 -363.11 
36.83 -83.75 
-262.07 -273.93 
