206.05 -502.78 
-273.43 274.10 
-214.23 545.20 
-70.03 -404.50 
165.99 368.50 
58.89 -458.96 
-488.35 -209.63 
-346.50 179.66 
542.63 -172.54 
139.19 383.73 
-20.52 -538.27 
567.20 104.04 
-271.27 -221.57 
-423.88 -194.29 
323.86 169.14 
14.63 -242.77 
-344.32 120.79 
336.70 -364.07 
142.99 41.97 
-65.56 472.69 
-373.13 -337.14 
-11.35 -276.88 
-182.42 65.06 
 0.72 267.82 
28.94 39.58 
-270.57 522.21 
10.75 311.89 
55.39 -58.62 
588.39 -20.72 
-269.11 49.02 
173.10 110.48 
203.43 180.72 
-67.19 -215.13 
317.95 334.10 
204.39 -531.31 
-400.31 341.47 
241.01 -475.92 
458.20 233.61 
-7.18 -66.14 
-437.64 280.04 
-141.18 -169.01 
-72.14 -372.53 
68.58 312.81 
96.34 -101.97 
-56.23 304.59 
92.68 348.95 
328.10 502.01 
144.57 -563.13 
203.89 -208.50 
-500.19 -131.70 
483.29 -329.11 
431.01 188.20 
86.65 -382.48 
57.14 -33.39 
-227.27 307.08 
261.82 522.33 
