-398.32 -337.39 
-362.44 -189.47 
-322.60 318.83 
152.23 155.07 
297.77 -225.01 
430.58 51.87 
144.59 105.71 
-161.90 516.28 
-376.28 -239.44 
247.60 -185.35 
-320.43 34.36 
-197.39 -500.05 
112.54 -8.75 
-330.23 55.90 
427.91 207.27 
343.97 -133.58 
-8.57 360.41 
-272.23 -347.80 
256.86 209.60 
-464.08 -207.37 
31.88 -35.30 
97.06 82.19 
119.91 -122.27 
439.96 -383.44 
484.66 230.56 
-399.86 -153.31 
-182.76 151.73 
226.82 241.34 
-418.52 212.07 
300.33 115.17 
-326.92 482.53 
-96.28 -373.33 
544.12 185.34 
-514.49 200.14 
-158.45 -60.92 
143.03 109.64 
-179.73 -305.37 
238.68 -491.54 
255.45 -352.37 
-268.23 427.63 
533.02 -54.70 
393.05 60.30 
-110.50 -141.23 
-432.10 -83.48 
-194.42 -179.80 
286.68 226.18 
144.53 241.66 
-152.10 47.22 
432.74 81.31 
-6.36 -29.87 
-373.84 -114.38 
-412.44 -323.98 
-199.38 -241.99 
-166.87  7.69 
-18.24 -218.27 
10.18 -270.24 
