-290.58 -154.91 
199.91 -361.07 
324.75 466.10 
69.88 294.84 
-128.63 -128.51 
24.13 -367.35 
-128.53 -171.38 
359.92 -274.77 
-108.72 382.60 
53.60 51.11 
-93.53 167.19 
118.11 22.40 
18.33 286.09 
141.99 96.93 
-352.02 147.38 
248.26 -251.36 
256.46 274.69 
354.12 -314.24 
-87.48 176.33 
247.67 -83.61 
457.61 145.03 
344.62 260.68 
-155.03 211.02 
114.86 358.65 
205.97 439.60 
91.62 -141.49 
-249.03 -365.11 
-15.40 119.63 
-264.59 244.84 
298.69 273.74 
310.16 475.30 
-67.84 175.03 
-61.57 -352.90 
182.75 -73.97 
-212.45 -377.67 
-212.73 376.77 
-149.93 -111.02 
-38.28 -84.94 
-120.01 83.09 
-287.76 -132.24 
-576.28 -54.87 
567.60 116.39 
73.16 -310.07 
58.26 -323.84 
385.58 245.79 
135.31 238.94 
161.90 -198.21 
529.70  6.83 
-231.25 55.01 
-475.00 170.96 
157.56 213.04 
-107.08 -534.69 
-268.20 -194.68 
-36.69 282.73 
-324.60 474.03 
406.10 -413.13 
