316.18 -279.31 
286.40 323.19 
-109.24 348.65 
-316.50 -245.60 
-297.02 448.52 
-55.30 578.53 
-426.78 334.07 
-574.51 57.37 
514.84 -137.23 
 4.29 389.12 
-323.54 155.38 
-26.77 291.29 
45.33 536.06 
465.87 372.24 
-17.09 282.14 
-202.33 413.38 
92.20 322.87 
206.19 138.79 
-112.22 374.28 
139.65 -369.63 
-105.26 544.93 
-152.01  5.46 
552.23  7.17 
-415.09 -329.74 
116.70 -350.96 
-195.24 -401.80 
-138.22 362.10 
406.06 309.39 
437.06 303.57 
-350.85 367.56 
-578.34 -125.47 
-550.42 181.34 
-76.74 48.09 
-420.81 -348.24 
482.57 -314.54 
-302.99 -139.40 
-440.87 -111.08 
-345.58 479.57 
-59.16 311.01 
-327.69 -289.46 
-497.87 -54.16 
166.16 472.20 
182.32 173.87 
413.26 290.51 
79.21 278.09 
55.05 508.01 
-334.74 221.85 
-437.57 344.95 
263.88 239.15 
-182.51 128.74 
-357.71 66.65 
280.29 -286.44 
-72.65 144.77 
-100.68 54.13 
-210.37 99.24 
-269.20 396.09 
