-110.44 62.74 
335.90 -187.91 
98.34 -583.36 
462.53 73.54 
-383.24 459.87 
243.31 -288.98 
-330.39 -490.58 
350.83 -226.39 
-370.16 199.75 
-25.22 135.93 
-154.75 -528.21 
439.52 142.34 
533.94 -31.62 
-183.12 -498.92 
-268.94 202.59 
562.00 -52.62 
-319.69 286.54 
-340.22 338.61 
43.18 228.89 
355.96 42.88 
134.23 -141.93 
93.90 314.16 
-195.99 470.48 
301.07 -476.66 
365.82 177.78 
-48.34 -247.99 
159.68 542.81 
-340.20 376.29 
-319.41 -136.85 
-215.99 424.25 
 7.36 523.38 
-346.27 -119.70 
162.25 39.00 
383.98 326.17 
202.41 -332.16 
-133.94 182.18 
218.29 -307.07 
-71.58 390.99 
284.68 15.68 
-507.84 -253.72 
-181.68 416.18 
-173.43 -140.26 
-525.08 -51.08 
259.43 -314.24 
-481.05 -338.38 
473.13 -71.92 
196.77 -38.49 
-296.62 66.74 
-155.04  0.93 
-367.76 466.96 
202.27 266.90 
309.62 219.52 
196.13 60.95 
-118.72 420.89 
563.08 182.79 
-97.36 -14.86 
