-386.05 417.55 
-118.44 303.93 
-372.49 -299.74 
-233.42 -141.79 
22.99 -101.77 
-315.20 215.98 
360.11 -113.24 
-75.61 -574.09 
132.42 -583.79 
-160.93 164.57 
62.73 -65.20 
-284.93 246.01 
-398.37 58.10 
-48.32 111.16 
-232.15 139.45 
434.03 -146.27 
-131.62 131.42 
-64.27 86.66 
-110.09 -2.06 
-340.31 -170.84 
-279.15 361.97 
-122.34 352.39 
213.24 308.47 
121.86 -329.68 
-153.04 -472.08 
-240.42 -179.80 
208.05 -178.39 
-150.17 252.72 
223.16 -301.39 
265.09 384.19 
-181.34 -569.02 
-353.04 301.37 
530.26 -230.91 
-370.24 400.38 
-351.43 150.75 
-108.58 -384.78 
-169.94 -331.89 
391.04 226.53 
247.77 -228.07 
-208.13 -136.26 
120.60 -581.50 
-223.42 -140.14 
-149.68 28.17 
357.10 -58.18 
-389.55 245.07 
-410.50 38.43 
296.21 -237.43 
116.80 -16.96 
60.66 -472.80 
-457.88 -248.07 
-547.44 42.96 
321.87 -90.72 
-565.67 -19.07 
-335.38 -107.14 
-0.36 -547.83 
-563.78 109.68 
