77.60 204.02 
297.03 -192.70 
376.12 -89.36 
-367.32 230.43 
55.38 44.52 
-176.14 51.94 
-395.99 -206.85 
108.73 -403.45 
305.36 -318.41 
-17.09 -506.75 
169.73 -201.49 
241.07 -292.02 
-184.61 -229.59 
134.89 140.81 
119.54 336.62 
25.40 -564.06 
128.02 70.31 
-141.21 424.95 
-286.48 -259.50 
198.22 -431.88 
-362.33 365.75 
-394.45 21.08 
-460.11 -154.98 
-25.49 -197.04 
-230.08 -113.52 
245.12 35.13 
385.65 210.48 
-403.27 -317.34 
464.13 177.41 
100.48 432.14 
-161.46 286.29 
-141.49 -578.77 
-323.34 -25.10 
421.52 277.10 
451.36 383.22 
568.92 120.19 
54.04 272.77 
434.68 -366.36 
-192.51 318.87 
-461.24 215.30 
451.69 114.70 
51.60 -372.77 
-237.09 208.43 
-255.06 -150.11 
372.73 -222.83 
169.73 -421.18 
194.27 -49.00 
-544.13 152.68 
65.14 415.70 
-355.28 -311.83 
-471.33 -135.54 
-344.09 45.52 
262.15 -274.92 
-374.36 -394.09 
71.46 22.64 
100.11 317.74 
