436.83 70.35 
173.26 110.24 
-180.48 -213.92 
-150.46 366.88 
118.16 -117.50 
-559.64 -159.50 
-183.27 -70.78 
346.61 250.00 
-344.45 -274.74 
-323.29 -398.74 
37.49 191.57 
-48.34 -301.19 
-441.17 345.44 
343.64 167.12 
78.53 144.49 
-271.76 222.85 
-253.97 332.89 
361.33 294.78 
279.95 -245.42 
-49.42 118.06 
12.07 -480.16 
67.43 357.37 
68.50 -178.62 
-375.01 -404.31 
-460.53 207.80 
288.05 -489.14 
114.15 84.70 
-43.62 360.67 
49.69 -499.08 
-72.17 -554.32 
251.46 506.31 
572.56 -108.39 
537.76 123.12 
327.80 22.54 
-381.98 -300.25 
91.48 413.66 
-466.31 -110.67 
207.93 309.90 
-201.32 -13.81 
-9.43 593.53 
-22.06 202.50 
297.68 167.06 
290.14 29.85 
123.79 -39.51 
-507.08 -150.08 
-103.69 -435.03 
131.68 -142.34 
-94.70 -290.32 
-482.29 332.98 
392.61 47.33 
187.12 -474.22 
358.46 175.41 
503.29 317.37 
516.11 -53.35 
169.32 -536.18 
-414.01 77.88 
