-357.07 -277.74 
121.99 -352.98 
374.81 102.89 
-240.11 -110.29 
-318.95 -402.61 
436.19 -315.42 
-248.15 43.54 
364.93 425.28 
 1.36 559.64 
-146.87 334.62 
94.36 -569.13 
-531.13 -170.98 
304.60 -133.73 
-477.80 -81.33 
320.41 326.66 
-390.17 282.53 
-124.60 -370.81 
-60.18 -33.77 
164.39 -558.85 
 9.83 -564.74 
-391.72 -449.24 
-303.04 -304.08 
-169.32 -340.28 
-311.61 34.33 
478.37 70.79 
28.46 443.67 
169.69 33.14 
-459.70 67.36 
-9.92 -421.54 
-268.04 -104.02 
563.90 190.71 
-479.55 299.55 
-468.05 334.74 
-380.99 -428.07 
-152.83 229.32 
-219.67 465.57 
456.93 -248.72 
569.62 61.33 
466.15 -332.35 
-193.12 -430.03 
524.76 217.57 
538.07 87.76 
-198.70 -563.21 
23.62 354.17 
-292.88 -238.44 
-199.92 -350.09 
-267.20 89.83 
-25.56 404.46 
-211.27 -189.81 
-214.70 -479.15 
-188.86 -503.80 
-472.43 50.41 
-446.43 -197.20 
-235.32 -529.05 
-16.41 -89.53 
-67.59 25.75 
