-293.67 -405.71 
139.47 44.60 
130.52 -557.02 
-267.33 -258.65 
-70.29 26.92 
 9.95 449.13 
36.54 -118.60 
-461.16 121.97 
340.48 424.19 
-70.59 -221.86 
-201.82 284.80 
161.36 -312.13 
-154.53 -190.73 
193.92 293.62 
-434.77 -198.44 
438.90 365.30 
-513.80 254.90 
-67.67 333.53 
166.34 472.43 
317.74 -80.46 
-483.82 171.52 
92.69 109.81 
-194.89 501.65 
433.64 374.53 
-302.51 -512.37 
-419.69 -350.86 
-360.08 -278.21 
330.99 -476.63 
-389.43 236.30 
356.28 -3.27 
489.26 274.64 
308.70 40.74 
294.93 230.79 
-273.48  0.33 
-226.45 63.22 
161.37 362.97 
-338.21 121.80 
178.74 -524.52 
68.82 126.67 
-125.49 -391.42 
-205.49 -502.80 
-560.08  0.37 
-200.12 440.60 
-208.74 175.26 
235.66 124.54 
-476.60 -170.69 
-107.82 151.97 
-77.68 -65.85 
475.80 75.18 
-471.44 -66.81 
173.84 -150.84 
-156.85 367.41 
298.22 408.92 
 8.10 -129.22 
-313.28 -14.08 
416.62 -112.33 
