-386.43 -415.97 
266.56 -223.44 
-216.40 381.71 
101.43 -26.04 
124.81 -545.49 
-408.25 -250.52 
104.09 -225.36 
45.09 -265.76 
-144.46 -1.35 
422.97 201.66 
136.22 -323.61 
-10.25 76.09 
-49.68 521.52 
 2.04 -505.12 
-139.29 -171.81 
453.53 -3.50 
430.75 -144.25 
238.62 -374.17 
239.98 393.01 
477.05 -74.68 
378.54 -302.35 
76.91  4.61 
271.99 -141.74 
116.28 -216.92 
81.98 383.45 
400.46 -303.87 
-333.30 -432.14 
-54.68 -363.00 
306.24 -112.50 
107.17 316.54 
-86.58 71.41 
-243.09 -88.91 
375.94 106.88 
-327.56 -108.95 
10.93 560.56 
-207.48 464.37 
292.92 -45.00 
440.06 -200.06 
241.27 -216.22 
115.43 371.30 
254.87 -445.29 
76.13 -334.22 
123.15 -314.74 
-261.83 469.25 
-66.24 -145.63 
-246.67 -193.27 
-221.56 -528.38 
-224.65 -181.02 
199.21 496.09 
36.23 86.29 
-370.68 -104.15 
-248.53 -455.66 
421.45 418.82 
-27.73 352.66 
98.07 559.83 
-301.50 220.30 
