483.32 141.46 
96.58 -585.92 
175.08 -166.00 
 5.11 -365.72 
-585.50 81.67 
42.90 98.54 
328.13 339.44 
274.20 283.31 
-317.00 437.30 
301.50 -202.92 
-27.90 520.73 
444.84 255.31 
-120.89 -306.21 
-152.69 -322.53 
-47.76 -501.63 
-323.06 392.44 
-442.58 -337.70 
-204.95 -443.76 
-134.12 398.73 
-404.67 201.19 
-81.91 -488.26 
-345.27 382.58 
337.96 -182.62 
-537.90 154.07 
104.67 -578.71 
-11.21 214.68 
-375.75 -145.71 
-94.75 507.62 
388.91 365.48 
-340.98 -360.10 
-304.31 187.20 
152.07 49.82 
-92.30 -31.23 
-108.00 -47.99 
-165.83 -333.52 
93.07 -197.69 
-205.03 560.74 
-260.42 272.19 
-368.01 140.26 
11.92 -305.96 
-359.82 -17.18 
15.74 -106.31 
170.16 -392.62 
108.02 536.09 
162.43 -22.90 
394.28 -212.37 
199.78 -247.18 
-252.94 163.22 
-118.96 -449.66 
-240.76 -238.81 
-457.53 175.06 
108.77 -235.68 
257.05 -290.15 
213.56 -558.43 
-186.92 -140.05 
193.24 475.22 
