300.18 264.00 
265.46 -0.57 
-15.10 -150.58 
169.89 89.30 
147.88 35.59 
-404.23 72.43 
-248.16 -305.26 
-9.88 374.18 
31.67 324.21 
-125.68 -46.20 
-191.70 -78.99 
504.41 -214.00 
533.50  4.24 
-12.69 -268.68 
91.20 -416.84 
348.26 -460.07 
162.42 13.38 
-142.36 -501.37 
43.31 78.76 
207.69 -267.31 
-6.05 71.35 
-25.19 101.71 
-480.84 318.97 
-121.18 502.54 
458.70 -335.10 
-474.05 -237.70 
134.42 159.40 
20.20 -510.69 
-114.01 367.92 
-473.69 -64.07 
218.38 104.61 
-365.98  3.21 
65.37 386.20 
28.90 30.88 
-361.58 -477.75 
494.43 281.23 
-481.77 275.89 
-466.03 -346.70 
-329.26 305.91 
-141.38 -190.28 
-412.60 118.37 
-544.47 111.20 
-521.06 159.37 
-480.13 274.46 
49.32 287.95 
280.07 415.48 
-216.19 -293.68 
-212.95 -447.11 
151.90 -219.95 
343.72 -98.99 
 2.72 186.93 
214.94 -22.85 
-441.20 210.50 
386.62 -449.07 
226.54 -88.29 
-2.56 -178.04 
