-123.04 -560.09 
302.28 202.48 
-560.19 95.54 
300.07 -223.63 
-242.53 -345.20 
-511.44 277.30 
-118.23 353.20 
52.42 -314.06 
109.29 -368.31 
61.99 541.52 
-79.33 511.18 
-92.21 -480.98 
347.34 268.97 
-434.69 121.58 
-220.52 -443.15 
231.62 -97.91 
-66.36 -402.47 
-279.64 332.21 
126.65 -83.65 
130.41 -567.68 
335.47 -314.46 
46.19 -447.16 
508.54 -173.41 
207.98 -7.85 
475.43 11.85 
61.02 58.01 
273.85 441.48 
-130.67 -164.52 
-106.08 -192.00 
284.59 417.58 
82.18 -588.54 
-109.65 66.23 
-177.15 61.31 
-98.38 196.29 
199.66 -237.03 
288.88 73.06 
-17.28 309.35 
64.12 -484.97 
17.58 197.30 
-423.11 131.53 
-154.12 245.87 
561.47 59.38 
246.46 -1.45 
-67.87 -35.12 
-425.05 385.22 
431.60 332.97 
172.05 356.90 
 2.33 550.64 
419.25 -41.06 
-280.61 171.18 
 6.55 594.87 
25.23 265.41 
385.61 -107.96 
104.92 -131.19 
375.24 -302.40 
126.11 -458.31 
