16.28  6.26 
-93.42 495.63 
97.78 522.52 
481.11 140.98 
459.57 -296.80 
-271.41 -526.28 
140.66 152.18 
-433.19 159.81 
-192.56 -460.78 
115.18 -270.81 
-279.38 -356.59 
-451.51 -192.67 
295.68 72.91 
373.77 -66.71 
25.84 540.85 
547.01 27.49 
-481.85 -88.17 
-126.35 180.73 
-96.58 588.90 
-513.36 29.25 
-485.59 244.87 
-292.73 417.78 
-387.78 -208.29 
501.28 250.23 
192.19 -228.58 
14.57 -250.29 
188.76 -373.45 
-477.46 146.58 
-462.65 89.93 
565.25 97.89 
-585.18 112.90 
-91.14 478.36 
366.53 236.05 
-318.65 398.24 
-304.18 -284.02 
515.29 -57.69 
-301.00 -371.38 
163.02 -181.03 
-164.78 -297.75 
344.15 100.28 
-49.29 -506.82 
-279.79  6.65 
245.10 97.48 
18.07 179.23 
304.00 444.41 
281.15 -187.06 
256.56 -13.66 
-70.66 -358.04 
82.95 -559.82 
395.41 198.97 
-511.52 203.75 
-329.17 -161.88 
387.30 10.09 
88.69 -232.14 
-71.19 149.60 
-227.93 -189.14 
