326.23 -480.55 
-426.09 222.47 
268.98 -90.65 
382.02 337.61 
-126.58 11.03 
342.27 -157.31 
-377.24  3.33 
-465.84 301.29 
-113.19 -428.79 
19.88 595.42 
-180.04 183.98 
169.47 -517.13 
-205.19 376.06 
-48.49 533.39 
251.73 439.75 
-561.71 -178.52 
-17.35 293.51 
-376.51 -147.55 
431.16 209.91 
-56.75 -437.22 
483.44 281.34 
-23.89 -1.13 
126.15 211.80 
-143.14 -425.29 
41.07 -305.31 
202.07 103.95 
121.61 280.55 
-248.46 268.97 
-276.54 -220.03 
-512.89 140.49 
-321.62 -443.85 
-55.02 587.44 
368.43 -130.89 
-106.53 447.69 
-224.11 -285.81 
183.65 -360.70 
333.59 -329.81 
-310.86 -417.57 
337.96 356.74 
444.73 -243.42 
-451.11 371.89 
-431.73 -294.11 
213.73 211.02 
449.10 179.15 
189.24 279.70 
-261.60 167.55 
-98.96 -61.56 
-1.90 135.46 
-500.38 79.64 
-191.89 545.09 
-369.16 422.78 
425.11 -47.08 
-87.65 -22.69 
95.66 -293.91 
457.12 23.89 
-92.29 345.55 
