-59.42 392.81 
-374.72 -78.45 
64.68 -35.65 
531.57 210.07 
-78.94 333.07 
-478.85 39.77 
-69.80 -303.15 
-348.68 289.90 
471.05 118.03 
-319.20 480.19 
144.91 533.03 
86.54 -194.46 
-338.20 391.94 
-294.85 236.45 
-37.40 260.03 
103.56 523.92 
-442.55 159.75 
318.40 252.76 
142.47 234.34 
-291.39 291.89 
-15.85 540.67 
-100.02 528.35 
414.43 430.62 
-442.54 -49.42 
92.95 -275.80 
-28.61 -410.56 
-167.22 -545.18 
363.28 429.68 
-42.48 137.65 
135.56 -175.49 
-553.97 -67.31 
575.17 16.18 
165.06 -315.26 
-327.25 -136.08 
271.50 -25.79 
283.94 -318.06 
-313.92 -281.10 
425.79 393.43 
-282.88 -495.69 
103.70 -244.86 
-584.42  3.21 
-108.30 305.07 
-44.74 -449.24 
38.38 -500.06 
-224.32 -378.72 
-174.91 507.32 
-139.12 581.35 
327.96 48.30 
-132.23 507.86 
124.59 -28.61 
457.93 -182.24 
-513.23 198.77 
201.90 265.36 
-82.66 -164.69 
-142.00 23.48 
153.78 56.81 
