-168.14 -575.68 
-254.48 505.60 
116.52 -580.36 
-222.97 -451.00 
-284.04 47.02 
518.51 112.28 
297.80 -259.27 
553.25 109.12 
278.52 146.95 
-237.97 187.01 
-81.11 -372.42 
-6.75 266.98 
105.70 450.67 
-347.10 -312.17 
-327.44 -329.59 
388.55 -282.79 
-97.07 -328.04 
-148.55 -371.42 
-206.33 -551.29 
530.53 35.18 
242.20 352.83 
-70.46 74.15 
-189.44 -328.53 
-310.70 100.84 
573.76 75.28 
-342.33 43.58 
264.63 -117.07 
190.10 -55.10 
-81.86 -208.64 
140.56 424.08 
301.88 -400.93 
-351.02 367.90 
-292.93 -435.80 
-261.86 -220.87 
-103.31 340.87 
435.70 122.11 
-377.90 336.47 
119.39 287.89 
-4.76 -499.97 
287.94 -526.34 
334.32 -53.08 
-245.98 94.93 
145.23 -551.40 
-139.36 -490.81 
65.11 186.05 
-458.97 63.63 
-319.49 500.66 
-297.91 134.01 
252.65 -2.55 
-312.57 -406.00 
-240.51 59.68 
 1.05 451.16 
463.99 304.13 
569.74 52.60 
25.11 20.85 
400.24 185.25 
