-414.75 102.21 
553.26 -108.87 
207.66 235.19 
22.72 193.66 
353.53 172.88 
484.68 -151.00 
397.05 62.84 
-82.96 -114.49 
461.92 334.42 
225.24 237.10 
439.11 188.54 
367.84 353.76 
-542.28 43.63 
-422.49 240.38 
182.06 -139.33 
-500.32 48.66 
-459.74 -302.31 
-80.80 193.23 
383.86 124.86 
-359.56 -177.92 
-364.85 400.17 
435.84 318.58 
-374.89 280.20 
473.69 211.52 
-70.67 246.88 
163.13 -293.75 
-80.99 -411.74 
-21.63 152.70 
181.16 330.56 
-94.04 533.87 
66.04 487.98 
191.64 -472.75 
-305.60 501.43 
-284.27 -201.39 
-280.17 188.41 
-158.86 -339.16 
-266.18 91.18 
294.52 -188.18 
545.57 -101.84 
-317.46 -458.18 
-262.09 312.87 
-384.52 -21.23 
-333.11 459.24 
-459.15 12.81 
-38.80 382.66 
282.05 -98.00 
-194.98 28.16 
540.27 -164.39 
-378.20 -354.28 
-204.10 -431.74 
-56.68 427.07 
378.27 -11.93 
509.02 -1.04 
-490.56 -47.26 
-391.19 -438.38 
-60.22 477.53 
