308.04 296.79 
-16.56 506.29 
469.49 160.02 
-140.81 -244.45 
214.14 443.51 
-338.73 181.26 
61.49 386.49 
-496.14 118.66 
507.72 -89.66 
-464.09 211.29 
77.20 -499.22 
271.03  7.39 
237.41 104.81 
61.88 364.39 
393.58 -112.39 
-245.06 504.40 
-213.84 -159.40 
33.44 407.66 
111.68 -573.71 
-71.33 -146.56 
15.31 235.36 
345.77 162.89 
-48.07  1.32 
176.34 -472.28 
307.02 19.27 
234.94 -127.55 
-390.35 -219.85 
-376.19 386.07 
-261.66 -489.25 
-436.03 -138.45 
-349.93 -321.54 
396.74 336.38 
-201.62 -366.12 
362.32 -74.78 
330.77 -412.05 
-86.65 -90.21 
-83.69 372.09 
-441.16 -268.91 
182.80 -249.41 
-97.58 227.71 
383.23 189.92 
406.22 72.60 
532.97 -102.32 
-273.19 316.94 
148.08 327.27 
-123.08 246.39 
152.03 286.22 
-245.38 390.84 
-216.16 -287.81 
-63.27 -472.21 
126.66 -181.39 
-48.79 250.59 
-4.48 501.10 
240.84 -307.51 
497.15 312.88 
163.78 -520.51 
