-79.90 -410.83 
-494.64 -125.18 
-136.55 426.75 
344.48 -61.64 
409.91 348.55 
-8.77 27.26 
-140.95 568.96 
85.16 355.59 
-275.85 -95.36 
426.58 -269.91 
330.55 111.22 
318.07 -463.02 
464.06 318.64 
121.26 136.57 
-163.27 209.69 
-223.41 51.94 
350.14 115.07 
-210.02 249.37 
450.31 147.06 
145.78 -173.00 
205.37 -178.48 
216.67 -351.57 
248.25 -174.94 
-208.55 88.81 
-393.67 124.37 
399.13 -61.07 
-133.29 -98.85 
-78.95 140.15 
-262.16 -211.03 
185.78 -54.49 
153.84 -555.21 
-139.12 393.52 
283.22 -302.37 
-131.23 215.09 
-132.75 23.19 
56.68 -488.10 
167.29 206.98 
467.24 -261.79 
-390.14 -252.33 
556.59  8.42 
340.71 477.84 
-355.48 -58.79 
71.49 314.17 
584.83 -101.55 
-137.09 -242.13 
99.63 -7.79 
240.50 119.79 
 7.93 -580.03 
402.40 303.48 
442.69 -24.53 
389.15 -455.78 
572.63 -3.35 
-327.83 -190.12 
448.89 146.60 
286.06 251.39 
-458.70 105.56 
