234.09 439.41 
-10.17 -422.17 
-360.93 -430.54 
120.24 45.05 
306.34 464.43 
-117.26 155.86 
475.72 -361.99 
-31.57 -221.03 
-129.96 320.53 
11.09 -516.55 
-107.53 -337.42 
403.34 179.40 
-258.87 -507.30 
-249.99 -543.97 
-121.81 319.75 
368.95 307.27 
-455.08 279.48 
49.10 182.58 
580.08 -37.82 
145.54 -497.80 
333.50 -209.17 
-226.67 101.54 
-99.04 -73.15 
326.74 157.00 
-187.79 302.35 
-477.89 -249.28 
409.74 264.68 
35.99 180.50 
467.61 14.10 
392.81 -133.87 
424.93 134.42 
-327.39 -186.41 
-287.94 313.40 
 6.52 -507.03 
335.61 -309.83 
-543.92 191.44 
59.85 12.76 
106.80 422.43 
-10.07 -49.51 
-42.54 490.09 
-438.46 -250.23 
140.93 -37.73 
-220.91 -236.11 
458.21 -97.21 
-394.48 -231.78 
208.25 532.92 
-38.92 411.04 
-138.49 -61.40 
-308.66 -312.08 
-205.58 -34.40 
-526.07 53.46 
56.99 -442.75 
-159.29 -564.49 
300.82 111.15 
330.78 245.89 
156.45 -281.48 
