-300.79 -391.02 
-172.39 -2.61 
-46.59 69.40 
56.94 -499.25 
-19.06 273.30 
580.48 62.29 
314.77 390.65 
-101.54 449.54 
-531.85 -116.92 
-62.69 -487.30 
-434.71 114.07 
-178.54 -332.50 
-186.45 -22.35 
111.34 -134.39 
-332.87 182.51 
-454.23 60.97 
-387.18 322.96 
405.71 -160.36 
190.65 -330.82 
139.06 382.45 
169.79 413.50 
583.90 48.30 
-373.43 -328.37 
-277.94 340.55 
-443.94 367.32 
-98.48 61.69 
197.60 -157.50 
151.95 -71.50 
-364.62 342.38 
-197.89 391.56 
-348.51 -376.98 
356.72 -403.63 
-302.53 130.78 
348.45 -292.29 
390.89 362.28 
-217.51 181.99 
-138.08 369.41 
218.10  1.09 
189.46 340.48 
377.84 -222.82 
221.02 -2.93 
-318.83 -192.64 
-151.02 160.00 
398.65 254.84 
168.86 -338.74 
-247.60 -64.60 
28.95 292.59 
127.70 -57.76 
-330.00 415.47 
325.66 112.51 
-211.53 -122.92 
-456.45 -73.70 
-164.43 239.44 
-559.23 -154.66 
432.50 68.60 
 2.64 244.05 
