-462.57 353.94 
-435.95 -285.32 
308.37 472.67 
-380.06 343.85 
-39.25 425.47 
-221.65 220.56 
188.02 410.33 
75.50 -141.41 
484.46 -322.46 
-499.18 -217.53 
-50.65 71.05 
113.09 -132.69 
233.48 405.77 
297.62 208.01 
332.29 412.02 
-319.07 -217.98 
-167.59 383.09 
125.19 138.80 
210.27 -137.84 
502.95 103.95 
63.74 -452.15 
-544.71 -168.50 
-73.16 496.43 
211.35 432.91 
-26.49 72.57 
-354.99 -37.32 
267.16 376.86 
225.72 393.78 
-119.58 353.50 
538.66 -234.27 
-78.94 -149.28 
124.63 -91.56 
135.44 370.57 
408.89 -397.76 
95.79 -86.08 
293.78 321.12 
-293.92 -399.94 
273.67 -532.69 
-396.24 -183.84 
-530.18 -57.91 
-176.46 -131.28 
60.69 -60.65 
544.81 94.48 
-441.02 -103.68 
-41.42 -438.32 
-181.14 -230.84 
304.09 411.04 
102.35 -244.51 
-399.61 12.38 
239.00 180.65 
-185.40 -230.72 
36.44 -476.63 
30.98 438.25 
554.16 148.73 
 8.83 -593.33 
293.08 106.68 
