-85.93 573.07 
-191.70 -131.04 
445.52 39.38 
-150.91 -8.77 
-95.14 475.40 
103.98  5.79 
-433.50 98.92 
75.68 575.59 
283.46 134.84 
23.46  7.58 
-44.78 474.57 
547.03 -102.82 
64.64 -158.04 
-183.08 536.39 
-467.42 20.92 
-9.59 -231.08 
-283.94 172.33 
175.94 -139.58 
398.63 189.51 
-91.39 -154.27 
497.19 24.44 
 6.14 -567.27 
-291.60 -503.02 
228.71 506.23 
451.41 337.27 
-160.56 94.46 
378.87 -428.87 
-33.84 339.90 
333.71 -40.82 
251.85 181.39 
451.88 -130.41 
290.55 62.00 
-439.91 112.28 
 3.47 274.55 
257.46 496.79 
113.08 -519.69 
-492.79 -303.33 
-82.93 344.13 
 9.56 -292.13 
451.04 -325.31 
-126.79 126.72 
176.87 -552.27 
-284.51 -284.89 
-244.06 -167.82 
267.20 444.71 
262.22 -475.41 
369.16 222.06 
573.78 -110.20 
-33.97 -161.04 
-87.95 -36.38 
-180.68 298.46 
-299.38 442.77 
-352.39 -355.81 
511.65 195.04 
137.53 238.92 
-288.33 402.07 
