475.09 261.52 
-329.59 -138.13 
246.15 -387.80 
303.03 -181.02 
384.37 -107.46 
278.74 489.82 
-480.90 209.55 
510.60 137.11 
-316.17 33.35 
-120.78 483.86 
-431.79 268.05 
68.51 359.49 
-228.33 532.53 
-41.74 281.95 
62.57 -516.57 
313.14 112.41 
-444.07 134.38 
39.07 260.26 
174.28 235.72 
21.17 518.17 
-442.22 392.57 
298.97 260.68 
-312.99 355.15 
318.39 -130.83 
77.51 335.65 
231.19 -214.99 
-135.76 396.23 
-142.68 507.93 
476.39 -315.98 
120.93 -407.21 
427.50 54.66 
214.43 403.18 
44.25 231.76 
16.11 -523.20 
-419.26 270.01 
-315.17 64.07 
-517.86 280.98 
-5.56 -451.39 
12.72 456.06 
305.60 49.94 
-314.46 268.34 
89.93 458.87 
121.07 -9.58 
-312.25 -288.02 
177.67 398.85 
-465.54 -92.81 
165.40 229.21 
339.99 -96.11 
-117.69 -358.32 
-23.20 442.04 
-169.74 -150.65 
186.07 472.58 
-529.10 133.17 
-168.49 -23.44 
-145.06 -503.79 
375.41 -320.67 
