560.08 -156.95 
-303.83 -341.77 
-143.20 -285.10 
43.33 -61.25 
-38.34 499.38 
483.57 26.54 
453.60 -202.95 
-54.77 -228.21 
-237.58 -198.81 
-107.35 -385.30 
-182.93 -550.19 
-151.62 -231.96 
36.09 -261.78 
452.37 266.99 
452.66 180.01 
190.87 125.47 
-496.52 137.19 
-540.95 -68.83 
-50.17 -460.16 
251.23 40.76 
426.86 270.62 
-278.50 527.81 
-327.94 16.38 
157.49 456.83 
-47.95 -489.56 
-15.68 -82.91 
-248.66 243.98 
-119.45 -238.72 
31.04 -153.31 
-419.77 -101.92 
309.44  8.99 
-441.89 350.36 
-375.42 34.39 
506.87 -158.58 
186.40 -250.10 
-169.06 -90.89 
49.93 -19.64 
382.01 -381.91 
256.81 -463.72 
-495.12 -237.84 
-393.31 -280.61 
-125.17 466.25 
576.88 53.69 
253.10 -43.43 
279.05 -161.06 
87.79 538.73 
168.15 -208.89 
-362.23 -297.76 
55.05 370.49 
-174.80 -67.31 
-7.03 -134.31 
-86.73 582.30 
-219.61 110.87 
-223.75 80.71 
165.30 566.24 
-104.97 -462.01 
