-164.38 407.54 
-364.94 -383.29 
336.38 285.30 
442.15 262.19 
33.48 141.38 
-32.31 -391.29 
-549.44 81.33 
333.02 276.36 
-225.24 458.72 
-166.72 -240.78 
501.43 -200.07 
-447.19 185.33 
-210.09 150.77 
-214.52 384.88 
-176.24 544.67 
-174.22 293.64 
-17.49 -258.26 
-407.62 -345.84 
195.80 -269.53 
-193.27 -28.63 
68.00 -131.91 
-386.32 -205.33 
288.12 364.40 
-414.37 223.21 
-557.07 -176.92 
187.33 -443.82 
344.72 -225.03 
-32.36 -414.94 
-334.93 -68.11 
-204.78 479.71 
-411.06 137.32 
94.99 -100.98 
-209.86 -544.30 
12.29 564.12 
-148.96 128.65 
468.31 280.62 
-403.13 -355.81 
-50.42 206.21 
397.39 198.06 
137.18 -45.95 
148.67 -202.22 
31.57 -447.31 
-434.51 -80.69 
420.87 -100.48 
-107.05 -347.77 
-37.31 198.45 
 9.89 227.90 
469.01 -323.22 
-213.38 -210.69 
320.39 335.75 
-82.92 -194.33 
174.00 -500.81 
86.95 -226.21 
389.19 270.30 
115.49 -118.64 
463.45 163.17 
