160.77 421.13 
-422.51 -347.16 
302.24 507.31 
-23.44 -348.81 
334.62 225.54 
-161.59 -552.19 
212.44 359.30 
-135.83 295.15 
-399.85 340.70 
-519.72 167.69 
154.67 -426.19 
-238.27 -306.82 
-354.25 -293.45 
-163.10 109.09 
-39.42 -161.98 
252.74 -28.42 
-111.95 304.79 
-581.11 -30.42 
-152.89 225.33 
-388.26 -119.82 
496.70 -238.83 
-99.70 303.98 
192.89 -355.04 
229.81 -146.03 
424.79 171.76 
23.44 427.72 
375.06 -85.22 
346.65 395.18 
452.98 146.23 
-186.82 497.75 
-9.81 314.74 
-324.69 -455.73 
-255.39 -319.27 
-444.93 -358.25 
-132.92 362.48 
-143.19 490.83 
-70.91 -535.06 
48.75 533.61 
-490.16 237.50 
-290.69 -29.66 
48.24 -367.02 
349.70 148.09 
155.40 -525.28 
151.47 496.83 
468.57 64.29 
-50.03 -244.06 
564.68  0.31 
284.61 207.60 
417.80 430.45 
-521.06 235.08 
-290.05 431.84 
-51.00 207.85 
182.95 561.95 
195.20 22.35 
-12.80 -69.11 
-153.89 -384.74 
