532.32 -213.40 
-340.09 -16.96 
-475.57 -341.95 
-139.38 -103.70 
-26.36 -480.04 
-2.20 32.02 
-10.52 -407.53 
-377.01 -134.47 
 7.37 396.96 
-106.06 -300.93 
-391.74 -155.22 
462.18 -315.62 
-387.73 399.64 
190.13 -352.72 
-448.48 308.88 
349.71 231.83 
-16.19 292.86 
-5.08 -501.35 
24.44 87.86 
244.82 -151.03 
-326.98 25.44 
-345.87 -195.58 
-259.76 435.17 
-211.30 389.72 
-366.86 -402.94 
27.78 296.92 
-121.44 534.00 
182.58 -152.24 
-492.29 44.27 
-108.19 97.46 
-0.60  2.98 
76.67 -47.72 
36.69 -95.20 
-184.73 -378.29 
-342.29 296.26 
101.83 292.97 
206.91 -74.17 
-346.13 -409.85 
108.63 399.77 
-309.52 53.84 
261.62 345.60 
116.89 365.60 
124.21 -389.45 
-106.79 479.16 
541.16 -184.14 
-328.75 288.34 
305.31 -432.69 
-356.38 -146.21 
-464.25 189.63 
495.32 195.24 
-24.10 -581.84 
-462.80 -204.89 
67.58 -384.91 
-22.40 351.15 
-357.06 -341.18 
-572.15 168.99 
