-424.03 226.37 
349.75 390.65 
10.77 -46.17 
66.18  2.85 
-138.27 291.48 
104.95 -508.45 
335.06 307.30 
207.99 490.66 
461.51 -25.17 
49.39 -154.86 
-262.14 446.20 
104.60 396.02 
-180.63 259.40 
86.56 -507.87 
164.87 347.79 
462.31 -219.10 
-339.71 315.87 
16.97 -420.70 
371.26 104.95 
144.41 128.56 
-122.46 -546.18 
-116.39 421.29 
-17.42 -521.34 
-373.04 299.45 
20.73 -328.70 
426.86 -116.66 
-207.70 -306.05 
-197.90 -349.48 
-305.38 503.15 
 8.34 213.56 
24.40 -144.66 
48.51 -589.15 
247.05 176.89 
-340.08 490.35 
252.38 -352.79 
-64.02 17.57 
-406.79 -305.62 
120.05 -571.68 
315.92 201.22 
-171.66 -344.60 
-282.53 313.80 
-110.37 219.24 
-51.58 -85.18 
407.33 92.45 
36.53 -347.52 
127.95 453.38 
-551.41 148.75 
-575.59 150.02 
326.22 256.91 
234.01 145.14 
-104.95 434.83 
435.36 306.06 
-64.88 -253.42 
-60.73 -464.26 
429.08 273.26 
-1.93 132.48 
