-343.22 -417.69 
-91.26 489.16 
280.48 200.66 
-89.13 154.90 
144.02 152.40 
204.54 -399.09 
41.37 592.51 
243.87 -35.03 
190.76 -109.31 
76.21 510.18 
424.34 -234.32 
14.81 173.04 
253.70  3.29 
-454.97 10.62 
317.65 -134.09 
-66.31 83.29 
-95.59 -332.09 
107.70 231.42 
-53.20 -155.42 
58.30 -377.47 
176.41 -145.35 
-268.66 514.19 
97.16 -532.75 
-170.49 -32.93 
-540.24 -221.18 
-178.66 278.21 
90.83 437.48 
 5.58 -508.38 
500.89 -193.05 
264.21 -75.96 
-431.20 352.40 
325.47 498.63 
-393.60 -325.59 
485.17 60.45 
259.23 -528.43 
288.22 128.68 
117.27 -281.64 
-292.47 480.17 
18.79 -329.55 
358.95 -396.56 
-586.39 -76.07 
-44.00 455.38 
373.42 -432.46 
-385.68 192.11 
-32.81 51.86 
-160.41 496.31 
248.85 -277.32 
-12.34  8.50 
212.76 -235.70 
-266.61 334.86 
-574.42 -78.14 
395.39 -168.92 
-308.90 -167.05 
329.40 -43.23 
-66.29 -230.62 
-205.26 -330.22 
