-179.97 -363.05 
351.02 419.58 
-277.10 -208.49 
267.79 -467.72 
-308.00 141.93 
242.26 183.51 
-41.81 356.75 
-595.54 70.28 
-521.30 -221.31 
192.16 527.07 
-144.58 -189.59 
474.58 193.67 
-223.96 485.85 
293.87 110.02 
-85.72 -47.35 
-85.16 389.44 
90.12 -263.15 
-339.36 331.83 
-169.77 517.02 
43.73 -414.51 
-313.91 -200.08 
 9.56 -587.41 
252.08 142.19 
-139.09 -409.31 
444.31 -323.45 
208.77 -162.54 
-114.67 204.81 
-562.67  1.38 
-384.53 187.69 
-166.81 182.45 
95.30 -32.82 
-517.57 147.40 
-287.92 110.59 
-293.03 -207.14 
-112.37 406.09 
26.59 -157.03 
104.38 589.01 
-274.98 328.14 
-165.33 -175.65 
534.53 240.11 
-511.77 174.97 
-571.67 94.95 
-343.65 455.73 
-23.24 -41.61 
-313.68 -282.89 
392.87 -271.18 
285.59 -292.75 
259.75 -389.89 
411.87 306.32 
90.70 10.51 
-516.06 33.01 
-55.37 526.40 
287.19 -145.06 
144.22 368.34 
384.74 270.26 
80.42 -240.17 
