-248.37 -396.71 
245.03 240.53 
-42.43 -422.38 
448.27 339.49 
456.54 -58.58 
155.81 -184.82 
92.35 -34.39 
36.23 284.61 
201.49 556.90 
199.97 -533.70 
-297.04 346.41 
-512.20 151.15 
-478.88 56.49 
62.31 297.28 
-45.01 -582.89 
125.78 -392.91 
-195.86 -0.35 
276.18 -241.75 
100.74 -76.27 
160.77 486.84 
-386.60 -280.36 
537.21 260.81 
102.72 413.39 
-273.52 324.36 
377.28 339.57 
-153.05 -249.38 
-20.61 285.92 
54.22 -266.55 
-251.00 266.75 
-110.16 541.48 
209.20 79.43 
-255.87 230.27 
-377.39 137.14 
-522.13 -272.28 
-55.38 -83.29 
-10.88 -430.27 
-243.62 331.57 
-232.02 207.94 
-543.19 -60.08 
-392.77 292.38 
-129.80 -217.49 
493.42 34.37 
-232.21 85.49 
46.66 54.11 
41.46 325.51 
-169.21 265.15 
-415.14 131.15 
265.78 -390.00 
486.00 90.10 
508.60 -73.79 
-462.75 302.16 
56.42 -308.85 
120.37 -335.81 
305.45 501.74 
145.91 -576.05 
69.91 -314.10 
