-207.19 265.21 
-316.64 -507.18 
-70.51 112.80 
-115.39 34.95 
350.66 -410.64 
-492.38 153.35 
-212.16 -126.93 
67.38 -88.37 
275.75 -524.19 
166.32 -16.24 
77.68 -84.07 
418.31 -273.40 
149.22 -507.33 
106.67 -290.60 
495.80 143.49 
63.44 -180.07 
-504.05 67.25 
553.11 154.77 
107.71 -560.81 
248.76 248.76 
-130.86 -361.98 
-173.19 138.12 
-590.92 64.82 
245.61 -539.82 
-5.22 322.91 
-122.52 311.38 
74.76 17.89 
321.16 71.62 
313.01 -310.84 
-378.85 -350.36 
195.77 489.92 
157.26 -352.33 
14.37 -555.78 
-47.27 550.93 
373.73 -217.47 
367.38 224.70 
88.46 -178.01 
-230.88 141.75 
-234.16 -258.86 
350.59 -174.71 
-269.62 328.36 
-61.54 -74.85 
-293.10 -157.43 
-448.72 -290.01 
355.09 -28.69 
-338.18 220.28 
71.06 364.41 
-18.43 583.43 
-48.62 -134.35 
-278.41 -92.85 
346.34 47.46 
510.59 -240.80 
327.00 -113.32 
222.96  7.11 
-423.13 197.42 
-340.02 -99.96 
