-418.80 184.72 
-365.57 -443.91 
-148.00 427.07 
-393.07 -199.51 
-307.13 -29.73 
-368.47 -207.68 
-456.05 41.14 
-531.94 -172.36 
-338.06 -468.90 
-358.96 405.39 
-133.58 -468.57 
-334.64 -57.97 
-381.13 -408.27 
-556.35 129.57 
-289.47 -167.36 
230.61 -6.06 
-249.39 -294.93 
131.80 -478.33 
-198.92 -84.51 
136.08 548.01 
241.65 -426.44 
-373.61 -73.14 
410.23 369.67 
229.11 210.67 
332.97 313.87 
-67.18 59.11 
209.60 -17.78 
-218.68 168.88 
69.67 438.89 
-481.85 -97.49 
-313.34 485.12 
-455.74 -292.64 
-82.39 -82.38 
542.94 -208.36 
294.59 464.91 
240.72 -505.17 
-375.62 59.73 
-111.16 254.26 
-62.85 -218.86 
547.72 -17.67 
333.49 215.34 
-296.57 439.27 
-529.74 278.61 
498.18 131.84 
430.23 319.07 
-568.28 -54.73 
351.58 299.51 
490.11 343.67 
320.17 -446.88 
201.94 427.55 
-105.68 -462.45 
300.22 351.00 
57.28 75.20 
307.97 243.69 
-526.78 -192.56 
469.61  8.66 
