 6.75 -458.19 
-291.32 501.05 
100.25 165.40 
216.84 -373.97 
-310.89 -389.80 
 0.37 23.06 
-414.89 206.54 
-195.33 381.52 
-112.21 567.94 
-91.61 -251.43 
177.94  7.79 
39.52 112.34 
19.98 -34.85 
294.49  6.78 
-215.29 228.62 
-313.03 -496.37 
-79.09 -294.38 
247.53 -35.41 
-0.91 -438.63 
512.54 -201.50 
-403.16 310.61 
-84.11 283.56 
288.66 94.42 
140.20 241.71 
-438.39 -56.61 
27.90 -144.64 
215.13 129.82 
383.39 142.12 
-67.80 -401.20 
61.88 526.46 
-175.67  3.41 
326.04 -483.91 
-327.87 109.39 
396.81 165.65 
215.32 475.36 
-272.72 142.75 
22.51 375.59 
-472.18 155.19 
-297.91 -236.45 
103.63 207.28 
-208.87 -242.02 
124.91 437.15 
161.64 -413.73 
-565.66 144.14 
-20.64 406.91 
376.99 343.80 
-469.98 97.56 
52.29 226.00 
72.13 161.73 
388.42 -144.04 
181.07 -225.22 
-331.28 -490.73 
166.44 571.49 
112.55 -326.36 
183.46 67.90 
-376.26 -106.99 
