485.77 -278.85 
-274.55 -428.90 
-301.63 200.51 
102.89 -39.41 
-190.09 -134.60 
-13.49 242.01 
-282.35 -239.00 
148.44 151.20 
-478.50 284.10 
231.82 -99.03 
-530.10 -18.40 
437.38 211.82 
-28.48 -349.07 
392.63 -353.83 
-81.52 -237.54 
167.71 79.39 
335.59 -278.95 
-251.47 -281.89 
-274.52 -285.03 
99.64 -552.74 
-324.95 40.65 
515.54 -161.47 
-321.54 -257.29 
-538.21 252.22 
128.66 -157.72 
-135.91 162.78 
-140.13 209.40 
207.81 -239.11 
65.32 -191.41 
-152.77 -33.48 
130.85 -353.57 
-206.56 403.90 
245.12 24.46 
-16.57 325.66 
29.15 -301.46 
-543.34 -72.18 
-154.89 -48.01 
217.30 534.66 
307.79 -401.73 
355.41 -301.69 
-94.59 -371.32 
67.40 67.98 
-480.50 11.51 
-570.39 -177.22 
-217.46 -154.87 
310.31 34.29 
-335.83 -90.21 
279.66 -160.62 
195.69 -551.15 
-362.54 210.77 
493.02 -139.95 
-442.87 181.94 
-210.97 121.97 
-266.41 -203.24 
-232.04 158.65 
-418.31 287.50 
