580.78 21.52 
-497.14 82.90 
526.52 -161.03 
15.66 -88.77 
-343.58 71.34 
-9.52 -133.36 
317.55 346.90 
43.43 127.15 
-356.67 -210.79 
25.39 439.55 
97.10 -289.98 
 2.72 346.10 
407.24 430.39 
16.82 243.78 
311.48 -180.57 
-118.23 -385.87 
-373.90 138.11 
-474.27 -66.82 
188.06 187.87 
94.06 89.92 
102.33 -74.16 
-222.59 -165.66 
267.93 -414.93 
109.16 158.94 
-399.82 -134.07 
-245.28 317.20 
-43.69 45.30 
322.17 -88.25 
381.86 174.52 
-39.88 65.28 
544.43 -216.90 
-108.42 -383.26 
-274.00 -104.19 
-378.42 31.60 
562.73 -204.95 
-146.28 -251.17 
-138.91 172.60 
-416.94 192.66 
-128.01 309.64 
145.55 -496.73 
-215.64 161.53 
313.53 311.85 
-68.00 541.31 
-262.26 391.99 
62.59 355.99 
488.84 87.17 
-229.00 190.19 
-281.36 156.17 
-35.73 256.77 
-89.45 -31.31 
-6.13 371.45 
435.69 -28.52 
-226.88 -16.62 
303.83 -17.90 
-435.54 -198.31 
-86.40 352.48 
