-298.82 -85.00 
-258.61 19.81 
22.58 510.16 
-417.00 127.76 
246.00 61.03 
-393.55 452.65 
471.16 31.63 
-196.75 423.67 
-41.32 -353.18 
-180.97 196.43 
-175.15 -522.33 
-413.27 243.03 
-44.95 -7.03 
466.20 287.32 
-252.49 -269.32 
-558.14 -218.79 
-36.09 95.04 
440.80 -173.50 
-224.44 -36.82 
-166.74 -301.74 
475.20 171.66 
72.00 204.51 
271.47 -416.01 
325.27 29.12 
-130.44 142.64 
-49.49 -150.64 
-476.19 290.95 
241.10 -412.06 
-203.04 -68.64 
-592.45 -36.69 
26.69 367.28 
-150.59 390.80 
275.15 -520.24 
243.72 535.73 
37.09 -398.28 
-201.08 373.10 
46.16 -559.70 
422.85 -291.50 
-440.78 14.08 
439.73 154.38 
-135.00 -24.06 
121.27 473.44 
-77.38 402.75 
-17.51 -73.69 
402.93 149.62 
-163.79  9.82 
327.24 357.33 
-259.94 -258.80 
-102.59 -506.20 
410.46 33.07 
480.26 -354.88 
346.04 -244.40 
-148.25 -90.99 
-257.74 -524.20 
-102.84 -145.49 
197.67 -481.37 
