-422.58 -126.15 
439.75 -218.26 
117.65 188.15 
18.76 96.07 
570.59 -56.14 
371.48 -53.37 
288.74 77.15 
289.77 -119.15 
-132.07 -64.71 
535.66 215.82 
-121.90 -132.69 
-419.40 320.83 
-165.52 -219.91 
-226.94 -260.34 
140.07 65.49 
-516.34 -268.89 
-344.65 -95.71 
513.71 278.17 
-472.45 -228.41 
295.92 92.92 
108.13 -378.81 
-98.55 463.07 
134.80 124.79 
-181.93 -494.37 
-316.55 96.59 
192.58 499.97 
403.28 -20.09 
-477.47 283.33 
-253.42 285.30 
44.02 397.31 
 2.81 -439.93 
-323.18 -88.01 
 6.81 -353.18 
223.81 245.90 
 0.81 -558.41 
246.54 422.86 
343.44 -146.41 
358.45 160.93 
106.22 -462.52 
380.00 280.29 
-137.88 -45.45 
-276.05 -273.18 
566.61 -117.52 
-118.17 -514.77 
439.80 321.59 
-383.53 -112.27 
-146.30 96.62 
-163.40 329.24 
78.65 174.14 
-78.59 -370.71 
256.06 -526.29 
-251.13 192.99 
33.00 417.65 
-208.33 206.38 
-10.14 -12.60 
-22.54 563.26 
