176.31 281.39 
291.45 -141.13 
-381.37 -428.16 
381.54 -401.58 
260.56 -423.96 
-301.68 -421.87 
 3.30 216.85 
194.66 34.48 
401.70 72.02 
295.24 220.64 
 0.95 226.16 
-229.65 -199.21 
-174.48 437.04 
389.20 237.25 
-272.02 146.97 
427.97 152.35 
-291.61 -168.18 
-117.18 271.98 
63.40 539.90 
78.46 -116.53 
243.43 -224.84 
-199.73 105.99 
119.85 291.21 
148.36 236.99 
301.14 224.55 
124.57 -407.31 
-109.01 -451.55 
-42.75 -124.39 
35.55 473.52 
387.09 -240.73 
181.75 -170.75 
198.05 413.27 
77.28 303.62 
-270.38 226.30 
121.66 -132.43 
-160.11 -36.54 
187.40 -148.98 
-218.59 -34.19 
-261.30 70.51 
91.53 265.32 
-381.66 187.75 
-342.54 61.68 
-473.30 217.21 
-382.09 52.50 
-460.04 276.67 
244.33 -526.52 
142.50 558.15 
-423.85 -73.40 
490.93 280.05 
33.47 -197.52 
-213.49 -112.34 
45.95 -136.17 
509.57 91.21 
-182.05 -418.94 
221.20 -425.53 
-373.61 -104.21 
