38.68 559.80 
20.02 64.24 
-234.08 -2.93 
-84.24 408.23 
152.99 -256.98 
-120.56 -24.46 
138.31 379.42 
166.38 21.80 
-12.03 275.95 
-215.22 -351.84 
570.58 -87.11 
-385.83 -157.04 
-84.84 -106.06 
11.28 -437.04 
433.27 370.73 
124.90 102.60 
34.68 190.26 
55.59 13.26 
90.53 140.74 
-49.27 -229.81 
454.31 147.83 
-273.71 -447.63 
-542.47 -225.01 
-233.06 22.95 
-434.35 152.52 
-468.97 -0.50 
197.13 -408.42 
-287.71 233.00 
92.62 331.22 
419.96 341.11 
289.59 72.63 
-83.64 -330.51 
153.46 557.06 
-476.40 -318.48 
111.24 535.90 
-574.03 51.31 
-216.78 29.93 
-162.70 -82.43 
161.69 186.17 
529.74 144.35 
-261.21 377.19 
534.28 -85.80 
145.85 225.09 
213.85 -12.20 
-21.29 -369.21 
364.66 -446.82 
155.78 -404.84 
-107.97 -337.86 
-9.34 458.53 
579.33 127.82 
-506.88 117.01 
-114.33 -418.68 
504.88 159.81 
-394.58 -439.05 
434.22 21.98 
574.10 94.27 
