326.58 397.57 
-419.67 129.27 
199.01 -153.39 
-312.07 -92.44 
140.29 279.08 
-173.86 235.13 
145.95 -164.08 
-180.87 -107.86 
382.00 -25.34 
59.23 39.13 
-116.13 -248.98 
492.61 97.07 
127.14 102.40 
399.57 197.55 
-47.07 503.17 
-277.79 -401.78 
-49.00 551.77 
-127.32 191.36 
-11.42 214.87 
-570.91 -175.81 
-77.48 -193.81 
 6.51 -549.64 
-121.48 -139.00 
-230.57 260.66 
387.22 -101.41 
-54.84 -193.76 
244.43 207.43 
-88.24 -579.26 
13.30 130.67 
-203.34 -37.40 
521.75 -239.93 
-587.72 -39.44 
28.91 505.10 
401.35 -404.88 
390.52 408.62 
-23.55 237.49 
315.18 -490.83 
217.01 408.64 
166.43 -202.68 
-142.95 65.05 
-524.43 -68.27 
-101.61 -49.82 
383.00 -303.54 
-316.06 -294.24 
-325.34 -502.09 
-328.56 428.25 
320.78 -378.32 
-226.47 -288.88 
218.53 -149.41 
-30.67 227.48 
-355.54 447.43 
-484.54 -159.01 
-412.42 -51.41 
161.21 -463.88 
-469.97 85.63 
-122.31 219.94 
