-147.15 -234.98 
-302.48 -105.97 
142.28 228.08 
158.36 332.01 
-12.63 -189.03 
-46.14 -484.35 
20.43 535.50 
-85.87 207.53 
-150.24 -445.09 
346.01 245.04 
60.54 402.36 
67.38 137.83 
-369.42 159.34 
332.32 -136.92 
35.75 -492.39 
-427.77  6.09 
542.54 156.70 
-117.80 126.59 
-114.09 -412.43 
-513.99 67.79 
51.27 -467.49 
-218.85 -392.47 
417.36 -406.49 
-160.31 -439.04 
548.13 26.50 
-478.71 183.36 
-90.46 -552.37 
-424.57 102.02 
-501.33 -45.47 
75.87 -133.64 
110.91 -416.93 
-38.04 -110.73 
-203.61 460.23 
-312.47 -0.64 
-93.63 486.05 
-62.22 -156.96 
-169.77 -8.27 
-328.13 -179.47 
-414.65 -219.79 
78.17 -261.95 
-560.32 79.51 
-66.60 111.05 
487.34 286.28 
-169.01  3.07 
-239.88 -470.96 
-3.48 -156.13 
71.75 191.77 
90.43 -270.27 
-156.07 -6.56 
-47.59 -227.91 
 5.65 -544.79 
-438.50 119.14 
-310.06 84.06 
299.99 463.62 
239.43 -268.34 
469.62 -161.21 
