134.98 124.82 
165.21 409.35 
-121.34 525.08 
-128.13 -572.15 
-8.75 -188.43 
-117.81 201.53 
500.99 23.26 
-304.07 -260.14 
509.55 -189.76 
31.04 438.76 
-304.67 -266.43 
121.23 -558.41 
-103.60 89.04 
173.75 -423.25 
-236.35 404.13 
-207.46 163.58 
539.92 -19.41 
-324.72 244.30 
-28.96 540.00 
-7.89 46.10 
523.45 -7.95 
-340.65 381.79 
-297.22 391.42 
 9.95 -327.02 
64.99 -190.85 
-248.37 -143.36 
-537.10 -22.25 
300.16 -321.41 
-555.86 22.39 
-105.48 -514.56 
138.63 488.06 
23.42 -444.31 
-253.13 431.51 
71.93 -87.30 
432.09 -165.52 
-172.85 152.58 
330.72 229.13 
-458.86 254.76 
419.01 -203.49 
-180.50 260.10 
-340.60 -158.38 
66.04 -439.72 
47.62 524.13 
564.97 -82.07 
247.18 159.77 
-236.95 -250.81 
156.57 -72.40 
-339.11 81.62 
-269.90 96.24 
-50.87 -24.64 
-223.69 510.62 
107.29 268.80 
143.89 -33.06 
23.85 -221.93 
54.41 -68.12 
570.19 169.33 
