52.53 -497.48 
-91.80 107.27 
-315.53 180.83 
-386.94 -19.32 
 2.75 490.98 
-320.47 342.92 
338.03 -120.25 
540.48 -131.94 
-12.18  8.55 
-226.11 144.34 
-384.66 393.77 
242.82 -356.51 
175.19 232.45 
-18.55 529.70 
-257.75 332.69 
-47.53 -350.49 
59.49 -74.32 
27.72 -11.53 
434.08 -191.27 
-44.57 569.43 
519.10 -185.94 
-459.66 -176.21 
-19.44 -302.98 
249.25 177.60 
-119.24 -136.32 
-187.03 -80.18 
36.07 565.88 
541.29 -235.45 
479.22 89.37 
-196.46 -434.86 
435.91 -373.60 
-102.41 -143.83 
440.12 133.41 
11.40 537.67 
-561.94 -30.72 
493.28 29.34 
-316.06 455.95 
362.38 402.96 
77.89 -457.01 
375.86 -374.56 
219.54 -542.27 
448.09 62.83 
264.04 218.24 
-321.67 112.26 
-102.83 -300.47 
159.62 496.14 
317.89 -481.41 
-539.31 201.94 
81.60 20.89 
-321.78 -357.94 
329.57 29.19 
-18.37 -172.40 
-353.98 239.81 
-529.92 -51.79 
-81.13 -67.64 
-339.16 381.88 
