95.68 -212.61 
192.49 227.59 
387.56 83.77 
-110.48 -267.89 
114.19 496.34 
131.15 -410.36 
92.65 452.40 
218.04 282.59 
192.84 -6.50 
190.28 191.64 
557.07 36.56 
206.12 -212.10 
272.22 533.83 
27.74 -28.34 
-201.48 -483.88 
-431.93 208.02 
-465.54 -274.80 
-305.70 314.89 
197.96 -181.70 
-164.38 -450.00 
-246.22 210.49 
375.04 -431.67 
418.13 -14.43 
-389.98 -359.63 
 7.88 -49.01 
-37.48 -20.93 
568.33 46.06 
-26.69 560.19 
-165.69 -413.98 
-356.47 -123.15 
-220.07 355.12 
140.71 -262.32 
436.27 -311.13 
-314.23 -196.54 
-39.51 -163.12 
501.70 -16.02 
-39.65 106.10 
-195.26 107.68 
164.46 -276.42 
431.35 336.29 
46.21 -362.32 
-370.70 92.80 
58.78 -370.88 
-478.71 -343.94 
-173.84 195.30 
250.36 442.86 
 5.35 -547.50 
-125.97 367.09 
-97.01 116.87 
-455.91 138.85 
-294.21 210.10 
163.28 -286.80 
101.46 -565.85 
394.70 412.05 
315.75 250.17 
209.05 -412.69 
