15.56 443.39 
447.19 232.08 
-337.19 79.27 
37.20 -61.14 
-314.18 -244.10 
-197.45 -21.14 
-253.72 -44.33 
-38.25 24.10 
-135.19 64.82 
-63.51 11.07 
26.83 -106.42 
124.73 493.80 
-358.52 -400.96 
-95.57 574.14 
-506.91 297.41 
526.29 117.42 
444.09 278.36 
-182.16 214.24 
167.61 532.33 
181.69 359.71 
-391.93 156.75 
-139.00 -190.37 
-251.90 125.96 
-548.74 -144.48 
431.93 42.10 
-483.05 132.58 
-76.48 442.34 
406.30 311.79 
282.83 519.33 
-103.83 61.12 
504.24 -212.43 
191.75 -147.42 
180.53 -149.16 
-114.03 171.25 
230.46 -121.58 
-38.73 597.07 
405.07 37.52 
-378.40 -167.39 
69.43 -330.37 
-350.25 -242.06 
339.74 -176.05 
-285.19 -307.92 
-78.38 -561.82 
-167.14 569.96 
233.83 31.92 
302.14 -219.44 
-105.13 296.61 
160.20 122.02 
248.73 -271.01 
141.58 -14.88 
-194.53 -565.60 
-428.09 -399.63 
-175.15 504.99 
-182.42 19.02 
14.69 -251.61 
286.61 399.84 
