-166.61 -486.34 
79.04 265.24 
577.77  2.71 
129.51 -153.73 
47.24 -422.75 
-46.87 126.63 
-37.64 425.96 
186.26 238.82 
 1.80 -156.48 
35.58 -335.13 
387.98 24.89 
476.94 -62.84 
587.10 -14.31 
-217.78 429.51 
234.39 -281.55 
220.93 -308.00 
-250.32 524.02 
36.04 274.12 
41.97 -165.58 
105.46 -577.21 
576.53 127.46 
-48.96 -395.06 
214.28 -163.93 
-5.41 119.21 
391.97 120.12 
118.08 -344.61 
-184.89 167.03 
-206.89 472.84 
-171.85 -352.65 
163.93 -354.36 
269.03 170.99 
31.04 230.15 
 6.09 437.94 
-423.84 322.34 
-484.85 256.57 
153.01 -407.50 
511.40 190.07 
130.24 136.85 
511.20 67.09 
 4.25 -404.00 
66.13 -118.14 
-448.97 219.88 
356.18 30.47 
576.95 129.11 
11.53 291.56 
76.95 187.33 
186.96 565.19 
46.24 -218.56 
-404.60 -262.77 
-183.35 -2.57 
534.02 -8.12 
-29.95 -29.08 
49.04 485.21 
346.75 387.95 
-440.66 -51.73 
391.26 -91.07 
