17.81 -487.64 
-301.80 -379.82 
 9.12 -143.51 
331.22  6.64 
-308.80 -377.28 
-134.96 -559.64 
-432.27 -94.67 
563.76 60.40 
-216.60 -423.42 
351.91 -447.76 
-53.61 375.32 
30.77 268.70 
-193.90 -459.36 
366.14 -338.94 
-333.84 -301.01 
66.29 -79.28 
583.11 32.18 
-118.77 -56.01 
105.05 -363.76 
-453.47 215.03 
225.43 -143.68 
100.99 -247.71 
-541.15 -177.08 
-25.50 -334.43 
58.96 -204.86 
49.01 144.41 
259.11 -476.10 
-218.59 -130.50 
-314.31 -48.25 
-331.13 -126.86 
-215.91 499.43 
-493.42 61.40 
-182.52 -472.67 
-327.63 251.30 
-286.90 190.38 
309.07 91.91 
142.77 440.82 
-171.78 -515.21 
-4.38 -52.02 
-336.64 447.14 
495.41 -23.96 
252.69 164.32 
191.55 -437.68 
187.07 -167.59 
-47.85 579.72 
114.65 -358.94 
294.35 -198.71 
-281.88 337.03 
268.28 19.64 
-355.89 305.30 
-149.65 -557.91 
286.96 372.58 
-30.72 260.74 
 5.58 -257.46 
208.91 -41.79 
-336.49 145.22 
