-440.18 -310.44 
-74.57 306.31 
33.00 -469.42 
 5.32 378.54 
187.51 176.56 
150.75 240.72 
376.23 437.34 
-397.44 433.04 
-248.97 506.00 
-152.80 -196.61 
73.43 503.96 
225.88 -51.44 
-281.70 -255.14 
-492.99 322.37 
521.87 263.75 
-208.80 426.44 
170.74 -331.14 
-513.27 -216.45 
-200.86 304.36 
-175.18 454.14 
-372.89 163.41 
-349.07 308.70 
-374.43 -294.43 
92.15 171.20 
 8.47 -234.00 
189.29 -458.56 
241.09 383.14 
-416.14 -169.45 
-344.67 -254.42 
-458.43 66.24 
-41.08 -133.88 
17.29 204.33 
-408.15 -130.55 
-280.37 80.86 
-64.24 -278.53 
-445.52 244.18 
-465.34 296.91 
-265.52 44.31 
338.50 -242.94 
-98.27 443.75 
257.92 -43.79 
58.45 -254.13 
-112.15 -21.35 
-464.26 -72.93 
-268.28 -340.15 
-265.69 110.57 
388.21  6.70 
-388.06 18.17 
455.73 126.28 
387.11 443.19 
-513.05 -52.10 
308.88 -368.02 
133.44 312.40 
-466.69 147.96 
89.95 122.32 
-80.53 341.70 
