117.45 -408.11 
283.37 -298.86 
392.03 -68.91 
56.56 -277.97 
222.18 -521.22 
147.00 -167.80 
332.14 -295.68 
353.32 170.35 
-162.83 -130.23 
-337.75 11.07 
247.88 162.94 
-34.04 214.23 
-488.81 -203.44 
184.91 -186.66 
-439.79 -407.91 
168.56 -328.51 
-556.94 -91.48 
594.50 -68.99 
193.04 263.88 
522.05 -54.09 
-552.65 67.98 
157.12 42.88 
35.59 154.32 
547.45 179.22 
589.44  3.64 
-255.93 251.14 
126.47 122.39 
-149.75 229.05 
185.38 -393.38 
209.99 455.44 
 1.12 -365.98 
323.44 437.42 
-335.88 428.67 
28.47 143.07 
35.38 -306.62 
-103.41 83.46 
-571.43 -148.99 
12.54 -12.32 
-216.98 144.90 
154.75 537.06 
137.08 -444.17 
-369.83 -171.04 
-312.69 417.37 
277.24 388.52 
-527.80 -22.52 
299.39 -94.11 
216.21 -221.78 
-39.57 131.70 
189.18 -527.57 
324.65 -201.88 
 6.11 -288.75 
165.11 -193.42 
514.23 215.98 
133.65 -347.13 
351.84 478.98 
-223.19 -422.81 
