127.84 -443.53 
-480.48 -112.86 
591.64 67.93 
321.38 -254.27 
-343.47 -60.08 
221.25 262.09 
-104.24 -210.47 
-421.00 330.71 
-302.96 -467.76 
-519.68 -284.38 
-71.20 154.20 
104.94 -43.75 
397.79 -129.53 
-556.44 -121.99 
-508.14 207.73 
309.07 -284.71 
476.61 -7.03 
56.86 -358.78 
-216.88 -416.03 
-309.90 257.99 
 2.34 574.53 
-252.35 397.78 
-493.75 34.51 
108.99 -287.31 
186.80 425.82 
-11.50 -365.99 
-385.70 -394.09 
-529.45 -48.69 
 3.82 588.54 
418.90 -110.96 
-221.16 -435.63 
-148.86 -496.00 
-317.45 -401.20 
-183.35 219.21 
-287.08 -196.07 
517.46 245.17 
-196.78 -63.24 
-204.00 147.01 
-433.05 -141.08 
323.23 -329.21 
381.55 -289.20 
115.75 231.85 
247.41 -230.63 
-197.74 327.91 
-14.51 234.11 
-325.22 -463.93 
-417.10 -202.95 
345.07 -416.85 
385.17 -49.85 
-44.14 -505.10 
384.60 136.66 
346.24 33.88 
365.68 275.02 
496.68 -250.03 
-126.18 -265.74 
125.71 -585.96 
