-388.26 15.53 
203.05 164.92 
181.69 289.96 
-302.12 -439.14 
-266.88 414.67 
330.78 443.88 
-279.31 262.25 
-341.20 314.85 
213.71 236.68 
71.80 484.69 
-191.84 291.81 
-528.22 -96.93 
548.73 -140.80 
-344.70 -465.77 
176.04 228.56 
288.10 -99.47 
-500.16 -130.05 
159.02 426.24 
579.44 42.28 
-263.17 -191.10 
46.58 -334.61 
138.08 -175.63 
333.34 -44.69 
387.64 -83.68 
350.53 -92.76 
314.40 -497.23 
-458.69 -7.47 
34.84 374.45 
-200.02 -80.99 
27.92 -423.80 
-348.09 -147.10 
587.30 64.49 
79.87 -200.78 
-311.18 -81.14 
-346.69 346.22 
55.64 -242.48 
344.60 68.53 
392.68 -113.11 
-112.60 526.38 
32.77 -255.36 
207.27 26.46 
-122.27 355.47 
371.61 -103.83 
-404.39 -51.12 
-203.55 457.37 
163.28 275.80 
-136.42 42.42 
298.53 -379.15 
-97.50 -457.92 
-42.16 -345.04 
-17.34 260.33 
-397.40 183.62 
391.92 -418.56 
-204.10 -268.14 
479.44 -270.95 
-400.69 -349.29 
