-285.81 -86.99 
49.82 357.67 
-415.66 -176.84 
-417.12 -349.75 
-132.86 362.31 
-157.99 -84.68 
18.18 165.49 
-100.61 -261.36 
-104.38 421.55 
-503.96 37.82 
-307.32  3.05 
-39.29 -348.41 
-478.10 -211.17 
-320.11 -325.31 
-390.84 395.03 
430.07 -46.44 
-94.12 347.56 
541.38 255.64 
39.08 194.02 
367.37 -427.36 
-387.84 -451.54 
-413.71 -351.14 
376.54 194.34 
187.06 -176.10 
-425.43 -162.50 
-181.62 269.21 
-306.01 509.56 
-158.60 -155.88 
-6.28 -198.52 
455.12 -14.70 
180.21 -510.23 
390.82 148.55 
-95.94 -59.71 
563.14 -86.66 
76.11 -450.54 
188.81 -386.85 
-528.83 -47.36 
-408.16 -387.25 
83.03 419.50 
36.26 -294.96 
-235.84 -35.50 
-499.52 -258.32 
-325.69 -362.39 
-53.75 16.85 
-151.77 574.33 
226.23 -548.22 
-38.75 -185.69 
83.32 -469.61 
-307.10 -442.63 
45.39 394.15 
-384.84 283.93 
-542.80 -215.23 
92.94 -140.00 
-126.94 221.02 
-162.64 222.08 
279.41 476.89 
