72.13 -105.59 
-433.35 -188.85 
-368.41 329.76 
312.44 -426.99 
261.10 -247.61 
457.87 306.81 
-159.02 503.29 
327.85 331.55 
-311.69 66.19 
-377.97 -391.55 
194.58 190.76 
-187.13 -233.57 
-288.48 132.55 
-99.47  3.60 
-405.19 -30.78 
-354.93 281.56 
-367.44 -167.24 
-464.99 -366.09 
22.13 201.80 
-353.24 -266.64 
-277.08 357.73 
456.22 -258.29 
110.78 -141.45 
-560.97 143.08 
438.14 -126.57 
-491.59 -165.53 
-215.65 339.23 
552.70 -209.59 
214.36 151.29 
-223.91 555.16 
145.24 -180.01 
143.45 431.81 
432.79 -194.09 
180.35 -514.34 
-124.65 -428.28 
-583.92 123.51 
-180.33 50.51 
137.92 -115.01 
-97.73 -113.08 
370.67 -43.65 
-207.68 -144.55 
-186.79 -354.82 
-498.71 69.48 
224.17 -287.18 
-428.18 -156.77 
23.19 -344.59 
-54.92 78.35 
-431.84 338.83 
-414.99 -5.23 
552.21  0.84 
-114.00 182.43 
105.33 -253.79 
168.45 573.51 
-286.07 156.94 
269.46 15.16 
189.81 -352.93 
