281.06 -353.57 
-430.99 -97.87 
32.39 -462.68 
-346.24 487.82 
522.65 -238.79 
-169.29 89.55 
260.22 502.77 
-34.32 -484.98 
-130.43 -244.46 
-474.17 -22.10 
-177.60 -354.26 
222.97 -92.86 
301.40 -213.98 
-123.73 -356.89 
-383.70 -372.11 
-83.16 512.18 
157.54 -224.09 
-17.13 -272.23 
475.78 -5.80 
400.22 305.60 
-576.93 -13.29 
-216.62 -54.70 
437.12 322.73 
291.81 -425.42 
-83.88 -481.71 
93.35 -198.13 
157.11 66.60 
-229.34 386.10 
-288.58 -282.22 
116.39 -116.94 
-385.00 -118.04 
183.19 -132.16 
-454.42 280.54 
-374.79 -282.78 
-408.39 101.45 
248.85 413.65 
100.97 382.78 
-356.12 -155.78 
423.92 126.55 
406.57 73.09 
396.19 -64.48 
-29.27 224.48 
280.22 483.52 
156.16 -340.14 
162.40 168.03 
-429.55 273.37 
64.33 94.60 
275.39 77.43 
123.43 -35.96 
-34.69 338.92 
359.78 129.74 
 3.99 -205.29 
-255.76 197.96 
467.30 29.68 
-62.12 -46.46 
481.49 -148.58 
