244.12 -483.47 
-27.16 353.16 
-291.61 140.38 
-231.76 87.42 
87.52 -46.82 
284.64 356.72 
-21.96 -0.44 
232.02 61.47 
-296.67 -342.44 
-482.67 114.88 
398.37 233.00 
36.75 184.40 
93.25 254.43 
262.73 342.53 
-55.72 148.22 
474.87 -98.68 
-83.36 -122.87 
465.21 -323.92 
-256.52 464.84 
-183.52 393.65 
-6.86 350.50 
-340.97 35.44 
376.71 -374.89 
472.38 215.80 
582.49 138.08 
-53.59 180.56 
-202.60 539.63 
-311.42 198.03 
-159.49 -250.52 
-323.97 325.52 
164.04 -251.57 
46.24 274.76 
-175.37 -263.94 
200.08 291.25 
547.99 -62.36 
143.17 537.75 
552.16 211.80 
569.41 87.28 
52.28 -475.19 
-424.94 -304.72 
-248.19 -534.84 
367.45 399.97 
319.68 -123.79 
-200.15 -371.95 
545.46 -223.88 
-395.06 283.72 
-66.82 -61.87 
 9.92 -88.43 
-454.70 -51.87 
44.88 575.21 
-444.54 -172.35 
152.17 49.41 
57.08 -450.23 
268.08 -224.31 
-340.92 -342.97 
-110.12 -387.03 
