196.53 274.56 
-4.16 80.01 
-0.42 -303.24 
-41.43 -222.63 
-525.37  5.64 
437.44 262.55 
-299.75 -111.29 
-382.78 410.63 
-258.69 -496.56 
585.88 14.28 
222.98 433.84 
88.29 578.43 
-145.79 128.03 
-412.82 -33.25 
-511.71 -301.35 
133.02 389.47 
-118.84 145.73 
-356.71 -133.69 
-340.63 -380.53 
-18.84 297.67 
312.32 76.37 
525.23 -160.17 
377.89 -20.02 
118.06 -259.86 
-418.87 361.23 
247.55 79.25 
-184.81 401.10 
110.78 588.79 
-321.69 293.32 
-300.79 470.91 
28.98 -2.41 
451.80 -327.20 
-115.63 367.58 
 6.82 467.04 
107.04 296.41 
320.36 243.96 
-227.74 251.65 
43.60 -168.94 
147.33 -283.75 
-136.48 -295.29 
462.82 -272.89 
-133.33 154.20 
298.45 -249.00 
324.65 -211.46 
-355.53 -169.77 
-98.08 147.46 
207.21 -179.86 
111.83 -323.95 
-268.62 -287.86 
-50.47 -564.03 
376.96 -115.84 
330.27 -204.78 
122.87 270.38 
-111.27 -69.79 
96.20 82.53 
303.50 56.17 
