-42.96 -310.32 
242.98 -295.33 
272.73 -167.91 
209.21 97.72 
-273.31 -292.03 
489.25 264.90 
-43.02 469.03 
-336.07 -383.79 
-387.30 156.96 
-235.78 227.90 
61.36 483.02 
445.40 -202.05 
-137.21 -356.07 
520.03 -226.09 
-483.63 203.60 
-193.65 521.39 
568.01 -88.72 
-259.76 537.26 
-74.88 222.84 
255.92 -272.28 
-9.90 127.32 
-12.45 -475.57 
398.00 -332.77 
-219.05 -225.23 
-232.98 -2.67 
-493.51 -184.33 
-253.14 223.55 
453.45 116.78 
-401.22 -165.18 
34.62 393.92 
516.71 93.58 
72.23 -1.36 
129.12 115.27 
-354.76 -213.87 
336.96 -464.07 
-326.56 -473.61 
-313.69 -129.73 
-159.25 241.22 
442.66 147.61 
346.15 317.79 
-106.98 -58.89 
450.40 -241.45 
-307.89 292.77 
-416.41 157.40 
-97.80 66.52 
-488.38 -80.90 
-183.59 328.89 
447.99 -334.11 
-272.70 136.24 
-59.71 109.70 
-357.77 -92.48 
460.64 -11.50 
153.73 425.64 
277.51 -87.11 
219.10 469.47 
63.30 415.06 
