-269.90 -18.39 
93.74 -356.54 
356.52 -408.05 
-234.14 517.54 
139.38 -476.90 
-248.19 208.97 
209.07 -176.00 
-372.59 226.75 
285.67 343.83 
43.98 -298.54 
-178.47 -419.46 
-63.37 453.77 
184.76 -124.60 
-201.31 188.88 
-190.53 191.94 
-125.70 162.97 
21.71 -294.72 
-100.01 189.93 
190.79 -491.84 
-118.91 536.98 
-408.54 87.02 
-370.76 411.82 
-460.33 233.41 
483.85 -171.02 
478.50 147.77 
-397.30 194.09 
-290.83 64.04 
-582.92 133.21 
-96.62 -515.92 
30.78 158.68 
-224.45 -453.22 
-133.06 420.49 
-402.43 323.27 
253.55 -289.72 
429.89 236.50 
283.62 439.04 
374.42 246.17 
392.41 70.70 
476.27 -348.20 
505.23 -112.59 
127.46 254.14 
-247.55 -28.98 
 3.58 567.87 
-458.56 -238.35 
-342.43 -414.32 
222.45 -501.38 
-179.87 -313.78 
-51.72  1.36 
-99.94 70.98 
-539.78 -52.00 
411.76 285.69 
-105.80 528.00 
20.20 -19.73 
388.81 415.71 
-202.40 148.04 
369.74 -373.01 
