-220.36 -547.41 
-81.65 -465.79 
-362.78 -251.81 
394.91 240.04 
34.36 454.85 
-526.37 180.51 
368.38 62.99 
191.92 -388.20 
-153.66 -344.71 
-436.64 -319.29 
141.53 -376.01 
-236.16 -394.11 
-459.06 -267.72 
315.75 -379.45 
-224.75 358.18 
-103.88 76.45 
-25.31 204.27 
-511.17 -76.26 
-257.45 245.48 
-313.96 115.67 
194.83 -299.34 
257.93 -53.98 
447.06 235.76 
-389.03 306.48 
429.53 270.24 
192.15 -124.71 
-250.97 -68.75 
78.50 -282.30 
115.68 -75.29 
213.30 428.01 
-60.46 572.27 
-303.23 -192.17 
-22.22 46.29 
107.16 516.06 
-33.19 441.65 
16.84 541.34 
-157.98 -413.50 
505.82 165.33 
 3.03 582.34 
570.53 -127.49 
94.80 582.35 
202.28 -161.87 
-17.29 -442.64 
550.06 89.35 
-335.04 496.58 
232.62 457.34 
-336.70 312.41 
-109.70 -165.54 
69.86 25.74 
209.82 348.52 
-90.66 177.33 
-535.55 149.59 
100.24 -113.33 
346.33 -226.98 
152.57 122.68 
195.12 -563.82 
