-279.82 -436.01 
-508.92 138.21 
-47.24 460.70 
-231.57 335.49 
-435.75 -337.64 
-428.26 -134.94 
237.78 -2.67 
514.41 126.08 
-444.96 375.19 
204.18 -192.41 
-527.88 16.59 
79.58 307.94 
-514.09 -109.33 
-93.82 13.26 
-567.01 -109.58 
-71.43 512.66 
503.26 -305.04 
286.36 -200.95 
-212.42 -478.99 
457.46 131.41 
-404.10 60.04 
548.61 229.21 
-569.57 -112.25 
411.52 -16.14 
-119.87 57.56 
-532.63 234.83 
87.94 -440.61 
-263.73 -507.87 
70.45 354.17 
338.53 459.67 
-357.42 120.94 
-390.48 -235.07 
150.86 276.97 
411.81 -182.33 
-318.43 -451.06 
192.79 406.16 
455.57 359.08 
-140.12 194.38 
331.21 456.33 
137.71 469.93 
106.98 -317.93 
-125.05 279.92 
173.00 365.93 
152.22 204.98 
-348.35 -332.49 
-211.19 180.77 
-84.34 -422.38 
362.20 -92.99 
207.35 397.69 
-36.37 -300.60 
-3.49 -288.94 
115.15 -416.20 
-152.74 271.52 
-189.18 478.70 
-311.79 -280.55 
363.11 -50.61 
