-19.01 383.80 
286.69 -69.20 
133.88 -76.92 
255.95 143.60 
588.93 49.35 
193.78 440.69 
-463.81 283.97 
-250.90 -288.45 
-514.65 -149.76 
-192.06 -561.27 
-413.63 -143.36 
-410.00 77.85 
89.11 -298.38 
395.51 -386.95 
-288.13 461.33 
-216.10 199.07 
159.66 -11.04 
-339.01 412.44 
-14.82 301.30 
330.48 -248.47 
-248.28 -337.28 
70.19 500.78 
-176.08 310.88 
148.29 -232.23 
159.93 -142.03 
-132.61 40.98 
106.03 -575.83 
-146.06 262.89 
261.64 25.71 
235.79 -513.34 
324.35 355.30 
61.88 161.43 
336.36 447.95 
440.60 158.93 
267.72 449.87 
58.59 457.05 
108.97 -579.54 
-321.65 297.39 
-477.54 130.26 
-269.92 350.51 
327.35 98.05 
36.04 96.68 
518.11 -126.30 
351.79 24.15 
-110.08 -243.47 
322.91 261.06 
-462.98 378.83 
458.07 -378.74 
-65.42 176.79 
442.11 258.62 
43.72 -161.40 
-372.48 317.71 
224.91 201.58 
163.66 -276.19 
334.98 410.22 
41.52 -218.91 
