59.31 216.96 
63.32 -511.51 
-80.99 305.19 
244.14 -390.81 
261.07 -485.08 
-338.75 -268.34 
318.86 493.93 
468.13 -170.64 
-185.38 -296.67 
-49.02 -417.37 
401.64 86.26 
-108.62 154.05 
-404.83 -52.12 
-510.13 17.35 
-76.40 -481.80 
-500.12 296.03 
52.41 -543.26 
-364.56 -53.64 
-386.60 404.63 
-392.38 169.99 
-475.43 32.09 
-18.63 70.79 
-461.90 350.20 
410.47 -67.41 
-96.07 -114.15 
140.19 330.21 
-315.52 -326.55 
-72.76 450.49 
204.38 -143.03 
380.19 115.28 
252.82 440.49 
-355.22 190.03 
-85.17 -437.56 
-322.83 -351.80 
413.23 372.24 
-587.34 71.03 
34.71 479.95 
436.82 -14.01 
-5.08 -137.08 
-295.34 396.37 
-120.28 -76.03 
21.35 200.86 
185.36 434.25 
-440.22 -91.04 
-142.58 485.21 
-249.45 -130.25 
-51.65 256.00 
-574.55 -84.03 
107.90 211.42 
-124.47 505.59 
-151.32 -169.59 
395.47 252.18 
-501.97 -281.18 
-261.41 386.66 
-152.17 14.55 
116.17 90.28 
