-110.09 -224.62 
213.94 -333.34 
349.62 146.31 
-561.07 25.55 
243.09  1.16 
279.92 268.03 
-326.63 352.59 
-354.99 -256.84 
517.50 -168.68 
-365.07 -173.73 
413.21 -210.39 
123.13 247.24 
76.81 -265.07 
-74.20 -428.71 
11.99 -30.04 
390.56 185.67 
-179.02 286.74 
-259.02 537.60 
-359.16 252.64 
541.22 -222.68 
-152.91 390.72 
-130.40 -348.31 
134.49 465.54 
-223.18 -248.53 
402.72 -302.55 
-419.58 106.65 
188.80 -483.44 
12.17 267.43 
18.90 -82.32 
303.73 140.57 
456.09 232.55 
530.62 -108.13 
-110.22 -8.44 
286.64 184.32 
301.28 344.61 
-432.91 -285.84 
-510.19 -27.53 
74.80 -422.72 
-56.05 138.84 
-4.98 -85.49 
-215.45 -361.46 
98.91 -179.40 
-135.05 -24.38 
-98.30 -130.23 
 9.87 -518.89 
147.37 -197.18 
-278.86 427.49 
-295.93 -495.34 
-522.92 -236.78 
-450.30 112.51 
98.37 129.14 
55.89 269.83 
180.42 150.58 
-378.26 -46.56 
-257.07 -520.29 
-319.26 148.93 
