-167.09 411.77 
-411.51 -241.24 
-285.77 -262.79 
-306.59 132.12 
-205.82 -428.90 
309.20 469.48 
-19.35 -308.64 
-351.42 351.32 
-465.27 -274.42 
552.09 101.83 
427.65 158.46 
132.86 -548.85 
-521.68 -225.53 
-102.42 555.48 
-15.39 -502.23 
-449.84 121.78 
-12.62 258.81 
85.27  3.14 
-372.21 269.03 
381.26 -275.40 
200.72 162.61 
86.94 58.02 
-546.40 188.65 
-278.92 89.02 
140.79 460.54 
-189.65 -172.19 
405.49 115.41 
224.78 381.59 
-13.33 25.43 
306.97 238.15 
-178.33 365.79 
-318.92 -0.41 
305.04 -457.24 
-315.83 308.23 
-64.38 201.95 
37.71 595.11 
-389.39 42.40 
202.79 424.26 
-221.89 497.25 
-190.07 -232.82 
-388.96 -445.03 
-167.90 304.13 
-209.90 315.93 
-36.22 465.42 
-2.37 482.54 
-359.72 -269.97 
158.56 -15.91 
-48.15 15.91 
54.00 -29.08 
487.86 162.38 
-107.77 -31.73 
342.84 -133.91 
-39.74 562.61 
379.03 39.25 
488.71 -13.07 
-222.50 -102.82 
