398.37 201.39 
33.56 -329.39 
60.28 -424.86 
-276.52 -63.68 
268.61 201.58 
278.12 -17.42 
331.82 467.31 
191.10 -254.39 
387.51 102.55 
-251.91 -69.86 
28.30 223.43 
-420.92 -142.71 
57.51 -99.60 
-520.30 -154.36 
-104.62 -477.93 
-220.69 -90.31 
96.45 -474.30 
193.63 558.48 
133.94 219.02 
-295.04 -490.93 
19.70 512.08 
319.54 -446.36 
386.19 309.64 
410.97 -157.08 
-68.33 217.47 
-25.43 -69.05 
-80.03 293.31 
18.87 -386.15 
425.26 -43.16 
52.51 -355.86 
-61.12 143.66 
-42.99 -283.79 
114.58 326.66 
-529.46 -115.33 
-274.92 -80.87 
-245.53 -362.90 
267.76 -398.19 
-351.81 -468.58 
-35.18 -66.67 
443.27 -226.31 
-110.37 146.18 
-145.08 361.84 
-104.85 -262.85 
-22.03 219.22 
240.87 204.68 
-0.13 -121.12 
-197.35 -565.05 
-360.92 210.74 
254.28 -64.36 
324.65 405.92 
-35.32 51.96 
-281.63 -245.51 
-143.70 426.20 
-95.77 -202.94 
-48.86 341.55 
-404.01 261.34 
