-255.19 400.79 
-44.20 -67.91 
-36.48 -152.99 
376.37 310.23 
-35.25 -29.27 
-359.95 -266.72 
255.06 -445.60 
152.66 88.99 
427.74 404.61 
-343.78 -397.68 
-417.30 -73.60 
-297.90 287.66 
142.18 402.54 
-181.15 -365.72 
43.88 513.09 
-505.08 -216.01 
-201.53 143.16 
178.57 -244.95 
-132.70 324.23 
584.62 -59.73 
-328.23 -152.35 
241.69 27.24 
-523.56 -76.72 
463.84 113.42 
207.74 169.12 
335.44 -81.88 
-484.90 146.28 
-507.83 -269.90 
106.59 354.89 
437.37 -103.61 
293.61 342.87 
328.65 -462.38 
305.13 -42.86 
569.86 -55.59 
115.57 -538.22 
551.40 -113.43 
50.84 484.67 
47.06 105.74 
403.13 -205.69 
-376.07 273.15 
247.48 -346.19 
427.58 -94.86 
265.55 -427.74 
-234.11 176.53 
-535.33 236.66 
-196.02 553.49 
-475.46 -273.36 
399.62 -396.61 
-50.71 87.62 
-514.61 -145.51 
-110.96  3.80 
-103.99 -303.17 
-333.87 -173.77 
-97.88 70.47 
-263.79 26.78 
187.07 -369.73 
