-257.97 -211.80 
69.67 374.63 
-525.23 129.14 
-133.29 569.67 
-111.92 554.36 
-295.97 510.90 
-333.07 290.61 
383.56 22.31 
29.40 295.21 
-280.33 78.27 
-265.42 132.82 
-65.34 514.13 
-78.60 249.25 
-91.60 -111.55 
140.09 -541.82 
239.82 -522.49 
57.45 -252.24 
-296.72 -380.52 
348.38 -135.23 
414.01 193.52 
-396.29 325.46 
262.89 515.05 
229.68 191.89 
265.18 181.96 
-521.63 119.45 
-36.86 96.21 
188.94 -112.45 
214.32 -296.26 
-241.84 11.31 
499.52 235.05 
-252.57 -384.80 
-145.08 230.12 
411.29 436.83 
-170.51 -193.94 
-427.61 204.52 
163.32 -27.82 
-302.04 -309.34 
281.68 269.26 
-502.60 -264.69 
95.62 -357.90 
153.37  1.21 
-228.18 87.05 
-238.57 -370.38 
133.83 -340.97 
102.38 -400.22 
211.60 524.40 
-294.08 79.78 
99.91 221.51 
-15.89 -127.88 
593.96 50.96 
270.88 451.68 
-244.78 137.36 
135.25 578.49 
-298.99 49.00 
-97.31 245.00 
-73.91 97.08 
