376.73 -47.11 
-21.95 -258.87 
-532.38 97.19 
-214.11 322.15 
-148.40 -499.94 
108.88 -139.41 
362.39 -61.51 
221.70 501.27 
-484.91 275.67 
268.07 181.53 
-212.60 -25.47 
33.94 413.62 
248.93 486.98 
125.88 -481.05 
-432.88 -152.24 
187.70 -526.89 
-276.85 76.72 
-509.88 15.78 
-491.13 278.35 
-153.89 435.06 
-379.36 -459.88 
223.24 534.51 
-319.77 65.72 
-176.55 258.49 
90.33 -311.58 
-24.24 245.44 
509.84 50.52 
-331.01 308.75 
287.46 477.35 
27.41 -106.93 
147.24 325.44 
220.24 306.80 
207.54 332.10 
370.23 -158.46 
-14.40 571.15 
-113.23 -149.05 
40.01 519.50 
362.09 425.61 
-337.49 -408.51 
161.22 -508.81 
-172.73 50.86 
102.48 -87.49 
420.26 64.12 
-333.44 -326.63 
263.47 212.61 
-336.30 -473.34 
157.06 -470.95 
70.93 15.29 
-15.28 508.28 
322.62 -285.86 
-96.90 72.94 
60.70 17.08 
-474.73 81.71 
-224.35 -163.33 
-417.47 -171.30 
-298.45 -154.06 
