-511.90 110.34 
17.74 -233.36 
 0.77 -509.11 
-437.40 -97.15 
552.10 -142.10 
42.94 176.15 
247.61 -433.79 
-23.91 -329.19 
106.69 333.74 
305.16 216.87 
-277.45 216.68 
-265.70 106.75 
383.43 201.69 
-235.80 155.54 
171.93 -419.13 
-98.00 -110.42 
-562.93 90.11 
336.45 -252.62 
-190.52 543.34 
-87.79 -367.03 
-159.79 573.93 
450.24 -211.19 
247.15 373.66 
401.53 311.89 
-407.26 -267.14 
497.26 -211.97 
-349.78 128.01 
-1.31 -250.91 
571.79 -131.44 
-30.08 -469.18 
247.00 120.92 
-72.61 132.04 
-96.48 -535.24 
-531.29 124.87 
-304.13 -23.19 
55.67 -422.03 
591.82  8.30 
91.46 472.71 
548.34 161.96 
288.82 -114.55 
-286.33 288.47 
-100.43 199.93 
437.86 -397.00 
279.11 76.68 
25.49  7.49 
47.92 556.34 
362.58 -37.84 
-189.26 -338.55 
-39.63 509.36 
334.93 -100.80 
411.87 -179.07 
178.30 -43.20 
354.99 -1.35 
424.92 212.25 
-73.02 -432.69 
421.77 -387.44 
