235.99 263.77 
-437.68 -82.38 
90.92 428.89 
-149.91 453.21 
-508.43 31.47 
518.70 279.48 
-82.78 -332.38 
165.71 312.40 
-124.72 343.07 
231.81 240.32 
538.38 -15.31 
319.55 194.36 
-22.11 -144.99 
-373.03 377.56 
-122.72 -326.69 
358.34 271.33 
122.85 -78.01 
-19.70 -269.48 
-27.95 -402.03 
243.47 -334.11 
-312.36 -65.54 
-202.10 -357.82 
-186.33 179.69 
-198.41 506.13 
43.95 449.22 
-309.71 -372.15 
563.52 -144.65 
-399.42 80.90 
188.84 143.51 
509.43 280.86 
-363.85 313.45 
130.89 -298.17 
28.81 -103.34 
-227.11 105.37 
-444.87 -131.89 
214.17 296.26 
-139.12 162.96 
-221.33 -94.25 
-493.97 -270.23 
-146.40 -244.82 
-141.34 63.35 
-78.14 421.56 
-220.89 388.08 
99.45 -558.87 
28.66 -420.99 
227.44 148.84 
196.75 -433.35 
-165.61 -429.13 
179.66 -430.37 
456.13 115.97 
144.67 50.17 
305.23 283.03 
-547.20 204.80 
-58.39 -254.32 
394.56 289.59 
195.93 424.75 
