-552.06 -201.38 
29.43 -378.95 
-180.28 40.25 
-468.09 -66.31 
344.08 219.57 
124.28 105.47 
-458.09 334.23 
-151.54 -491.15 
185.76 105.00 
-291.69 -417.45 
-73.26 -0.28 
-287.44 234.20 
-314.88 272.47 
-266.45 -288.07 
-166.42 426.56 
-327.78 -268.25 
-217.83 104.21 
-497.67 278.89 
503.36 -94.57 
-71.01 -565.81 
-248.09 -419.08 
477.26 155.66 
-149.37 54.72 
216.75 156.63 
-44.38 103.74 
-49.94 -342.78 
466.59 -82.89 
313.49 -181.84 
-142.49 -565.17 
21.38 -531.79 
241.05 -187.63 
-259.41 -180.27 
412.56 336.87 
280.17 -216.40 
-271.85 168.37 
-297.01 470.97 
-106.03 353.68 
-279.28 -124.84 
-218.19 208.31 
148.15 125.82 
336.35 -466.83 
202.66 -113.12 
-42.20 -460.47 
69.87 -477.92 
-361.96 333.96 
176.37 472.57 
-125.60 -194.91 
-229.42 -82.35 
-165.25 -163.34 
-318.50 326.28 
274.93 59.46 
-224.15 -210.88 
-91.94 -217.78 
-509.57 -283.66 
-142.11 235.07 
172.40 -101.93 
