-178.42 371.14 
391.19 -18.63 
155.49 502.87 
-334.49 -469.78 
357.67 -29.54 
-382.55 10.16 
-219.93 -442.09 
-222.05 292.94 
-335.73 -319.47 
-245.02 -323.22 
103.11 469.30 
441.13 143.25 
-30.33 166.80 
555.90 48.54 
40.05 -179.25 
-251.04 538.40 
225.88 -167.34 
81.01 -456.75 
-499.11 -18.32 
-135.91 31.07 
434.25 193.90 
-166.15 466.69 
403.57 -136.39 
-217.63 453.03 
297.67 -342.42 
 4.39 133.98 
579.48 -27.69 
-175.76 131.95 
282.36 337.00 
-224.87 -258.14 
-262.40 344.61 
-525.14 -172.01 
489.47 182.42 
418.68 -89.16 
-151.53 181.74 
291.76 -132.75 
-6.95 128.90 
-50.68 -106.11 
475.81 284.51 
-332.44 193.66 
-522.30 56.02 
233.86 119.94 
-420.24 240.51 
90.26 572.30 
329.12 -22.50 
270.07 187.49 
248.90 446.04 
363.10 -48.59 
-389.63 -395.83 
483.56 -179.60 
149.40 -311.81 
372.35 -349.04 
454.52 -358.49 
246.40 12.57 
486.85 -45.09 
-32.35 565.13 
