-426.33 265.99 
144.97 -71.00 
106.92 -438.58 
570.16 -31.26 
-376.89 20.56 
-265.30 -417.31 
-300.65 432.74 
-487.57 197.91 
-308.77 -452.88 
414.52  1.78 
510.38 277.11 
-380.29 -413.06 
-67.27 116.73 
178.54 -122.48 
189.20 -466.94 
231.45 430.79 
114.47 -549.00 
-140.72 -65.06 
-252.92 340.97 
-9.13 470.93 
-454.33 137.61 
-397.64 206.63 
419.56 254.53 
221.23 451.40 
326.55 421.21 
-85.26 370.12 
494.22 -83.77 
-346.30 93.64 
-281.98 -85.06 
-482.72 319.07 
-66.22 555.15 
404.93 -36.30 
 5.41 236.26 
-321.10 -321.29 
145.53 -203.62 
47.93 304.92 
91.26 -217.84 
-275.33 406.29 
-527.72 175.89 
444.61 -294.55 
526.54 131.38 
-487.55 -199.36 
-162.94 -350.48 
175.47 426.55 
194.98 -81.34 
-134.95 -186.31 
192.00 312.84 
-6.77 -387.03 
-489.74 -313.27 
337.10 374.98 
-409.55 -325.40 
112.11 -491.00 
-203.42 76.01 
80.24 118.78 
95.56 421.31 
-302.07 222.29 
