-215.28 207.07 
86.81 -3.94 
-120.96 456.44 
367.57 -215.75 
-144.52 349.75 
-498.45 59.49 
221.28 -144.96 
360.28 218.27 
-459.34  9.28 
145.63 -133.66 
-100.72 -143.88 
-187.78 -498.07 
-159.13 -247.61 
-530.33 82.24 
-83.43 -301.46 
131.04 584.36 
423.63 395.02 
-437.56 269.81 
87.74 236.19 
-228.41 48.05 
187.29 -62.17 
55.04 192.28 
-406.83 -401.64 
-458.82 222.26 
-379.09 -98.84 
-574.79 -89.75 
-185.08 201.71 
88.34 -310.01 
125.19 290.75 
142.67 -4.17 
-402.64 35.63 
-79.78 -339.18 
-4.39 -466.26 
41.43 538.81 
56.90 -442.96 
-101.70 -205.31 
444.55 112.72 
138.57 -183.28 
-97.89 149.24 
282.61 59.48 
327.52 -66.48 
-279.07 -154.03 
-272.17 -341.43 
287.70 187.73 
72.76 41.23 
-280.56 426.69 
291.45 486.05 
-93.29 346.35 
-526.00 -285.26 
-440.37 319.48 
46.68 -483.30 
-288.59 227.42 
-386.74 330.27 
-220.19 403.45 
283.30 -162.64 
263.75 519.74 
