-129.39 409.56 
322.17 232.81 
241.98 390.41 
-557.83 78.11 
404.81 -149.79 
-115.35 431.44 
-238.02 -459.55 
-78.16 45.16 
338.08 -304.15 
371.08 -451.10 
212.66 -468.65 
109.90 -17.71 
505.72 208.75 
-249.17 139.93 
-192.22 184.07 
-82.09 248.71 
-42.33 -420.04 
-66.47 -535.40 
38.71 -21.82 
-16.57 233.14 
168.05 252.30 
-110.56 36.42 
345.01 431.55 
 3.47 -516.79 
-62.72 368.66 
191.64 402.39 
499.09 -31.95 
-280.38 329.07 
-0.57 370.72 
201.09 -519.91 
514.72 131.30 
381.81 405.16 
254.84 295.40 
-392.03 -267.75 
-137.13 232.90 
-479.26 -226.78 
-340.13 -315.65 
438.41 -94.31 
134.34 470.56 
-21.49 -265.85 
195.39 117.88 
-418.80 -11.41 
143.02 430.79 
-560.28 -18.07 
415.14 -206.78 
354.62 220.95 
-198.94 -552.52 
184.77 -481.45 
-174.05 183.83 
-245.81 -378.14 
-152.89 350.50 
523.44 159.43 
-27.72 -308.12 
-522.47 -234.58 
-107.67 -426.88 
-332.43 298.10 
