217.06 -500.97 
-393.48 -169.18 
74.47 -233.95 
-346.32 -276.68 
181.71 111.88 
-413.24 187.35 
216.28 388.38 
-327.44 -395.24 
134.58 64.61 
100.89 -507.60 
-188.97 197.90 
-272.14 -275.60 
-216.50 -16.57 
226.38 493.74 
-428.91 -357.35 
146.29 -388.75 
-50.61  6.98 
-128.68 -316.98 
-64.94 -358.15 
-64.33 368.24 
388.38 -218.31 
325.91 -120.97 
-284.99 339.58 
379.74 -310.96 
496.13 250.64 
-18.08 505.23 
270.97 432.30 
247.82 123.87 
-290.29 502.37 
-311.28 264.86 
116.75 251.12 
566.46 39.87 
-141.57 -132.41 
-23.50 424.85 
-483.01 -31.22 
192.24 366.04 
442.09 -255.70 
-90.59 381.92 
-270.76 327.59 
-168.36 -239.11 
340.14 26.83 
-404.44 -258.01 
-460.12 40.26 
-72.91 354.20 
471.09 208.50 
30.75 -402.12 
-13.74 48.30 
412.28  3.22 
306.70 177.92 
-374.01 141.11 
-254.69 61.17 
-315.28 137.27 
71.58 -51.89 
-429.02 297.31 
-426.81 191.96 
127.68 208.62 
