-417.67 -96.25 
424.18 202.40 
-525.84 141.19 
96.46 49.39 
-549.26 235.65 
-482.55 304.24 
-269.95 209.33 
113.89 -103.73 
159.04 113.98 
-49.39 -539.60 
149.87 439.35 
-437.16 74.71 
-293.78 -459.82 
232.22 -373.30 
-469.46 -197.40 
73.03 140.20 
458.93 32.49 
213.29 -346.75 
-256.57 -501.86 
342.66 407.45 
-475.74 -362.68 
332.71 488.11 
86.70 -548.96 
129.72 -287.87 
229.10 -487.28 
-260.10 -37.38 
186.81 -472.79 
17.14 491.44 
-90.37 429.90 
-261.27 13.44 
57.17 565.51 
-226.27 219.05 
391.83 -175.86 
-364.59 257.98 
-246.27 -116.97 
119.13 349.25 
97.33 504.54 
-142.01 540.67 
247.98 -504.09 
109.11 -405.97 
-12.05 368.82 
-22.46 -79.65 
-136.75 259.83 
331.41 386.22 
-36.06 328.55 
420.78 -341.64 
132.41 170.02 
143.45 -397.57 
110.47 350.12 
-216.65 522.34 
-404.02 -232.00 
-124.18 352.22 
219.63 -550.10 
345.31 -8.18 
154.48 -58.74 
-47.67 261.00 
