107.22 453.53 
-60.22 -404.00 
-356.49 -274.94 
50.92 -409.22 
-305.92 -238.27 
96.28 -459.52 
-139.69 -292.20 
-85.28 470.03 
-490.75 317.76 
-150.66 -540.94 
-92.94 -398.60 
469.27 -220.27 
-258.44 484.45 
-490.93 268.80 
-458.90 150.92 
-342.32 -116.90 
184.26 28.54 
307.95 -0.85 
446.68 -237.03 
-411.87 311.69 
-132.27 -170.25 
297.42 72.42 
-461.89 -341.59 
-8.12 246.65 
-105.53 -522.21 
93.08 258.20 
-229.95 -237.17 
208.30 -553.75 
-23.06 348.78 
264.82 -196.18 
-15.37 -578.98 
500.07 -271.28 
-443.23 201.81 
-257.68 -482.66 
207.50 32.22 
149.49 143.40 
-362.89 -235.77 
564.70 188.20 
288.99 -83.91 
422.86 -134.05 
278.51 180.33 
-436.58 -183.90 
273.36 45.67 
-459.74 208.12 
-337.89 -492.35 
-12.20 -127.15 
-150.40 163.88 
-362.22 427.35 
-218.72 -467.82 
-202.37 -139.20 
-380.07 -139.29 
-296.38 -390.58 
-267.91 527.69 
-118.66 -173.83 
270.83 504.22 
-468.66 321.37 
