-425.42 -338.33 
-349.27 -406.15 
-99.53 -275.01 
410.13 -285.14 
-109.92  9.37 
550.82 -174.40 
348.06 -388.24 
-217.38 148.79 
-28.15 562.06 
-324.41 -403.54 
144.80 274.04 
-102.46 458.95 
142.92 -273.76 
-137.66 -35.32 
-526.24 -10.20 
340.38 -249.96 
369.43 144.88 
110.29 27.91 
204.82 -489.49 
507.22 182.89 
-234.37 288.57 
78.19 577.66 
320.14 97.90 
-131.49 472.72 
-50.83 399.72 
-461.96 196.44 
-59.45 -226.39 
547.78 26.51 
-81.42 -525.39 
98.60 -56.35 
-491.16 265.40 
287.54 -277.00 
496.09 19.79 
321.04 -235.77 
-132.14 287.78 
-516.78 -281.19 
399.52 70.97 
-149.31 -448.86 
-400.62 -380.12 
28.16 549.26 
548.37 123.73 
319.68 384.80 
79.39 507.15 
-377.19 -382.93 
-183.80 517.79 
542.44 -71.62 
-293.31 -496.31 
-308.27 29.75 
301.31 -112.84 
-408.76 -192.88 
-51.24 304.10 
491.78 257.65 
-98.23 85.34 
-421.73 71.14 
443.80 -245.09 
-146.84 386.29 
