-232.14 354.75 
-69.51 -312.95 
-472.40 -250.96 
-93.58 321.16 
 9.75 354.83 
463.21 137.31 
368.49 -197.74 
-76.65 131.65 
-161.56 -150.22 
-198.17 -524.22 
10.57 427.20 
341.14 -392.74 
-569.68 -145.83 
-574.79 27.10 
-283.28 134.51 
-415.08 -267.60 
576.43 77.64 
68.15 114.49 
386.83 70.16 
180.82 -433.26 
197.61 -525.01 
-322.11 -294.30 
-379.31 -382.48 
222.60 26.02 
-51.64 -495.37 
-169.61 -104.34 
-333.09 -252.73 
-580.04 40.17 
 3.47 -508.78 
170.22 -382.71 
199.51 508.71 
387.29 -448.00 
106.65 382.05 
-404.87  6.35 
382.67 379.64 
86.76 106.02 
-500.85 91.20 
179.90 569.14 
52.81 -409.10 
438.34 263.40 
-296.39 -24.92 
588.60 15.33 
554.76 164.93 
-58.70 -3.45 
-203.30 -10.15 
496.95 112.70 
477.40 -30.76 
-422.74 364.32 
285.64 152.06 
148.99 249.29 
-159.57 329.40 
-153.40 563.57 
-31.55 584.01 
118.84 32.73 
271.62 -443.53 
349.11 282.27 
