95.16 153.94 
214.58 -445.46 
311.22 -243.28 
220.26 551.48 
575.31 -73.74 
-4.64 -260.99 
17.90 281.21 
96.98 -279.44 
510.10 71.32 
-364.12 -248.07 
-144.26 327.35 
373.12 424.48 
-432.29 -385.89 
-489.72 322.06 
83.21 -40.68 
35.93 -312.03 
234.85 342.07 
-78.83 -165.54 
-199.08 119.48 
547.95 -77.44 
538.71 64.69 
-336.86 -401.03 
-4.41 78.98 
-94.32 501.99 
149.39 209.39 
-257.06 281.70 
-247.09 441.36 
401.55 363.62 
-348.31 -292.61 
59.13 547.42 
240.78 -331.05 
442.34 -303.22 
298.03 -54.51 
-238.23 -166.44 
-213.78 -379.46 
275.02 360.13 
157.76 -133.02 
-88.65 500.47 
458.40 -92.20 
238.93 -314.75 
-168.77 -496.03 
-83.20 -495.81 
428.12 -99.39 
509.79 -94.43 
-321.74 343.71 
-228.14 231.69 
-83.28 -255.17 
281.04 70.67 
-255.80 -528.75 
242.43 480.33 
-342.04 -108.72 
172.65 -466.14 
228.11 -123.96 
-95.97 -535.94 
-396.11 20.33 
315.07 20.44 
