276.21 37.33 
77.60 564.04 
522.40 -126.38 
-437.72 15.46 
-458.43 351.05 
-211.99 -550.20 
-458.79 -292.33 
-338.88 -405.56 
-106.15 361.71 
-267.81 413.82 
69.34 -536.16 
125.93 -563.43 
-410.03 434.43 
-100.89 184.40 
-460.97 -2.53 
209.22 -446.63 
273.80 -492.33 
475.62 256.56 
86.26 477.03 
74.80 -481.61 
-22.02 371.40 
-373.15 -446.53 
501.45 -199.47 
-458.35 -231.71 
-252.40 514.69 
329.14 392.87 
48.47 563.35 
70.63 145.86 
-102.13 -540.87 
77.32 -279.59 
10.33 467.08 
-156.74 308.65 
41.61 227.25 
-444.54 170.70 
66.92 253.15 
-348.91 -276.91 
174.42 173.30 
336.88 209.72 
-244.89 -496.31 
112.33 69.73 
332.50 -12.57 
-396.13 272.98 
499.39 -42.25 
35.83 86.16 
150.33  6.54 
-137.66 -228.61 
238.33 115.38 
156.53 38.47 
19.31 -255.25 
462.64 308.34 
78.19 511.38 
324.15 127.04 
261.35 -215.69 
471.83 280.35 
337.66 -251.08 
400.29 -169.27 
