481.66 79.13 
-56.83 -67.23 
-455.26 257.19 
-66.07 183.83 
594.20 65.49 
-48.16  4.85 
190.46 136.61 
-173.05 -116.93 
-22.11 37.51 
-149.60 577.74 
-583.48  2.33 
-230.57 27.91 
268.99 -454.52 
-13.48 483.59 
-425.78 -289.13 
202.19 344.04 
24.86 -467.21 
-384.06 113.69 
-578.45 11.38 
26.64 -84.15 
480.66 107.92 
555.27 79.59 
-337.83 33.67 
-228.24 -492.27 
-340.44 322.35 
-352.96 16.17 
-472.37 211.64 
325.89 115.72 
45.00 -499.15 
366.31 70.71 
247.60 -22.55 
316.54 -86.79 
-346.80 360.26 
58.01 -360.71 
-50.18 142.39 
263.32 210.16 
-444.25 -371.41 
439.33 22.87 
 1.64 -352.35 
-106.87 560.05 
-148.25 498.43 
-267.77 315.52 
-299.84 461.03 
321.42 499.44 
-488.12 -289.63 
159.01 -517.57 
-166.50 393.34 
198.76 180.27 
51.54 -574.35 
-321.11 -130.18 
-197.32 -275.01 
184.19 -124.87 
-309.42 47.45 
155.84 -228.81 
190.69 -112.97 
-128.75 -514.26 
