-91.25 480.28 
-195.38 -222.43 
38.97 -7.24 
288.81 411.76 
242.44 545.13 
-269.20 -107.08 
-327.99 404.89 
333.51 333.16 
337.92 -277.40 
-407.17 51.26 
380.29 -77.98 
-113.81 153.49 
61.59 24.18 
576.93 -1.14 
-238.49 -330.96 
-136.96 -287.39 
-396.34 -13.79 
-131.41 140.60 
-164.98 470.64 
-175.28 -246.63 
-78.77 571.68 
29.39 -179.21 
261.76 -428.29 
-283.37 -112.71 
-140.62 -495.80 
-110.22 -139.34 
-367.11 -20.43 
-250.69 -534.80 
-301.48 -348.61 
214.32 405.48 
-316.86 71.29 
-298.66 -479.03 
28.66 550.72 
267.33 -519.44 
183.65 -306.32 
-304.85 -80.17 
-132.71 -476.91 
463.74 -45.76 
56.04 424.99 
-286.14 393.55 
-38.21 545.15 
-441.80 12.16 
553.59 -146.55 
55.65 -305.47 
-216.66 -551.25 
-167.97 331.13 
223.09 -259.56 
294.71 -309.15 
331.05 -190.18 
484.60 106.97 
243.55 73.67 
102.86 531.59 
-3.97 -86.20 
-191.89 483.18 
-109.53 82.56 
-417.77 -409.76 
