284.69 357.10 
-129.97 -534.17 
392.69 -395.04 
-10.33 125.35 
-357.48 460.65 
-488.37 -297.71 
122.43 -294.72 
-122.83 -520.75 
-15.09 -408.44 
136.66 547.26 
145.40 552.30 
-444.03 377.13 
-179.09 -524.85 
524.29 -221.36 
126.80 500.24 
368.37 299.04 
-172.66 498.13 
-244.34 127.49 
-152.53 -468.28 
322.86 -233.97 
194.50 48.10 
-13.78 -53.97 
 0.52 -55.93 
130.37 -187.00 
-445.72 361.73 
94.50 -482.47 
 3.14 347.45 
541.38 -32.30 
 4.97 517.99 
-315.03 -229.75 
-15.21 358.39 
300.81 -11.63 
-450.43 324.39 
477.29 284.44 
 9.39 519.90 
116.22 -505.30 
68.49  3.42 
335.41 -42.67 
38.31 -484.32 
104.70 -67.53 
-220.59 247.38 
364.28 268.36 
-409.38 -390.39 
99.01 -461.30 
224.32 -482.44 
475.92 -220.06 
-2.37 415.86 
-106.19 -95.02 
165.66 282.68 
231.87 23.87 
 5.85 471.46 
273.62 426.29 
-262.85 208.99 
255.25 338.78 
14.28 -463.24 
356.73 119.01 
