-339.27 -227.88 
282.01 -109.84 
 6.27 81.20 
328.20 45.92 
-418.79 112.80 
156.01 408.63 
219.14 558.00 
-74.65 111.38 
-54.55 86.20 
-527.21 104.61 
409.50 102.06 
-147.03 -472.01 
-167.54 -425.73 
165.73 229.00 
-534.99 56.93 
-179.91 227.90 
360.16 -72.06 
-278.98 388.32 
174.78 285.31 
-374.57 -356.55 
342.14 -318.70 
438.53 -207.54 
585.52 -44.17 
-359.47 167.12 
-151.90 282.34 
147.11 308.80 
-90.76 -160.15 
-352.39 430.44 
-446.68 277.47 
-442.63 -336.28 
-532.68 -70.31 
-62.18 163.53 
-254.00 507.35 
141.74 -343.97 
156.14 281.59 
-452.85 -259.05 
-119.54  5.28 
269.49 -55.83 
102.69 384.14 
-219.64 -118.65 
185.07 -553.00 
25.67 -441.09 
-204.74 78.41 
57.98 -220.40 
40.67 484.07 
-165.80 155.30 
73.98 -372.35 
-368.91 398.01 
150.12 -362.59 
-555.88 116.96 
-76.23 54.76 
258.44 -107.57 
456.59 355.36 
-510.42 74.03 
26.04 496.68 
397.32 -303.71 
