90.60 -566.47 
158.90 -272.41 
-272.61 169.39 
326.67 -318.53 
233.04 36.16 
-196.51 -310.82 
-488.44 -339.05 
73.07 -67.81 
-328.24 -53.18 
469.24 -346.49 
-539.88 260.67 
-435.11 195.23 
391.19 -261.10 
427.08 384.73 
548.86 -110.03 
241.59 229.10 
-464.63 -59.81 
-155.52 -565.35 
-144.85 -14.34 
478.36 96.61 
-503.40 257.10 
-250.03 -265.73 
146.09 -39.40 
-162.26 -478.81 
127.21 -119.66 
-182.04 201.76 
-196.37 -211.04 
-419.33 -156.98 
-88.41 -374.78 
-530.71 -234.29 
51.42 -349.70 
181.27 229.16 
-359.37 284.07 
-274.30 443.98 
199.20 425.86 
-43.06 -400.17 
229.17 349.06 
-265.30 -519.44 
120.03 144.98 
-213.18 -313.70 
384.91 78.27 
282.65 -67.99 
-2.98 299.85 
407.75 -11.59 
284.74 198.65 
475.17 162.99 
85.56 449.07 
471.70 -317.30 
247.66 -429.09 
129.12 -147.66 
39.58 187.32 
24.77 341.28 
363.06 -274.46 
258.00 -26.87 
386.08 -265.08 
-35.14 -252.77 
