-463.11 145.09 
428.46 253.69 
-267.69 62.74 
-383.37 -368.02 
-286.69 -416.84 
-131.73 -515.74 
 4.19 -219.03 
-247.85 368.22 
-217.42 -134.81 
-64.99 55.45 
326.83 -249.57 
-437.64 -297.46 
-452.18 -224.41 
252.42 228.79 
331.70 -318.42 
-322.27 -187.41 
-83.03 68.35 
45.44 502.11 
254.65 123.15 
-214.85  7.78 
418.49 -219.03 
-74.31 -234.88 
283.19 -344.25 
-231.39 176.57 
146.35 -88.72 
-162.56 378.46 
257.09 208.47 
255.59 316.26 
-136.51 -262.24 
289.66 -435.65 
364.89 215.28 
297.55 -73.75 
213.25 168.28 
-419.94 -54.45 
480.79 -310.83 
353.91 -44.40 
194.50 -218.64 
366.75 -329.13 
360.20 422.31 
-238.55 242.47 
552.27 41.90 
-468.17 237.42 
-331.00 -171.52 
-320.81 300.68 
566.72 -2.62 
379.41 55.18 
343.76 -241.38 
136.42 -114.24 
-321.60 504.64 
-229.58 -205.55 
96.13 364.69 
263.94 -517.87 
82.96 -291.96 
84.57 62.46 
430.86 128.18 
117.67 34.30 
