449.18 -367.11 
-28.35 367.74 
481.40 -54.70 
-315.20 456.01 
-299.60 -431.53 
-43.45 -224.26 
-270.01 -446.29 
-443.40 -160.70 
168.34 -558.22 
-35.08 576.79 
33.85 12.86 
-68.61 416.28 
512.12 -248.27 
231.28 -165.55 
453.35 -385.83 
181.15 -303.66 
-252.20 40.73 
422.54 49.10 
481.07 261.32 
130.25 -467.68 
109.73 -178.65 
-562.53  2.98 
 6.23 -402.50 
401.52 116.50 
151.61 -68.44 
54.41 -212.60 
227.87 -67.01 
412.20 -26.53 
106.90 322.44 
293.93 93.80 
462.79 -74.96 
-82.42 -516.68 
-110.91 -246.59 
231.38 237.55 
-300.71 -183.82 
-26.14 -363.50 
-82.12 478.11 
-402.94 -253.85 
476.14 220.17 
538.12 256.88 
-83.14 -468.33 
-403.29 -14.79 
-267.99 516.88 
-397.72 257.46 
-442.03 137.27 
98.05 510.69 
150.49 -13.20 
161.45 95.88 
367.42 -313.77 
148.17 -311.37 
132.68 -542.00 
-531.78 156.37 
-28.98 354.28 
-285.77 -63.68 
408.06 396.32 
-94.65 -72.54 
