468.41 195.17 
182.23 57.87 
391.90  7.34 
266.53 -189.68 
384.64 15.55 
-338.92 174.41 
43.38 -279.78 
-322.32 -239.85 
-118.01 -128.61 
-89.30 -487.78 
378.06 235.46 
57.60 -244.98 
208.44 -88.50 
-406.23 396.13 
-71.24 355.40 
191.55 -496.86 
406.39 392.93 
277.11 -147.30 
289.69 243.69 
415.10 -197.46 
-206.93 64.89 
-402.75 201.04 
24.65 -480.97 
70.43 -396.59 
-340.67 -250.70 
-248.37 67.99 
-141.52 -347.16 
-104.58  4.83 
-314.94 -297.34 
71.91 -453.07 
65.36 477.56 
-440.39 -48.84 
180.78 105.49 
-404.99 69.57 
121.58 310.75 
-473.38 -68.19 
-438.58 -77.30 
60.01 -217.55 
-460.88 348.31 
-255.76 149.83 
43.35 -382.96 
-227.17 436.00 
-339.98 131.35 
512.88 -310.96 
186.91 517.94 
88.36 -174.06 
-311.15 -73.14 
-91.74 -116.08 
-265.06 -298.54 
-201.02 345.98 
122.98 -473.93 
17.66 569.96 
110.23 -114.65 
328.28 -328.39 
-0.67 -371.12 
-32.84 14.69 
