286.17 85.02 
-390.01 305.19 
-393.33 331.65 
462.41 -369.30 
520.56 -128.96 
278.84 386.01 
-469.23 -170.38 
-104.19 -120.42 
-21.00 177.27 
-60.11 376.74 
-595.68 55.12 
77.14 -290.23 
-404.01 -298.59 
429.00 -6.70 
-438.59 -61.37 
-119.10 -188.78 
-270.18 463.69 
-297.70 51.06 
-113.67 398.40 
-118.10 -583.25 
24.84 -397.33 
-243.43 520.35 
-18.82 444.09 
129.84  0.85 
507.26 -130.32 
279.21 217.73 
121.06 -517.27 
321.88 305.07 
-231.25 60.77 
224.63  7.06 
-120.54 -233.45 
150.79 -160.88 
-6.43 72.72 
-127.63 185.81 
-352.26 454.27 
279.55 -238.35 
-136.37 135.89 
-29.58 427.66 
-74.46 -483.81 
-155.32 199.74 
-197.99 217.25 
57.43 102.96 
390.26 -333.47 
186.21 459.58 
217.56 239.42 
-172.86 558.11 
-225.89 -360.89 
-137.04 -418.07 
-145.96 142.33 
559.98 -96.89 
107.85 509.90 
50.23 126.45 
439.47 -81.52 
288.16 -247.53 
-236.04 -396.55 
-251.21 78.01 
