-249.54 -363.09 
35.04 90.15 
425.39 -265.79 
-8.65 -389.39 
-58.29 -213.02 
-276.27 -272.62 
-293.72 442.93 
154.20 404.00 
-3.39 -6.76 
-373.35 468.16 
488.27 321.81 
-128.38 552.74 
-194.35 -129.31 
31.19 -512.58 
307.04 190.70 
-324.47 -353.61 
-436.24 -330.12 
-427.06 -357.47 
95.20 -311.68 
42.83 219.77 
-347.60 257.86 
-4.24 363.75 
168.82 540.94 
292.89 520.62 
-120.09 -60.71 
-495.62 -98.39 
-73.88 223.23 
-70.84 -161.26 
-383.61 33.83 
-40.27 419.84 
-403.70 69.91 
-103.89 -316.49 
-99.90 -339.97 
-308.89 145.16 
-416.70 -134.12 
255.41 482.38 
-167.84 -302.32 
147.85 -409.12 
111.00 -41.04 
-404.10 -13.97 
-43.80 -43.98 
-136.49 583.05 
-275.90 -502.12 
79.79 29.94 
-478.08 183.62 
-472.99 -296.01 
-325.98 -268.87 
68.12 298.82 
-224.79 152.69 
-257.56 -93.09 
266.08 -335.03 
241.56 -9.48 
-515.20 -290.12 
112.66 -419.69 
-195.00  8.64 
-186.97 -229.94 
