33.87 -97.88 
353.28 359.20 
-537.66 -97.20 
546.45 -75.03 
-157.85 -209.92 
315.85 265.52 
142.32 -523.33 
-481.35 -3.64 
-87.26 63.08 
-125.27 39.28 
306.13 -255.38 
-115.64 -205.83 
391.35 -155.52 
-90.05 423.47 
-437.68 330.85 
520.66 -227.34 
266.18 -60.24 
-481.58 -197.65 
282.52 324.23 
-500.94 -120.34 
287.25 121.32 
323.46 30.47 
-217.38 -489.44 
43.01 -87.64 
13.91 -245.69 
-106.37 -333.53 
83.82 -15.69 
219.95 144.55 
301.78 275.80 
324.53 -251.03 
-191.98 518.67 
-303.61 83.09 
341.98 56.26 
-342.02 -45.11 
-203.33 -399.20 
-210.46 -294.64 
-89.52 -433.02 
91.27 -139.31 
-282.16 -370.60 
-79.47 374.99 
-332.92 -487.01 
-308.92 -384.31 
-5.96 -358.17 
-363.68 13.13 
-168.98 234.99 
-457.10 -329.65 
-225.15 -253.19 
-252.65 22.22 
75.84 456.55 
133.89 80.84 
419.83 -253.91 
327.88 -264.23 
380.87 281.36 
370.68 291.29 
400.21 -129.31 
-474.29 124.98 
