-433.40 -218.91 
231.65 91.14 
529.40 -36.43 
336.54 -362.54 
-34.54 -102.15 
102.90 426.68 
94.50 -149.53 
431.27 -177.75 
92.64 -477.78 
156.09 -145.61 
-153.81 91.52 
326.63 355.42 
-256.53 362.86 
316.82 -23.49 
481.12 -20.45 
-389.87 -148.91 
-494.34 216.62 
-85.29 513.40 
26.44 338.03 
-120.45 -193.75 
-446.22 -197.66 
-233.50 184.28 
-299.34 343.55 
491.91 287.86 
-429.05 326.50 
249.34 -442.06 
499.37 -173.11 
-261.06 -443.61 
-185.40 366.25 
285.42 500.11 
-168.13 59.82 
132.72 -441.01 
560.54 -163.32 
-226.55 -138.11 
545.37 181.85 
139.00 -179.11 
-17.91 -140.99 
312.23 476.36 
540.94 -196.86 
307.67 -142.61 
-258.79 -155.53 
174.00 -404.18 
-260.08 -102.31 
-267.19 -121.93 
539.74 -85.68 
-577.39 -134.42 
538.01 -180.39 
-41.39 -550.79 
500.63 328.46 
-251.42 -466.91 
194.10 -318.64 
51.35 -574.86 
-143.67 -232.53 
143.54 -119.08 
-536.95 102.99 
-439.58 253.75 
