64.17 532.22 
-438.19 -65.01 
-316.95 -370.96 
-261.53 119.96 
-544.52 157.86 
85.42 -179.67 
41.54 -366.73 
-274.27 438.83 
-100.36 -115.13 
182.85 238.81 
-258.85 313.11 
570.79 75.08 
336.72 -343.13 
-118.54 -466.52 
557.39 65.16 
-552.02 -148.98 
-232.70 -459.66 
-248.35 40.09 
-409.15 265.66 
-110.83 -544.19 
311.23 -486.25 
-233.26 -426.39 
19.01 -254.58 
410.74 272.28 
-315.52 357.10 
241.21 60.54 
-361.77 286.82 
262.90 -121.56 
-103.26 -437.96 
-15.32 452.99 
-176.89 427.79 
-273.90 111.51 
-39.91 132.93 
-113.52 -3.28 
-152.21 -30.34 
401.61 -159.58 
-477.51 -22.03 
-112.68 -257.95 
265.15 410.82 
97.26 544.85 
299.64 400.18 
184.91 541.64 
424.41 -423.74 
29.03 -269.09 
-367.85 -260.94 
169.16 -467.80 
304.78 -279.84 
336.89 226.42 
-507.94 -245.14 
-447.83 -26.36 
323.61 -179.76 
345.72 -176.16 
122.23 -433.71 
77.97 -34.32 
-324.47 111.46 
-262.59 199.98 
