-257.14 483.85 
-1.29 -231.27 
288.77 288.90 
-143.74 -72.13 
262.64 -265.42 
350.68 -328.01 
 9.94 -51.44 
-103.31 -323.33 
359.87 -372.44 
 3.86 36.41 
125.28 306.27 
-253.02 -73.89 
-190.35 171.57 
414.30 410.35 
323.13 -299.85 
-394.68 48.70 
-318.72 -376.71 
117.00 476.56 
-437.59 341.82 
168.11 -409.52 
-151.68 368.65 
412.43 -206.12 
-437.33 -186.78 
-204.15 -136.80 
540.20 187.59 
262.19 444.52 
-111.29 46.57 
429.57 -398.49 
-190.92 223.74 
-179.57 35.36 
-343.46 -419.33 
-370.48 329.71 
-513.27 298.68 
-355.68 260.37 
-367.55 -142.61 
292.08  1.52 
513.56 -259.14 
-261.51 431.80 
290.76 394.75 
139.49 319.31 
-370.62 -384.59 
-313.63 182.01 
10.62 -548.49 
-306.98 -315.43 
-561.26 -3.38 
208.13 -422.18 
-22.45 -436.12 
73.71 387.61 
-53.27 175.18 
250.70 394.88 
-150.12 251.12 
34.21 -441.22 
-511.31 37.22 
445.43 392.65 
-465.23 155.36 
-424.47 367.04 
