-171.31 447.67 
350.53 114.41 
33.06 284.60 
-279.31 -521.65 
-433.13 117.57 
341.30 -122.01 
24.45 417.80 
69.71 71.40 
-86.16 560.74 
180.46 490.24 
259.80 -443.19 
-369.60 -407.83 
-189.09 -422.39 
533.73 128.90 
-51.48 410.74 
-159.43 -357.74 
327.94 -367.19 
-383.60 70.62 
-475.20 80.57 
73.26 -228.92 
429.35 125.76 
348.86 -421.55 
310.12 261.69 
-577.83 43.78 
-53.98 -112.45 
285.36 -353.88 
-235.48 -548.11 
505.63 -285.87 
-214.93 -345.03 
-211.99 364.37 
535.55 -41.24 
90.85 -453.32 
-125.51 -127.95 
-447.87 -94.66 
54.19 -406.76 
-160.80 419.17 
395.36 -154.27 
93.65 237.56 
338.21 -70.12 
273.87 -184.20 
-545.04 51.30 
197.83 -495.87 
-121.77 336.40 
-205.00 173.02 
200.44 -445.02 
148.32 -231.46 
-190.69 -326.59 
-57.37 476.66 
159.15 -403.75 
258.65 -87.68 
514.84 79.98 
157.47 85.12 
-303.08 396.17 
295.16 289.46 
-143.25 310.62 
181.12 423.77 
