497.20 220.93 
35.31 451.01 
-109.32 -480.02 
436.29 -234.25 
523.54 -272.57 
-47.79 -31.10 
382.45 -197.08 
568.93 -94.07 
-57.73 -516.16 
106.27 441.09 
-91.97 204.21 
257.29 18.04 
320.42 310.25 
344.82 -91.48 
405.39 244.91 
284.25 -43.19 
-357.64 -296.24 
-509.58 15.92 
159.14 -495.88 
483.68 222.78 
118.30 409.01 
-516.50  0.38 
-335.09 -28.17 
23.79 28.50 
-345.94 -320.60 
-407.19 -330.89 
-427.21 -304.37 
-40.24 -414.09 
-266.46 -448.64 
200.71 -539.69 
-365.67 -320.90 
-41.21 369.06 
355.16 -126.10 
-502.29 21.99 
416.85 241.65 
-84.50 444.71 
-515.94 267.51 
337.69 -153.16 
-382.50 -6.44 
-22.32 282.27 
228.13 -53.81 
-161.53 381.62 
-332.94 128.41 
583.81 32.20 
-330.37 128.15 
383.98 450.27 
366.53 162.80 
525.73 -125.62 
-384.35 -55.72 
267.64 345.63 
547.33 -224.25 
-299.96 -68.69 
-122.42 -313.96 
-377.53 -30.56 
-415.73 224.58 
257.99 -315.78 
