426.28 -13.76 
112.78 -443.17 
211.71 66.59 
491.25 -250.61 
265.88 -440.96 
15.52 -177.07 
71.49 -355.66 
26.58 472.82 
-26.49 -108.30 
295.25 78.15 
156.34 196.54 
-268.72 307.29 
-309.91 -51.86 
-182.97 35.39 
-493.62 -166.69 
76.62 -242.38 
-43.74 148.67 
-393.19 174.77 
-261.05 -85.34 
-30.64 453.38 
-537.73 117.22 
-380.78 302.64 
306.94 43.56 
550.05 -68.64 
11.29 209.28 
-454.62 184.14 
14.74 -85.09 
98.75 234.64 
179.17 11.46 
190.40 98.71 
-248.39 384.49 
-1.70 -330.17 
-93.59 22.03 
548.37 -126.44 
-193.73 557.36 
-486.72 189.48 
-513.10 -4.89 
176.49 -369.91 
148.42 54.55 
125.10 -444.90 
-425.29 -63.06 
101.45 556.90 
-25.96 143.43 
184.09 16.17 
212.20 504.98 
-574.28  4.51 
139.51  0.82 
372.96 -179.87 
19.24 275.67 
-475.83 75.72 
-311.29 -223.05 
-43.33 21.37 
-416.59 -26.53 
44.87 447.35 
-376.54 -144.47 
-307.71 316.22 
