-244.51 -467.60 
304.08 336.40 
-34.80 458.01 
414.13 -36.38 
196.51 -549.06 
376.98 -5.56 
-204.59 -397.52 
-272.07 401.61 
182.65 281.18 
-397.21 47.37 
158.64 -460.72 
-123.53 570.45 
321.84 -2.38 
119.79 490.07 
-237.21 136.38 
194.90 236.11 
41.74 -531.30 
68.84 462.89 
196.30 -101.85 
279.91 -229.08 
-127.27 440.18 
-343.33 -469.40 
12.65 405.15 
154.81 -6.92 
59.96 -595.69 
-428.69 -405.54 
-424.49 -334.80 
476.06 49.44 
425.25 341.70 
-466.12 186.79 
252.49 -441.35 
62.05 -228.11 
-217.65 498.46 
-418.15 324.09 
18.38 462.92 
-36.29 136.65 
-426.12 110.68 
-3.81 584.02 
-14.30 -257.47 
423.69 -120.64 
-4.85 -585.63 
280.06 -376.20 
155.70 359.84 
-60.03 -185.69 
-483.03 28.21 
164.77 -336.54 
-232.02 -315.90 
-178.21 543.24 
-155.63 562.02 
124.98 -234.69 
-259.04 -369.26 
-179.82 146.76 
-300.66 431.13 
-340.14 400.40 
354.88 -94.68 
71.41 -291.04 
