326.37 -117.57 
-440.67 -37.37 
-106.94 -415.88 
-454.00 -127.20 
-111.70 -392.48 
-200.40 -357.50 
-86.38 99.93 
215.38 422.37 
-489.64  5.57 
285.22 487.84 
470.05 105.54 
-299.02 -350.43 
-352.72 -405.72 
-90.39 34.81 
105.39 535.98 
416.08 68.60 
420.91 103.13 
382.41 280.31 
79.63 -55.32 
310.92 476.54 
-241.58 -296.31 
380.85 14.73 
-381.03 260.87 
537.95 -69.71 
-106.49 308.34 
135.48 283.07 
-273.41 136.81 
261.90 -496.37 
460.37 121.27 
-302.93 42.42 
424.58 -177.43 
-46.58 418.57 
223.45 -76.66 
-463.34 -79.41 
417.61 -108.43 
-40.68 -323.96 
-387.88 -391.69 
107.35 -129.18 
311.56 -349.58 
-233.52 -342.63 
-361.82 14.97 
 5.20 -528.66 
-23.83 170.22 
-238.59 247.66 
153.62 -562.64 
-159.24 -472.84 
196.87 202.46 
-445.52 197.88 
-339.12 -489.08 
269.25 50.52 
264.35 162.79 
-262.29 -225.04 
275.00 101.69 
-392.85 -303.00 
56.86 -361.08 
-131.72 447.76 
