102.04 -282.22 
-118.31 89.88 
124.87 310.36 
48.20 -124.24 
-434.64 178.79 
387.37 -372.20 
-44.59 -305.85 
575.37 -119.11 
-33.86 136.56 
188.51 -92.38 
-443.09 -314.26 
-577.91 86.31 
-160.62 -418.29 
-463.39 -12.14 
482.74 -116.15 
-138.58 -343.63 
440.60 -217.59 
283.26 436.31 
-404.27 -234.20 
-498.35 -211.82 
-390.28 58.57 
 2.61 -352.97 
192.92 -559.94 
411.23 164.86 
48.49 579.88 
369.63 202.21 
145.62 -42.30 
29.37 326.20 
556.33 135.59 
127.61 -128.07 
-4.75  9.74 
-18.20 310.05 
-55.62 151.32 
277.71 338.87 
24.87 121.66 
266.19 126.63 
108.40 503.97 
-85.04 231.74 
-90.85 304.23 
46.63 -38.44 
158.03 344.81 
239.54 338.84 
-149.39 -311.54 
-194.18 500.52 
492.97 55.12 
393.54 -20.73 
231.76 -7.41 
276.00 510.16 
-296.15 -315.43 
45.66 18.98 
383.66 -192.54 
392.61 -68.40 
-510.53 -223.47 
-266.75 -217.03 
-196.71 267.27 
548.65 -34.54 
