-390.31 -357.49 
-174.20 82.01 
-228.55 23.00 
-497.87 -137.23 
-285.22 110.19 
-421.55 168.32 
-358.08 390.61 
94.59 207.80 
231.05 -489.85 
54.24 -420.71 
-434.56 198.14 
87.99 -20.84 
110.78 96.89 
-27.95 -335.29 
-465.49 -223.47 
155.47 381.83 
-167.65 -95.34 
214.47 411.61 
-128.34 -217.21 
543.85 89.04 
-565.90 10.00 
248.61 431.40 
28.91 388.88 
161.03 331.12 
593.17 15.27 
176.51 -261.46 
-303.81 -215.71 
-195.39 -313.81 
-426.05 -170.75 
193.95 559.34 
479.18 127.01 
-417.10 262.56 
-102.61 281.42 
-265.05 206.91 
60.10 303.82 
390.10 -191.23 
184.39 554.65 
-215.29 -107.06 
-46.69 598.16 
-179.68 -490.63 
-16.63 98.04 
-558.85 -204.22 
 9.80 -308.92 
-309.85 -141.96 
348.78 -390.60 
-586.72 95.06 
161.17 218.67 
430.23 -402.92 
463.80 342.07 
57.32 -426.08 
-98.61 -487.19 
-300.62 101.11 
-209.98 -128.92 
-525.64 -123.27 
-284.43 -360.51 
49.99 542.75 
