363.61 435.08 
207.69 459.94 
361.75 72.36 
370.15 312.58 
373.31 12.25 
120.38 39.16 
 8.97 -76.84 
165.87 -48.81 
250.27 -128.75 
-228.75 356.85 
207.27 -226.88 
363.23 -362.77 
341.59 268.61 
-276.70 -388.97 
513.60 -280.91 
-448.76 -137.45 
137.33 413.57 
201.17 -308.75 
96.28 -349.31 
-451.72 -12.19 
-1.82 504.25 
401.82 168.50 
-272.47 -408.14 
-101.67 -169.62 
278.76 -227.82 
-264.43 -349.23 
-218.55 304.54 
-392.38 -439.00 
-131.99 222.57 
-300.03 -136.34 
-257.27 148.39 
-44.44 538.14 
-173.47 560.38 
-83.61 -278.38 
-117.23 -227.83 
-211.99 130.37 
-482.10 293.69 
-218.64 -171.31 
-396.90 -441.74 
-484.72 315.29 
-14.73 533.09 
523.06 19.07 
-187.35 -221.57 
222.04 320.05 
-451.90 -143.27 
21.36 -167.38 
172.90 61.40 
-297.14 367.06 
-188.27 -376.41 
-271.09 -45.92 
-276.27 361.15 
222.78 -252.74 
486.13 160.27 
-27.96 -58.22 
-502.13 192.07 
-531.36 -109.54 
