-335.85 -371.91 
243.75 376.53 
-473.95 160.71 
347.41 -24.12 
-281.40 -502.15 
-91.80 403.34 
499.08 -167.81 
70.60 119.78 
179.65 -76.55 
477.39 126.86 
-22.31 -530.09 
309.02 429.96 
568.85 -108.00 
-240.46 -128.38 
381.82 397.02 
-158.59 296.99 
228.87  4.69 
207.41 -65.33 
292.09 84.97 
297.49 -428.22 
-53.80 -83.67 
-505.14 -114.51 
-206.20 -414.38 
161.19 -504.91 
-63.94 -93.89 
-259.71 82.51 
-446.02 310.22 
-145.36 -82.97 
-414.60 -311.80 
80.19 547.99 
328.86 -58.53 
-474.15 287.42 
-493.27 -11.12 
-484.29 299.71 
45.60 204.50 
-558.16 120.61 
151.14 28.55 
-325.83 410.28 
172.66 303.21 
-224.30 -172.85 
117.35 277.18 
370.72 -323.18 
488.49 -253.41 
218.10 404.13 
-471.26 156.91 
500.46 251.50 
317.54 169.68 
79.43 -204.85 
271.73 -53.80 
83.66 -111.97 
181.39 120.62 
63.24 -357.72 
470.20 -182.16 
-181.39 -268.23 
-83.05 32.09 
-23.55 -443.60 
