-343.28 461.21 
366.31 190.67 
-118.22 578.12 
321.90 -255.06 
-361.45 -231.07 
-35.95 335.88 
501.94 218.43 
131.42 -178.96 
-525.00 -45.69 
146.48 39.05 
397.29 132.07 
60.41  5.83 
-373.93 415.21 
568.04 -16.31 
-498.50 -57.12 
-99.31 543.23 
437.77 210.05 
-510.66 -65.91 
-242.88 -396.99 
261.31 58.99 
-57.20 -116.00 
-174.52 412.53 
125.61 67.62 
-133.33 64.44 
184.90 -141.11 
-217.95 125.14 
187.59 -495.95 
282.06 -147.18 
399.29 173.05 
-14.43 590.01 
322.82 103.77 
-526.65 261.28 
-273.37 262.57 
-283.47 -313.55 
278.07 296.93 
-222.61 -382.86 
-19.85 -251.85 
162.74 395.56 
107.57 -236.14 
517.93 190.87 
188.82 74.74 
58.20 308.23 
-454.46 -264.56 
39.48 -498.41 
-313.02 263.15 
-446.28 256.14 
118.28 -87.41 
153.08 372.28 
-347.30 -477.44 
-334.74 216.94 
253.39 406.73 
-152.54 -104.25 
-67.87 49.17 
-331.38 -387.00 
-325.70 440.49 
170.70 108.76 
