314.73 179.73 
97.42 -342.82 
 3.68 -50.28 
72.77 -64.06 
-83.13 -91.49 
-354.10 -266.69 
-385.44 440.75 
-462.12 186.43 
-69.19 -317.98 
357.65 -130.02 
-187.28 144.55 
-298.52 -4.29 
-191.25 361.09 
446.54 -248.88 
-40.26 -444.00 
-186.69 -559.49 
-339.55 -397.03 
-102.15 245.63 
-380.18 251.33 
334.60 -225.39 
-197.28 301.60 
-176.03 -50.52 
204.63 99.64 
124.46 496.68 
-290.19 -42.48 
415.06 420.06 
-203.54 151.01 
-545.80 -198.25 
410.40 311.68 
255.69 -335.73 
299.33 327.51 
467.98 89.04 
-446.95  3.46 
-252.81 78.43 
81.14 504.56 
-59.15 205.56 
-246.26 -89.96 
243.85 -207.20 
85.50 -110.25 
476.72 306.28 
-280.49 298.66 
315.45 150.74 
-200.36 -538.41 
-150.76 357.33 
236.43 129.78 
24.87 41.68 
 7.41 499.97 
-346.40 -294.15 
66.71 481.17 
77.69 407.83 
-352.23 -419.32 
563.92 -35.01 
118.52 -525.37 
-370.86 453.81 
-338.36 -445.55 
-355.86 369.29 
