-345.03 339.36 
-291.14 226.13 
-17.91 -0.53 
266.30 -211.02 
145.42 74.53 
377.50 346.89 
230.58 484.33 
-153.60 218.11 
170.76 -292.70 
154.42 61.29 
269.56 -215.59 
-30.15 398.11 
-417.32 -404.61 
-18.04 -467.85 
192.66 524.06 
474.18 230.79 
-322.18 -80.79 
486.47 -65.58 
-363.47 341.21 
-458.38 -293.91 
476.42 119.04 
-7.01 -0.83 
-269.01 529.07 
438.31 201.69 
-177.42 -549.68 
-223.19 -275.78 
-407.67 117.15 
-341.69 -236.55 
369.30 351.61 
-158.59 174.65 
84.68 416.67 
-127.84 284.13 
567.95 147.94 
-423.28 -85.02 
340.78 -326.43 
-500.73 277.27 
-59.55 323.24 
-247.68 101.30 
222.28 -0.73 
-348.35 343.70 
-454.96 -287.64 
-186.64 516.70 
-388.15 150.96 
-423.25 300.25 
275.73 29.32 
35.26 214.85 
48.26 292.29 
-356.93 -245.28 
83.17 -110.49 
150.78 -199.99 
371.77 286.38 
-23.75 -321.78 
47.47 -192.54 
-466.53 -179.96 
136.89 419.36 
58.30 227.70 
