545.50 170.66 
-69.16 60.06 
-14.89 -162.02 
91.01 -119.76 
-146.33 -402.42 
-181.91 -307.53 
-99.47 -523.31 
-56.56 105.83 
-317.46 -313.16 
303.64  1.88 
68.26 336.43 
175.11 -109.17 
-309.83 382.06 
241.71 -87.84 
-253.18 71.53 
256.98 -97.69 
282.52 -54.88 
-495.45 57.38 
-488.62 -317.16 
476.20 204.76 
-342.65 -108.69 
-287.52 -186.66 
294.49 -52.73 
-217.75 -213.31 
391.18 256.36 
249.66 180.00 
-416.37 247.84 
79.59 -461.41 
-404.24 342.31 
-357.27 -95.57 
225.33 -293.75 
105.34 -340.85 
143.62  5.57 
-6.23 65.65 
47.76 135.67 
-256.32 -36.15 
61.48 -7.97 
-178.85 26.52 
-76.06 -478.49 
-529.58 248.38 
-67.86 449.97 
-550.45 132.37 
360.44 -235.60 
-93.78 235.51 
-302.94 -353.98 
-62.56 -180.05 
510.87 -203.79 
474.37 -30.95 
144.90 -73.48 
375.52 141.02 
259.79 -275.71 
447.12 287.32 
-448.58 19.77 
302.60 -336.38 
-297.79 -480.15 
-128.54 522.48 
