10.27 -117.83 
64.35 110.87 
131.60 500.41 
60.42 332.48 
-333.86 -218.73 
521.89 237.09 
307.31 241.74 
-88.86 -321.33 
241.64 -31.81 
369.58 129.01 
-197.26 -364.62 
-301.19 -308.03 
-77.68 -300.25 
505.53 83.97 
434.06 26.97 
-32.66 -198.91 
159.88 -237.86 
-421.96  7.93 
-520.31 146.28 
-393.25 339.61 
301.81 -28.85 
-93.57 164.05 
-93.30 565.70 
-300.02 183.64 
-146.20 -364.41 
99.71 -147.28 
-528.57 -0.33 
-504.73 294.71 
-60.00 60.57 
-133.71 -346.55 
238.76 -22.86 
489.02 305.13 
-519.91 -180.61 
-258.23 -93.93 
-42.92 174.08 
187.54 48.85 
 6.78 -584.06 
243.80 120.37 
-370.93 92.62 
-257.89 119.03 
421.25 -152.10 
492.18 -71.82 
-35.76 56.84 
227.94 210.60 
272.11 -336.89 
396.30 -193.34 
-533.09 203.16 
-47.12 -11.78 
259.06 -32.94 
500.74 -8.35 
427.55 162.31 
378.75 88.80 
-59.04 -58.60 
-81.49 487.48 
-421.82 -398.73 
188.85 -211.89 
