 4.39 -202.80 
-379.95 339.98 
-404.67 420.23 
-128.94 346.83 
-469.81 69.87 
69.11 -139.18 
-475.79 -307.49 
-559.24 -52.98 
58.88 548.80 
499.90 -54.32 
294.75 -2.79 
-7.43 111.53 
579.77 42.55 
246.86 168.73 
-566.10 122.92 
-329.31 239.88 
74.07 491.79 
336.77 86.13 
102.45 -448.87 
466.51 -335.03 
-111.87 -305.68 
-3.37 -466.27 
 1.93 229.62 
-254.37 -369.75 
328.25 469.44 
-140.68 -34.67 
-228.61 241.32 
-292.97 -289.63 
347.05 -231.48 
378.01 194.31 
193.40 157.61 
221.27 -533.31 
-16.76 -48.29 
89.38 294.24 
-484.13 301.49 
369.18  1.17 
-421.66 329.96 
-314.11 488.06 
-484.95 171.92 
-36.13 -478.33 
-448.14 -320.74 
-146.53 -326.43 
-159.87 225.39 
-255.07 -85.45 
-6.66 -562.55 
358.74 -243.06 
309.55 -502.40 
134.77 -225.10 
125.67 -247.38 
-384.10 -318.79 
-551.45 -145.31 
-467.49 332.32 
-27.69 588.60 
70.57 357.14 
-133.85 148.34 
248.76 318.25 
