-464.49 33.33 
80.59 223.06 
54.07 492.12 
234.78 -30.80 
-86.23 183.43 
150.72 -183.21 
269.69 -454.60 
374.71 367.95 
195.15 -410.12 
-350.36 387.28 
199.71 -425.55 
285.04 286.53 
-379.37 -76.92 
-128.28 -525.00 
140.74 -57.77 
-186.00 240.18 
488.66 102.23 
175.24 481.10 
448.57 139.60 
-447.02 115.95 
127.80 244.28 
500.88 303.62 
-365.23 -374.31 
335.62 38.44 
451.46 -378.84 
-179.30 337.31 
-292.06 396.00 
120.21 14.59 
228.98 -82.69 
-74.93 -350.75 
139.36 -223.65 
-436.98 380.02 
-490.55 156.16 
-455.82 -221.95 
317.55 425.35 
-45.95 506.21 
-470.94 24.29 
-117.66 215.71 
301.92 303.57 
-52.80 191.73 
-106.67 -492.32 
256.53 64.19 
158.38 461.29 
-323.16 -162.41 
72.16 526.91 
23.14 358.84 
-56.74 -167.42 
-242.48 -109.14 
-231.68 -240.07 
262.53 506.38 
-264.61 488.20 
-393.86 -357.19 
-336.76 -79.29 
64.02 -155.60 
191.26 -286.48 
-76.68 116.90 
