511.66 128.26 
265.85 -182.39 
240.03 -412.97 
-59.13 -39.04 
215.27 -8.51 
-16.95 178.41 
-30.29 164.40 
146.47 251.62 
-230.70 49.93 
101.13 32.63 
-208.10 336.59 
331.21 -25.44 
72.60 -101.05 
-401.59 -362.85 
-192.63 181.95 
43.64 180.14 
65.10 -39.74 
79.05 -492.67 
-509.17 48.88 
-577.82 -149.99 
33.93 -416.57 
228.31 -545.75 
-506.03 72.70 
-12.87 -512.81 
466.37 76.44 
-405.36 353.86 
-108.60 483.84 
583.91 -76.69 
340.25 -467.06 
590.03 -73.80 
504.41 -59.44 
-251.12 535.72 
250.76 -519.54 
277.13 525.82 
-266.48 388.12 
-435.34 -130.09 
-317.43 287.98 
-476.82 336.40 
-103.96 381.85 
-399.47 -256.82 
127.02 -166.78 
-544.28 90.02 
418.29 13.04 
-133.11 -181.62 
-192.92 -246.73 
-430.83 -43.97 
111.76 114.11 
-339.48 208.88 
17.14 -449.32 
-431.93 -339.39 
299.34 -442.87 
-278.33 230.96 
275.51 443.66 
102.29 -479.11 
114.97 527.27 
167.44 -559.09 
