98.81 -6.06 
-365.93 46.93 
70.74 200.92 
-308.68 -34.98 
156.02 -310.82 
159.77 -292.06 
-368.72 328.32 
447.89 126.85 
546.26 96.03 
-338.10 83.66 
-87.25 -417.09 
-322.44 459.37 
-241.77 -407.44 
516.82 152.90 
-349.47 -225.05 
-551.42 152.15 
206.38 -11.72 
-397.86 -169.53 
-264.41 -149.23 
193.27 -4.69 
155.20 -268.30 
449.42 -43.51 
-168.58 385.25 
-94.42 153.64 
395.32 -239.00 
340.03 413.35 
282.10 352.49 
-174.42 -197.13 
125.93 443.53 
220.24 37.87 
-459.57 131.09 
-179.15 -457.12 
519.52 -242.72 
29.16 427.20 
354.79  3.71 
173.06 210.85 
-41.30 411.82 
36.96 -423.24 
201.80 30.45 
404.16 -245.47 
-111.14 98.46 
275.76 -373.27 
-231.56 -136.32 
-280.42 115.03 
349.33 -261.75 
87.69 183.51 
377.08 -244.10 
-81.30 -39.93 
-97.16 261.89 
452.64 89.78 
428.44 272.46 
-105.69 -444.28 
-447.07 -158.82 
-142.10 -536.86 
433.66 32.16 
427.58 164.66 
