-68.73 378.24 
-446.30 135.45 
-22.87 -381.61 
541.11 197.09 
505.39 80.77 
-491.71 -330.22 
579.61 73.49 
411.95 -307.45 
-175.34 -563.81 
319.91 -359.64 
-407.15 368.72 
-477.78 -76.91 
-78.22 160.58 
50.89 502.65 
-308.22 -450.74 
-571.36 88.21 
-71.69 290.63 
-151.50 153.86 
-321.97 -320.41 
-403.42 49.18 
275.31 -5.89 
-515.57 -112.19 
360.11 53.45 
-456.94 -112.01 
562.81 -148.26 
-345.36 -323.17 
457.29 14.46 
-136.28  3.13 
146.69 -505.67 
446.76 -118.48 
72.63 555.88 
-339.06 358.09 
526.13 -252.26 
-94.54 -581.94 
345.93 407.95 
322.68 277.20 
-315.07 484.22 
-548.34 70.37 
-554.59 -61.64 
451.44 145.03 
58.99 302.21 
196.90 -460.80 
473.62 -178.29 
-156.88 -579.06 
202.02 -321.11 
-324.62 -86.19 
125.29 346.07 
-3.71 323.76 
-291.16 -83.59 
-301.31 155.78 
 3.59 368.47 
22.08 408.98 
361.30 445.37 
366.50 -265.11 
414.41 -224.87 
342.38 -138.32 
