-172.20 -322.58 
-337.95 -434.30 
-542.54 -158.93 
431.57 366.35 
326.27 87.82 
362.34 -254.05 
90.38 114.71 
 0.77 -445.47 
-40.09 105.15 
-218.41 517.78 
-520.54 176.64 
-106.48 413.14 
-144.83 231.96 
392.77 422.88 
453.91 246.57 
 2.76 -384.49 
-487.23 147.50 
84.55 -315.05 
-62.96 -506.94 
495.89 -229.03 
93.44 -4.80 
-371.17 369.05 
312.03 -372.06 
168.37 -350.32 
235.35 -148.33 
82.21 -440.13 
-472.73 344.94 
447.60 99.13 
-17.06 -234.30 
470.29 258.77 
-418.80 -119.06 
-517.34 108.05 
-11.40 -420.30 
28.60  9.03 
-18.82 466.50 
230.26 -146.25 
-300.70 -495.63 
-55.50 217.55 
-414.91 -119.40 
114.21 -204.69 
140.40 -437.48 
299.22 -54.54 
104.07 103.83 
441.77 133.06 
409.25 -309.09 
-113.37 -101.08 
-403.39 -155.73 
-370.88  2.52 
-500.06 -250.34 
374.64 -203.73 
-565.95 151.34 
324.51 -387.87 
-134.41 -347.78 
464.27 240.08 
332.42 -429.31 
28.42 65.77 
