-106.12  0.74 
-420.89 12.17 
431.22 199.20 
302.43 515.66 
179.27 259.39 
170.47 18.74 
-471.53 101.47 
111.45 -150.71 
-196.45 255.81 
131.93 -98.41 
295.61 -12.12 
-66.59 211.88 
-282.98 361.11 
-233.47 -450.11 
-404.66 402.85 
-151.55 -380.09 
486.18 27.43 
-485.76 41.95 
328.72 400.99 
325.42 276.39 
99.58 -74.84 
-296.43 -53.48 
-37.09 141.93 
27.31 550.05 
-204.30 -80.86 
283.03 38.41 
-464.04 -104.94 
-92.68 118.39 
139.94 169.99 
137.16 342.75 
198.97 529.69 
345.93 -308.68 
-211.22 547.44 
64.55 199.33 
-242.35 364.71 
32.52 298.07 
114.43 -373.53 
-377.62 -103.03 
-243.33 416.39 
420.11 242.54 
-379.37 285.32 
63.02 -169.20 
86.40 589.30 
287.62 -219.00 
19.80 -521.36 
-294.06 463.84 
-82.22 403.46 
271.08 -464.38 
140.41 -290.27 
-14.63 -250.84 
378.94 193.24 
232.39 -482.61 
-98.43 538.15 
-215.26 -372.05 
-133.83 222.06 
551.43 -122.11 
