-43.80 225.67 
-200.93 453.64 
194.71 156.16 
-218.31 412.23 
408.42 -173.40 
-142.74 407.25 
-187.05 -219.35 
-470.94 237.91 
292.55 340.13 
79.86 329.76 
508.77 -258.45 
-151.82 -538.98 
168.85 184.68 
275.99 -168.80 
-531.55 -36.28 
60.97 476.16 
-243.36 -323.33 
-254.53 -33.27 
286.78 394.78 
258.13 463.68 
393.56 -377.01 
211.24 -331.78 
176.52 -485.18 
-49.97 -29.76 
-22.10 540.44 
-72.36 487.65 
-446.91 341.76 
318.99 -70.72 
-218.83 409.62 
-127.42 -219.57 
-423.05 331.44 
-25.26 -446.23 
-230.07 -155.00 
140.18 54.04 
398.44 -436.72 
-398.04 -31.82 
-290.89 -417.44 
194.18 -523.28 
232.86 88.89 
163.11 407.55 
-286.35 22.79 
353.14 109.87 
332.85 210.65 
54.85 -448.81 
 7.74 195.98 
289.20 -41.56 
282.64 -193.09 
587.33 -83.68 
-144.10 210.98 
220.15 -160.07 
337.07 28.57 
-401.85 52.81 
-69.74 338.60 
-482.41 -108.94 
134.51 215.23 
394.86 -330.33 
