59.04 -388.80 
-378.77 -307.71 
-69.51 -457.97 
-382.61 34.12 
-553.16 -158.66 
31.62 -591.86 
-101.19 -196.07 
-512.49 -254.36 
-102.49 -138.91 
-293.52 -178.09 
-84.69 365.79 
-442.21 -402.53 
84.11 530.66 
-392.43 384.54 
-288.87 -318.39 
-162.15 39.38 
-216.45 91.26 
274.77 35.68 
441.52 -197.52 
262.16 -11.74 
-553.88 -4.73 
-434.78 -129.23 
-29.56 -432.51 
519.37 84.59 
479.81 171.54 
-524.91 290.36 
554.73 -227.92 
50.37 -400.59 
162.58 402.49 
259.75 188.70 
-266.33 -455.96 
183.21 111.74 
41.70  4.22 
190.29 -506.76 
-67.91 -510.16 
-49.36 570.61 
348.04 234.97 
158.35 -22.64 
-149.40 -145.41 
-331.16 -31.84 
-513.84 -223.50 
-363.64 375.30 
-3.45 -141.03 
283.74 -106.85 
-191.09 297.48 
-223.13 542.25 
365.75 -264.08 
173.51 266.38 
186.95 476.45 
335.32 -4.32 
-228.62 -429.35 
-126.30 394.14 
455.47 199.50 
-416.47 309.98 
104.99 -436.76 
-251.12 -354.17 
