-82.50 -541.56 
115.64 -291.14 
-314.23 -453.17 
-556.55 197.95 
247.82 -501.50 
-19.49 333.96 
511.20 145.73 
-191.19 -214.87 
361.79 406.65 
589.18 -50.31 
-202.27 -222.80 
-378.72 -82.51 
-290.84 232.94 
360.93 -46.62 
43.77 152.92 
-26.39 -120.48 
90.28 -227.32 
-416.35 -411.26 
-136.14 -304.03 
-206.88 -290.14 
-170.62 464.22 
462.41 70.03 
-215.06 10.32 
508.57 157.87 
 7.53 101.97 
261.94 -431.34 
96.39 -249.77 
90.05 -104.58 
-31.20 -366.53 
185.85 -287.94 
-421.82 -6.62 
527.99 -72.32 
74.05 527.62 
341.71 -100.20 
345.60 428.60 
327.83 -15.03 
 1.20 451.98 
443.82 -236.15 
103.57 -85.52 
256.48 212.41 
298.30 375.27 
-283.69 223.81 
-366.39 -460.95 
-239.31 -143.65 
-34.29 -193.11 
-323.11 -260.41 
-4.46 322.91 
-154.11 -522.40 
-452.11 -25.55 
-220.93 153.30 
204.47 393.11 
 5.40 -596.36 
-208.86 -235.15 
64.70 -428.86 
-451.57 373.67 
248.83 -67.67 
