78.20 -12.90 
65.59 -105.78 
-95.22 584.65 
383.87 -162.48 
-77.66  4.85 
-529.65 179.26 
366.80 -182.68 
325.74 -360.75 
-261.59 -314.28 
273.48 246.65 
258.48 300.54 
252.79 94.67 
-356.38 153.46 
-243.48 445.12 
79.67 -161.88 
-179.54 497.99 
562.82 24.82 
557.45 -157.80 
-360.02 -4.75 
24.82 383.68 
-509.81 -75.30 
300.64 -362.96 
-33.66 -68.91 
444.54  9.65 
-13.49 -424.63 
-117.93 -160.46 
102.31 393.55 
 7.87 365.11 
-192.06 563.26 
81.84 -422.59 
-103.66 -13.84 
-264.92 191.27 
-105.74 394.15 
-11.30 -279.51 
259.75 -26.66 
-84.47 -254.91 
-84.32 394.54 
-221.25 -53.45 
-165.82 341.63 
267.40 -153.90 
-252.18 419.88 
212.72 349.27 
-120.04 106.47 
-156.52 567.87 
240.50 197.75 
-327.52 491.90 
265.32 263.53 
-174.58 -140.88 
-22.23 -42.08 
160.74 524.69 
254.84 275.89 
363.06 -310.89 
273.76 191.35 
467.70 374.19 
-205.39 -81.94 
-145.78 -377.76 
