-139.03 16.70 
-19.19 -526.10 
435.56 -139.78 
242.20 -180.25 
204.74 513.21 
92.47 -286.50 
57.68 -80.75 
-105.64 -258.37 
134.14 44.96 
-114.73 -129.82 
436.25 -141.92 
213.37 -478.66 
355.64 -379.46 
-252.14 285.69 
-227.17 258.35 
67.75 -335.34 
11.20 -307.72 
109.78 260.04 
-327.42 468.46 
390.52 247.82 
337.99 -413.15 
234.60 -243.46 
509.66 273.81 
-428.37 -127.55 
-262.33 -460.47 
-470.93 -322.82 
301.74 -281.00 
-392.98 -98.65 
221.47 -45.00 
-96.46 301.11 
-138.44 -419.61 
-144.49 475.25 
530.60 225.61 
-106.78 207.88 
161.31 527.67 
-71.37 -36.42 
-233.40 359.04 
-569.95 -111.93 
-270.22 423.00 
 0.87 -271.57 
113.96 -575.63 
-385.42 -286.39 
-114.94 -379.84 
87.64 -356.77 
-445.93 -6.67 
116.10 -460.99 
-223.71 -43.68 
263.15 86.06 
248.14 -90.27 
123.11 -575.90 
-42.06 -158.34 
-320.19 192.76 
54.46 -489.60 
415.81 -151.05 
-370.97 -271.93 
-128.59 -233.75 
