-201.81 -33.14 
544.82 115.02 
-132.42 -391.94 
153.09 528.35 
153.59 -491.92 
-447.82 -247.58 
-388.36 -179.74 
98.85 -454.76 
-251.76 534.06 
-335.66 -497.27 
456.01 -3.91 
-544.93 160.07 
-128.88 -186.58 
559.99 60.17 
193.49 481.45 
160.08 456.73 
69.23 -507.84 
395.51 87.25 
131.36 -182.85 
145.64 169.87 
118.56 -360.40 
-456.54 -150.98 
207.28 343.50 
308.40 -119.61 
-149.48 -53.22 
446.51 -268.14 
231.10 367.47 
113.10 -454.04 
-405.30 144.19 
296.96 -221.50 
161.50 -352.37 
-492.43 275.65 
333.53 -343.93 
-63.35 -542.02 
17.19 -488.47 
76.46 221.33 
-22.31 -43.93 
511.02 -160.96 
156.31 -214.37 
-219.15 -514.30 
 7.75 -511.88 
-148.83 431.30 
-348.20 -369.27 
-198.86 -412.81 
-286.83 123.13 
-315.21 223.79 
89.48 -551.99 
198.63 361.13 
-83.05 -332.61 
-243.57 228.13 
-126.38 -78.53 
58.05 499.60 
250.32 -213.29 
61.27 583.18 
 9.07 -313.42 
-12.19 207.60 
