446.20 157.30 
207.67 -2.93 
-202.94 -198.89 
-78.00 48.14 
-351.75 297.27 
-306.30 277.12 
-106.29 450.44 
215.55 343.63 
-511.97 -126.81 
-479.57 -328.99 
-228.65 304.29 
-76.15 434.63 
-50.01 39.66 
-411.35 321.97 
-205.90 -109.80 
89.76 -73.26 
-509.27 50.31 
216.25 403.69 
245.62 -362.91 
483.31 96.46 
-213.71 -305.39 
-234.14 -259.58 
-165.06 -485.07 
331.75 28.78 
21.47 239.89 
-107.97 -275.47 
-294.83 240.49 
-54.31 90.53 
175.02 160.92 
381.98 103.92 
-407.17 -83.23 
-144.58 379.54 
-92.55  3.11 
-232.62 152.34 
296.25 -162.47 
382.17 420.19 
-139.44 -306.41 
257.19 -228.48 
-162.99 -305.56 
-261.31 -394.07 
191.14 -342.34 
-259.11 195.62 
70.54 502.91 
-593.54 -41.91 
293.01 -288.70 
-72.51 -264.65 
-160.12 282.21 
278.32 -351.06 
-516.06 -244.26 
130.60 -39.72 
-199.78 -114.86 
-134.32 36.56 
312.32 -107.51 
227.16 517.36 
-118.51 -149.73 
-86.58 264.38 
