105.17 539.78 
-332.65 454.02 
287.34 514.97 
351.85 349.80 
-50.97 -124.97 
85.46 456.18 
564.17 152.72 
-383.02 -339.37 
482.85 202.07 
465.08 203.48 
-88.93 303.24 
-273.52 399.73 
73.15 -519.85 
111.90 -65.75 
-554.73 162.61 
171.02 -4.01 
137.96 345.22 
-142.53 406.34 
-288.47 326.37 
38.68 -254.09 
-307.99 -285.82 
-315.32 380.94 
-288.84 328.75 
-57.06 443.46 
505.23 -245.42 
-4.67 -115.93 
250.13 149.97 
-482.47 121.09 
158.02 282.15 
346.05 -297.96 
493.37 -48.04 
262.10 106.78 
19.21  4.32 
-444.20 -53.58 
68.58 158.86 
497.08 -122.85 
-283.12  4.68 
536.40 -221.40 
-36.32 -548.70 
256.07 -83.70 
-290.43 81.43 
428.50 -10.03 
403.60 -331.54 
-90.81 25.09 
49.87 -484.80 
-38.72 214.29 
-407.61 172.95 
-453.45 -84.06 
-354.71 84.57 
-96.63 48.62 
58.88 -256.83 
 2.42 -338.91 
-571.48 -171.97 
429.29 268.48 
118.36 -326.62 
-172.95 263.65 
