53.96 227.27 
-82.56 367.73 
-445.11 128.51 
58.90 403.65 
318.06 181.97 
-192.10 -450.07 
-427.48 241.68 
159.31 -433.60 
-324.78 -434.68 
356.91 -434.98 
109.50 -369.80 
-340.57 -280.42 
362.89 -259.39 
-58.61 494.12 
-160.60 118.35 
-120.68 488.42 
89.41 223.16 
484.60 135.96 
114.33 96.22 
-161.73 352.27 
341.36 -390.93 
-87.31 323.81 
18.90 523.13 
-116.65 535.49 
44.43 581.19 
121.40 -519.20 
-480.70 237.01 
201.45 115.80 
-209.16 -467.18 
501.41 -26.49 
-116.34 -123.00 
65.85 -569.50 
63.54 394.17 
102.28 -73.85 
-341.48 224.74 
 3.59 475.04 
-531.12 119.98 
-118.95 -170.28 
371.66 -74.73 
-333.21 -144.53 
148.38 345.78 
-367.90 266.22 
290.49 391.65 
460.58 -114.99 
-154.57 25.61 
-352.46 302.36 
418.44 -327.37 
-202.99 41.09 
-82.31 -326.72 
-102.07 -516.63 
-182.83 263.36 
86.47 511.82 
-62.36 500.48 
85.01 -394.73 
229.50 201.99 
33.61 407.10 
