-127.59 -441.58 
130.97 -138.07 
-589.61 -4.06 
308.01 -44.20 
41.50 -376.62 
215.69 -65.19 
-20.34 175.92 
-151.92 385.19 
488.81 -177.24 
-71.58 53.02 
366.74 218.06 
-273.24 426.50 
183.99 365.40 
148.38 206.14 
137.89 349.73 
-515.21 245.95 
290.46 269.08 
-18.08 -79.86 
-237.72 -33.49 
-192.26 -138.84 
-36.89 245.51 
477.08 -348.54 
 0.24 -561.65 
-340.45 253.71 
513.29 -211.66 
288.09 -434.20 
-191.03 -173.55 
115.65 -227.04 
-170.42 266.32 
70.80 -343.58 
-164.09 -520.12 
-446.29 -183.60 
125.03 -387.80 
-433.51 -114.93 
157.63 317.35 
18.55 80.53 
20.70 359.50 
149.95 522.31 
-86.42 -180.27 
53.29 -268.06 
359.19 -172.76 
557.57 -181.50 
156.08 -184.35 
338.27 201.24 
-3.92 -428.27 
-459.69 30.27 
-10.02 -187.11 
-226.98 262.35 
356.09 -309.42 
107.18 103.93 
-366.99 198.67 
 3.15 -399.38 
 8.37 382.12 
174.06 -300.00 
-146.28 564.33 
163.38 -165.88 
