464.28 107.85 
19.61 220.22 
-25.00 530.28 
-407.96 157.51 
118.20  1.96 
565.75 -135.67 
396.07 -266.88 
-222.57 -483.27 
131.18 276.12 
-91.02 -277.89 
-348.84 -388.46 
-150.24 336.90 
403.84 -232.75 
181.42 75.48 
 9.93 -32.78 
409.91 -183.17 
-8.68 -80.36 
-280.95 -522.79 
-73.08 227.95 
-134.97 288.57 
-433.34 -160.21 
266.85 513.85 
-453.26 -367.33 
-406.16 -429.41 
-7.64 -47.96 
262.06 56.10 
405.30 -358.92 
-253.64 39.97 
32.57 -56.72 
-58.51 174.20 
338.68 163.84 
175.04 -84.18 
440.66 65.98 
128.51 77.76 
-135.96 559.78 
280.90 -220.05 
188.94 -423.72 
189.35 -65.31 
-285.50 324.52 
69.08 -139.74 
304.79 139.45 
288.04 -155.07 
338.79 -334.93 
36.80 513.86 
265.64 388.02 
-372.09 220.01 
-422.85  2.15 
504.94 133.60 
516.15 -85.34 
-173.58 -292.26 
557.16 211.28 
225.82 90.11 
52.05 -61.12 
578.07 -11.04 
418.19 234.35 
196.73 -386.34 
