-346.02 -199.82 
-349.37 -256.30 
-3.12 -142.23 
295.78  4.30 
488.34 335.68 
341.57 -469.09 
267.27 -281.36 
310.75 190.40 
-81.87 -397.86 
300.82 -495.69 
404.30 199.31 
46.09 189.06 
214.85 123.66 
53.37 27.67 
191.81 -532.25 
-434.69 301.18 
-265.19 51.82 
-116.75 244.71 
42.14 539.06 
-2.42 -154.93 
-471.83 -40.14 
-206.47 -547.45 
79.45 -99.40 
-466.30 -239.40 
-47.78 250.56 
-157.65 528.60 
-40.75 -6.63 
515.15 201.82 
-28.32 224.37 
128.26 28.30 
-270.65 430.16 
-167.19 -344.66 
-346.96 68.45 
248.95 -367.91 
92.13 108.12 
-318.91 -51.97 
177.30 28.02 
24.53 11.68 
485.78 -0.67 
127.83 -59.45 
-332.74 -462.85 
121.19 342.42 
-314.97 -163.60 
-120.35 156.50 
-314.43 458.29 
-76.27 -104.33 
-337.15 -239.10 
425.76 100.24 
-400.04 -71.45 
445.80 -282.98 
-470.28 307.49 
-289.60 347.55 
232.57 455.93 
-423.86 -399.44 
362.87 -470.59 
-232.70 171.34 
