429.98 -353.20 
161.66 -152.96 
93.21 -157.13 
-379.26 108.01 
39.24 168.78 
27.81 104.93 
487.94 231.36 
 7.25 -347.84 
506.01 -93.34 
47.95 435.10 
-31.76 194.06 
-397.87 -192.21 
185.10 314.85 
-494.64 235.52 
298.63 -103.89 
-176.32 -334.32 
207.42 -425.61 
561.81 166.14 
314.58 -145.85 
60.85 -101.31 
-344.05 82.06 
-292.55 -469.21 
-315.47 334.94 
253.80 -361.21 
556.47 134.98 
313.80 469.39 
-308.89 -184.73 
-184.61 -463.63 
-305.55 -504.72 
-186.18 -65.48 
572.76  0.25 
273.67 389.30 
453.76  6.20 
-94.31 -314.42 
-98.12 -248.73 
-125.56 -70.69 
-386.16 -448.87 
-50.50 313.36 
-222.52 -379.19 
302.44 -28.41 
-94.89 568.90 
384.70 80.13 
-513.09 118.75 
99.25 454.08 
355.79 425.64 
343.37 -449.55 
66.59 103.82 
-513.78 172.00 
-335.56 403.89 
-384.18 72.32 
-373.02 365.56 
-234.19 -438.23 
17.02 -241.15 
-295.54 241.95 
-453.30 308.28 
-332.37 208.74 
