410.42 -166.51 
 3.59 -486.21 
-345.87 333.42 
422.72 -107.90 
241.83 -70.39 
35.37 513.29 
-337.10 406.51 
-138.10 -461.27 
 4.39 -89.78 
-527.29 159.31 
-436.27 -312.51 
-303.64 -36.81 
213.99 -61.83 
-577.33 93.15 
-384.38 -122.24 
399.44 89.16 
289.46 -483.08 
-49.91 -381.97 
109.92 -72.35 
434.69 39.34 
316.10  2.52 
278.78 -145.15 
-363.43 211.48 
-221.78 286.11 
147.56 -11.13 
-124.68 529.94 
-198.09 163.17 
-499.60 181.25 
-46.11 -286.08 
296.50 201.46 
-368.45 -156.72 
-263.67 -177.19 
214.30 363.15 
448.90 -169.72 
-255.15 359.32 
40.08 -430.78 
345.82 -123.27 
-8.25 -64.45 
464.48 317.67 
-120.45 310.17 
-322.80 223.24 
246.46 -403.33 
-426.13 101.53 
257.20 -94.07 
123.88 -312.67 
-496.41 149.01 
-456.69 89.55 
-197.93 -404.47 
125.36 171.65 
-489.86 -81.05 
-243.49 385.49 
161.90 -117.06 
-169.84 507.62 
-80.97 228.57 
-38.67 -307.67 
-400.83 419.66 
