-88.64 -89.33 
40.30 465.50 
-462.94 34.93 
24.46 338.08 
-90.94 257.70 
-318.84  2.19 
-90.68 232.52 
422.14 153.06 
152.52 -257.62 
-567.45 30.14 
-140.84 498.77 
-169.76 571.51 
-54.25 436.84 
-185.31 315.47 
146.34 130.14 
532.98 -174.41 
174.40 -298.64 
462.57 279.18 
16.27 -249.41 
235.99 -154.54 
92.01 26.11 
-550.00 113.36 
-547.20 -17.16 
530.27 140.44 
-317.35 -22.19 
-434.86 -97.44 
-59.33 18.93 
480.75 -339.74 
-216.24 -51.96 
-425.32 -72.00 
-524.55 161.34 
399.69 40.56 
416.92 267.12 
-456.11 -309.10 
66.06 -278.14 
49.76 568.42 
-6.75 371.77 
-176.87 -233.34 
-433.49 284.13 
388.26 387.27 
-33.69 -499.35 
444.19 33.39 
120.58 119.13 
138.38 -232.48 
-525.49 -279.87 
299.21 430.51 
-554.59 -201.90 
-365.62 95.26 
-374.46 -110.19 
157.57 198.36 
184.21 551.60 
-58.21 148.95 
-548.23 165.19 
76.05 72.06 
-480.08 143.40 
430.55 339.00 
