300.69 -136.78 
-347.25 202.67 
-314.17 225.29 
386.45 -11.69 
-2.42 -378.11 
495.02 252.42 
28.94 -426.22 
-159.60 394.99 
282.36 450.49 
-233.06 -150.51 
256.14 314.99 
392.32 323.18 
-334.95 -281.89 
-413.91 -204.13 
 6.25 182.94 
-134.98 427.69 
192.22 18.52 
-377.41 264.19 
-13.38 149.40 
 6.34 -262.29 
 9.78 -34.78 
79.49 -463.77 
-375.17 162.13 
-277.69 223.67 
-223.96 376.19 
 9.75 194.48 
12.07 337.33 
73.62 -292.04 
-48.06 -421.24 
-154.36 -459.43 
332.77 -246.47 
222.55 91.82 
207.67 207.91 
-227.99 358.34 
114.64 139.82 
62.82 577.10 
-527.05 -53.29 
373.66 -3.64 
255.74 16.26 
65.70 -238.98 
-297.07 295.15 
-165.24 204.77 
-259.29 -312.44 
-101.37 -254.35 
122.19 -87.41 
361.12 36.62 
-232.58 -531.72 
-488.51 157.14 
-25.38 269.00 
277.50 -377.68 
-411.85 70.12 
-119.18 -195.30 
-181.47 -500.53 
-253.01 -461.82 
-555.92 67.27 
-404.97 -83.78 
