-184.35 -267.06 
-316.03 123.25 
127.76 -484.52 
316.91 -244.13 
140.93 -344.40 
241.16 -388.67 
71.51 -456.25 
396.50 -339.04 
-412.85 -424.06 
-423.91 -22.33 
-165.28 -120.46 
129.31 -270.69 
546.25 147.42 
127.50 -129.72 
193.94 -335.63 
-141.05 340.24 
-224.32 52.74 
147.32 -165.00 
531.44 -13.21 
390.12 334.97 
333.32 -127.46 
-453.76 88.86 
115.57 -439.02 
65.04 41.39 
370.51 241.31 
-36.81 75.37 
168.74 -503.77 
-183.30 385.22 
-267.91 -179.15 
-348.01 465.38 
-33.22 573.57 
546.11 19.87 
-275.36 -277.84 
402.37 -275.15 
231.61 -37.39 
-246.08 108.83 
265.04 116.08 
-230.21 356.65 
417.56 58.33 
-154.91 -533.71 
142.57 -362.52 
-501.26 -249.22 
-96.16 571.64 
-536.48 210.64 
501.27 155.68 
-275.09  1.67 
-237.63 193.34 
140.22 353.84 
286.52 -421.88 
111.81 -267.50 
-181.88 422.45 
32.64 -441.43 
375.08 -425.30 
216.53 339.72 
244.31 -102.63 
114.54 289.00 
