-81.65 370.83 
289.21 -103.67 
-394.40 -154.91 
407.92 -66.68 
-133.59 93.43 
407.02 122.02 
266.73 -446.95 
-473.86 240.55 
500.86 -110.85 
583.40 -89.28 
-156.37 578.05 
-49.72 -445.78 
11.86 440.09 
-513.00 -117.29 
198.15 200.12 
558.42 215.86 
-539.71 240.22 
302.17 249.68 
-28.87 344.39 
-254.53 304.32 
-223.99 369.94 
-443.04 208.36 
49.00 -323.13 
-541.94 74.83 
104.98 505.28 
319.25 -37.93 
60.45 -403.62 
569.15 120.46 
290.73 -401.59 
-30.72 344.17 
-297.27 -486.04 
236.47 198.91 
-285.39 214.37 
-202.89 -228.33 
199.85 52.33 
90.76 221.89 
88.53 294.43 
330.34 -141.99 
363.46 465.28 
-27.89 180.63 
421.46 249.88 
-122.27 -160.41 
126.54 171.54 
-13.59 -440.40 
61.30 462.62 
37.52 -509.95 
253.45 528.54 
183.54 -362.78 
-60.76 327.21 
320.08 308.68 
-138.08 141.66 
191.76 514.98 
-40.68 -170.75 
-402.44 236.57 
284.62 -426.09 
-117.95 -283.10 
