-376.54 -175.86 
-170.34 62.80 
-101.44 531.71 
381.60 381.15 
-206.82 436.47 
-4.97 36.81 
206.25 519.45 
166.62 370.44 
-358.43 112.58 
433.27 312.87 
51.79 -545.85 
176.59 110.02 
519.86 -146.52 
28.11 132.32 
-247.48 -419.65 
320.64 -435.68 
341.74 302.35 
456.81 -168.94 
213.17 -126.47 
-293.63 481.27 
415.85 -304.66 
-259.10 293.72 
41.73 432.13 
108.45 205.06 
-218.48 -556.85 
189.15 220.03 
-401.82 -134.24 
-388.65 336.40 
-402.05 237.97 
-486.44 -305.45 
-423.69 -73.31 
70.08 -436.99 
-171.59 -379.23 
250.85 -387.51 
-479.62 132.31 
-537.47 168.77 
437.72 67.82 
283.21 398.05 
-373.75 385.63 
-215.57 -64.96 
 5.50 -10.48 
58.25 266.16 
-132.33 -401.58 
-153.36 -35.93 
427.39 134.72 
-383.65 -449.30 
-171.58 416.27 
237.45 378.40 
-126.06 261.65 
-114.06 487.09 
-229.15 425.41 
-311.56 228.05 
-534.86 -85.27 
53.16 -593.76 
-295.11 23.74 
-228.81 26.40 
