467.48 341.35 
41.74 -522.86 
396.33 -256.20 
-84.88 406.74 
-54.99 -14.72 
48.45 26.58 
315.74 -112.61 
133.52 322.74 
186.31  8.31 
201.25 -561.62 
377.74 -33.86 
-366.17 73.26 
-350.34 -55.57 
510.74 -183.23 
-467.31 288.14 
-172.14 22.11 
285.76 480.31 
177.96 -275.46 
380.25 114.67 
145.49 -324.43 
-302.32 -284.40 
-190.62 399.24 
198.05 -548.10 
431.61 -83.37 
574.81 73.85 
-133.92 -549.82 
-81.39 -186.95 
-1.99 -176.60 
-183.95 -66.69 
-495.57 227.80 
-239.51 115.57 
372.94 -87.07 
327.03 33.73 
-161.95 175.26 
-103.67 -443.21 
-240.94 509.24 
157.50 -245.62 
42.35 -199.50 
16.90 54.36 
426.87 -6.25 
24.54 -549.04 
438.65 -192.41 
-96.03 275.86 
156.12 -141.49 
-269.70 -264.47 
233.76 374.62 
348.72 -28.78 
455.86 -218.89 
-252.89 -86.61 
-354.54 -404.61 
-494.40 21.16 
-400.34 -303.42 
257.27 -145.40 
-487.99  2.41 
-111.68 514.23 
431.65 -320.42 
