24.92 47.11 
62.28 278.93 
-125.12 424.45 
-2.88 -58.32 
-188.87 334.26 
-68.16 -479.30 
462.75 -230.38 
351.62 -308.73 
518.64 201.87 
139.34 405.69 
-3.02 -433.46 
-224.81 494.93 
-159.23 -249.79 
240.60 -296.17 
493.70 -294.83 
160.02 -190.73 
-423.15 233.30 
218.61 110.85 
-66.27 -469.93 
323.37 30.20 
-93.60 371.81 
166.19 62.36 
-82.18 396.01 
321.84 -241.73 
-319.76 352.80 
-558.89 154.50 
52.82 58.63 
-454.81 -359.54 
137.81 30.23 
157.68 -497.60 
-235.06 -166.66 
-18.17 -86.44 
414.63 213.07 
95.01 574.73 
118.48 -498.33 
332.08 394.10 
-258.96 -297.25 
-415.14 -37.49 
503.29 -170.80 
202.14 61.66 
-342.25 439.35 
379.38 -436.25 
88.64 539.20 
225.83 193.66 
-76.43 -11.48 
-11.86 13.19 
-213.50 118.99 
-27.44 -481.99 
-343.16 -256.94 
-125.75 -316.58 
376.59 -454.99 
-398.01 -116.89 
103.33 -31.38 
241.52 -168.48 
234.98 -68.85 
 7.01 -46.77 
