89.99 202.53 
-476.72 329.29 
-453.77 -71.06 
505.67 229.79 
26.47 220.15 
259.09 -94.12 
-359.69 206.68 
-28.85 226.78 
350.17 122.80 
-366.11 416.24 
442.69 25.09 
-262.04 92.64 
-478.99 357.60 
-428.44 -352.63 
-582.86 70.45 
260.16 256.75 
433.74 78.61 
-418.72 213.65 
423.13 -44.81 
265.83  2.30 
58.89 -540.45 
-386.65 -189.38 
249.03 173.17 
-435.87 72.23 
532.85 72.76 
189.91 -244.54 
-478.16 -47.93 
538.03 78.97 
-277.85 -369.01 
513.91 -278.10 
-408.63 -137.26 
140.42 303.44 
-523.99 36.86 
-122.59 274.29 
-336.22 -98.09 
-116.03 483.31 
-535.84 206.93 
23.50 -556.51 
33.11 -132.01 
36.84 -427.96 
-372.16 359.64 
369.03 194.46 
486.17 146.59 
423.62 379.10 
96.27 -434.87 
226.10 -324.87 
-42.82 451.91 
-94.28 74.80 
-393.48 123.44 
277.67 196.54 
-390.71 -202.82 
-209.09 523.24 
304.06 111.63 
295.87 416.77 
234.82 480.40 
44.73 -457.64 
