-145.61 -494.79 
553.75 128.21 
59.38 -399.58 
123.77 -365.49 
-500.21 297.29 
-290.88 209.92 
113.51 -230.65 
220.41 105.45 
-266.47 -199.02 
401.88 425.83 
-157.11 -225.93 
-475.31 -259.01 
-5.38 -283.22 
-343.80 451.51 
-188.39 -247.57 
413.77 395.31 
264.18 -289.50 
-203.32 72.69 
-537.12  7.25 
273.57 -344.84 
-181.76 439.65 
567.47 -27.60 
439.27 358.62 
191.38 433.80 
472.42 287.99 
-184.78 -446.47 
-84.39 -85.28 
414.62 -122.27 
-69.04 158.07 
82.29 -98.89 
181.77 -37.52 
-345.74  3.69 
317.06 -167.49 
195.83 -225.30 
-109.51 -272.95 
-536.69 257.20 
354.14 413.08 
269.31 65.63 
-332.45 -46.41 
-135.12 -374.84 
478.20 -320.08 
-289.34 56.67 
-328.36 141.27 
115.87 -158.55 
119.62 -277.54 
-30.51 403.22 
-463.69 -196.02 
547.69 32.38 
-233.73 -185.72 
-389.67 -111.10 
230.76 -349.07 
-422.65 122.47 
204.62 -153.19 
497.30 -263.00 
-172.76 -525.06 
-383.53 395.78 
