71.48 -173.84 
-545.70 -171.11 
189.54 191.67 
-483.68 268.87 
-122.99 -455.41 
438.64 209.34 
-81.58 -164.25 
-566.57 164.05 
426.28 127.05 
-269.26 -167.05 
36.69 21.70 
303.63 452.54 
346.94 -441.73 
-36.67 -557.01 
82.06 -414.37 
91.97 457.90 
55.74 -445.73 
194.28 -276.02 
412.64 -4.47 
349.50 411.99 
84.58 415.65 
57.81 -97.17 
350.30 -391.86 
109.38 -97.31 
-336.18 -362.22 
92.41 133.93 
354.91 -383.20 
 4.73 -61.25 
-30.53 -465.65 
545.46 -203.84 
-565.66 -46.55 
-329.02 160.02 
-430.47 -204.46 
333.35 426.60 
-390.85 -119.21 
-407.17 -69.34 
41.71 293.55 
71.08 -340.46 
-347.51 -186.24 
324.58 -167.30 
546.39 191.35 
340.81 396.97 
-460.61 218.84 
580.99 -13.70 
-58.39 498.25 
472.26 56.25 
459.58 251.03 
553.99 -180.74 
-254.75 -493.90 
361.17 -355.35 
-470.08 -98.16 
-279.45 -342.51 
-228.36 -31.71 
376.19 -139.08 
-496.20 134.54 
167.76 -201.71 
