162.91 321.02 
-327.64 160.17 
148.24 -207.31 
244.66 -230.05 
275.02 -2.10 
-246.38 189.52 
255.01 161.28 
-7.11 239.73 
482.67 185.02 
-229.14 213.77 
-528.55 -178.93 
-255.91 -524.71 
-338.67 -458.44 
-347.09 141.40 
515.80 195.54 
-0.37 -4.28 
120.77 370.82 
-80.99 165.54 
286.38 -96.03 
-290.40 149.98 
-292.15 -88.61 
448.08 -299.84 
-68.27 -205.74 
-233.59 260.78 
-488.33 309.19 
30.72 -412.08 
35.62 213.47 
391.32 -18.41 
-154.07 74.66 
-322.74 383.08 
207.93 -38.13 
318.02 -288.73 
-209.38 -126.27 
258.06 -277.28 
-296.78 218.45 
388.25 -0.98 
-324.28 280.69 
417.87 -11.25 
329.28 -171.44 
444.62 84.72 
-402.49 -291.62 
300.94 -284.08 
542.26 -223.47 
-568.95 -189.36 
392.79 -132.01 
-442.16 87.01 
491.32 -27.57 
24.46 550.46 
-315.78 -119.18 
-122.52 131.73 
-46.79 -302.14 
66.46 -77.20 
-428.81 -62.36 
-397.69 -397.88 
-34.85 -55.95 
102.83 356.37 
