-566.67 -187.42 
-334.25 -305.28 
96.40 555.50 
-433.21 12.31 
285.75 -91.53 
492.00 299.01 
264.30 -100.30 
-305.66 140.67 
-423.27 264.13 
237.63 -411.70 
-68.61 440.01 
192.59 -82.33 
-413.34 -255.12 
-334.68 80.13 
-362.31 -74.62 
427.95 376.42 
-146.54 -243.54 
125.34 336.62 
591.44 67.40 
366.71 -221.09 
472.35 -340.58 
519.77 -218.36 
240.75 433.84 
11.42 412.75 
469.59 -337.53 
468.15 93.49 
340.97 -257.73 
-441.02 -219.22 
454.40 -245.34 
404.00 294.26 
85.23 333.55 
108.74 171.61 
467.41 268.73 
342.14 -0.94 
-27.58 -160.83 
-113.03 -422.59 
237.35 -482.46 
-151.17 278.84 
115.65 131.14 
-93.06 -74.79 
-475.95 236.88 
-451.90 85.13 
-56.99 292.74 
-443.16 -20.56 
402.02 -19.34 
-224.81 -222.60 
316.09 -495.73 
-212.17 92.71 
-181.58 -303.38 
14.73 -34.49 
-159.21 417.78 
128.83 255.25 
-374.97 46.15 
-54.52 104.97 
-105.07 279.62 
257.72 316.73 
