167.14 -97.81 
213.70 42.95 
-551.96 72.26 
430.24 -43.19 
-60.22 -527.36 
-169.25 379.16 
-155.52 -16.54 
-246.66 -388.57 
-424.64 311.83 
384.07 404.65 
186.51 160.07 
200.62 -94.47 
-194.63 156.61 
357.01 133.19 
293.37 -140.58 
407.43 183.20 
-272.79 505.82 
-542.99 -181.05 
-519.96 247.31 
-78.33 -525.81 
-543.01 -247.67 
-429.49 148.05 
-26.35 -142.65 
-157.85 -425.04 
-4.80 328.49 
209.97 481.45 
-135.70 -372.69 
60.37  3.05 
234.69 -207.97 
265.22 -86.64 
-168.40 401.31 
-338.81 161.63 
506.65 125.74 
-287.77 81.99 
-399.56 322.06 
-132.56 -512.75 
-93.77 338.33 
-301.07 -165.68 
-118.48 -454.62 
-194.94 -273.41 
495.67 -54.00 
-414.05 -220.07 
122.92 -391.64 
-417.72 275.63 
386.62 -442.41 
431.89 277.17 
-10.85 210.59 
547.02  2.30 
-128.48 561.15 
-212.16 -386.74 
289.32 -133.07 
-176.75 -35.18 
539.49 -150.10 
59.58 11.53 
76.40 -297.03 
238.23 50.53 
