-164.48 -270.77 
104.52 553.74 
-455.06 15.28 
530.34 -50.41 
360.77 285.94 
-172.14 97.48 
-125.92 -139.62 
319.24 377.63 
-410.81 -7.29 
226.51 538.42 
-131.71 -265.78 
-340.11 236.83 
-279.87 -502.14 
-475.88 -251.43 
-165.46 205.52 
-302.86 -373.77 
203.73 -546.72 
-218.35 361.07 
591.25 28.61 
-36.85 -227.64 
560.19 36.29 
-152.90 -51.95 
-133.56 -332.57 
-237.80 -265.82 
105.63 -341.86 
336.04 35.30 
-301.72 500.53 
-308.56 -167.78 
390.08 16.10 
57.16 -344.59 
449.44 -21.36 
-326.75 473.98 
329.16 -242.68 
157.81 -274.40 
-19.59 -412.88 
-30.55 -20.79 
161.53 -350.94 
-444.58 78.27 
-442.74 201.76 
-233.47 409.58 
 3.19 124.44 
218.52 456.55 
48.91 -453.33 
-30.84 278.65 
-411.51 -265.21 
-133.97 -121.18 
373.14 -311.41 
-81.43 442.83 
-192.85 -95.77 
-327.34 -379.83 
592.47 67.73 
-149.34 -529.22 
-377.58 -63.37 
66.92 -343.01 
-15.01 382.11 
-123.41 -293.96 
