-333.16 -15.37 
-97.21 -298.72 
-263.69 422.82 
-257.12 405.19 
-35.84 304.42 
291.37 57.48 
532.56 -221.01 
17.64 253.13 
-241.83 293.97 
-410.78 -40.61 
-176.73 519.78 
-52.11 -531.26 
-542.61 -161.33 
-0.62 434.40 
-355.83 -104.62 
39.02 -284.49 
-252.58 -120.73 
188.01 69.09 
231.89 -344.42 
-247.07 -59.03 
212.21 -323.45 
-479.72 -133.01 
20.18 84.45 
-68.71 -372.79 
339.09  4.15 
-516.53 -210.83 
-536.11 -50.70 
-184.42 300.75 
-587.73 119.08 
-43.35 557.23 
-268.92 -112.55 
276.38 148.51 
-556.42 -174.72 
-522.47 62.29 
-142.30 -173.79 
-163.95 -263.35 
45.22 188.21 
-240.00 -437.32 
-138.18 421.27 
154.57 202.52 
258.36 249.73 
425.85 277.39 
79.34 -517.78 
-223.70 -538.22 
440.46 31.32 
-509.10 12.99 
261.06 -386.11 
-104.84 -260.73 
458.07 19.98 
546.47 -11.72 
-194.82 -21.96 
286.37 -478.06 
563.76 -33.72 
-359.19 379.25 
-253.40 381.12 
236.22 -57.23 
