520.80 189.69 
370.81 78.15 
255.31 202.36 
166.22 172.64 
-21.75 -207.89 
-150.64 -361.64 
-321.14 -290.84 
-25.99 540.81 
-411.31 -102.80 
-578.41 104.83 
-86.05 265.64 
176.37 558.17 
-169.06 322.06 
32.24 -320.78 
439.09 -379.85 
337.56 -198.77 
196.15 477.33 
-193.38 -11.24 
34.11 -398.05 
324.89 78.72 
-96.68 -469.17 
-117.26 534.46 
269.95 292.07 
-382.25 341.94 
-335.07 78.60 
277.33 395.32 
-508.67 -253.99 
-37.08 -393.58 
-246.74 199.01 
66.44 224.66 
-302.78 -347.36 
-334.52 -422.69 
-38.06 -228.82 
-67.02 233.39 
-567.99  1.20 
-441.03 91.67 
494.36 -80.36 
427.38 -186.78 
-256.73 338.82 
-343.36 422.00 
-544.70 -176.88 
194.93 -550.80 
-145.76 -45.03 
-467.19 257.31 
-20.13 -291.60 
168.14 -207.64 
266.78 301.74 
-0.78 -528.21 
-267.45 98.37 
-555.58 27.59 
345.48 -329.98 
-423.29 -294.76 
-403.31  8.25 
-48.86 -561.09 
-286.32 473.90 
-109.19 175.90 
