347.12  5.51 
-261.79 524.20 
490.06 85.40 
-362.74 121.95 
-400.40 -44.62 
457.54 275.35 
596.68 15.27 
-345.91 -386.31 
472.44 -14.33 
-241.62 100.99 
-251.76 -202.58 
314.76 23.54 
187.17 -73.86 
368.68 65.01 
376.59 -87.83 
230.45 207.14 
384.22 -5.23 
23.42 402.25 
-31.31 -260.15 
-301.23 106.29 
-390.25 -383.56 
103.16 410.26 
63.84 -313.92 
288.51 509.87 
-350.80 462.61 
-178.46 -98.57 
-345.31 -209.06 
-335.45 44.48 
-33.46 333.32 
-135.15 -466.76 
-248.04 -351.82 
257.06 154.90 
-52.83 -546.20 
-468.88 -90.66 
363.43 -448.48 
114.90 -557.06 
56.17 21.25 
359.95 -463.99 
302.92 62.85 
-418.83 -228.10 
368.97 155.90 
78.46 261.85 
-329.67 -272.16 
-280.45 287.12 
-47.63 201.18 
484.32 76.54 
-70.48 -370.30 
-267.44 -207.80 
134.11 -386.36 
-325.82 142.59 
-507.88 -153.22 
309.79 -252.14 
-249.13 518.87 
92.24 500.49 
-98.37 299.67 
478.66 288.07 
