-38.28 444.77 
-241.66 -309.37 
-358.10 132.88 
-55.28 -591.72 
250.49 43.90 
-488.93 -47.69 
-458.43 84.23 
-441.35 -288.78 
43.97  3.05 
-124.16 -255.37 
-51.20 38.81 
-188.41 241.90 
-434.14 -289.79 
406.23 -55.90 
557.28 167.89 
-239.95 -381.86 
206.87 -40.04 
-80.60 -207.55 
-310.94 336.28 
-77.03 578.06 
-283.38 36.95 
381.33 231.96 
-399.60 363.29 
-6.90 -411.46 
270.49 310.97 
-484.83 154.78 
219.21 461.21 
21.67 519.32 
-517.59 212.67 
55.29 -439.42 
227.96 -478.98 
-388.98 310.87 
364.64 150.47 
211.69 -522.80 
-546.94 82.78 
18.10 -516.12 
-499.78 -107.23 
162.43 -444.60 
-70.09 -90.75 
134.93 -459.20 
-248.83 62.93 
-422.44 110.97 
170.04 -444.93 
69.70 -91.58 
-282.01 123.12 
-180.59 -8.17 
-20.13 29.50 
159.08 100.72 
56.68 129.26 
-115.67 -26.06 
482.38 247.94 
244.61 -294.70 
340.59 188.42 
-100.21 531.42 
-1.52 365.21 
-304.12  4.53 
