-378.20 -454.54 
-563.84 63.30 
-3.82 -571.98 
-151.34 -537.14 
76.62 388.00 
-286.46 -6.95 
123.89 -533.80 
-65.00 -296.51 
154.29 174.05 
388.28 234.84 
-321.32 -309.62 
-345.82 188.74 
-65.80 -251.63 
-57.33 -537.24 
349.23 335.34 
273.11 123.34 
323.32 -296.21 
82.72 -87.98 
-343.77 -122.40 
412.97 -58.64 
-15.50 -268.37 
62.37 309.79 
-242.28 145.15 
-13.87 505.84 
-568.52 111.30 
-549.38 150.12 
-27.34 334.46 
137.64 540.77 
-57.23 187.18 
366.70 -250.01 
473.52 -187.82 
563.13 -79.60 
-545.00 -187.02 
-439.03 221.33 
520.08 -73.68 
-66.40 440.13 
-340.43 229.72 
-122.83 406.71 
-390.68 -192.46 
122.49 -473.90 
-425.28 308.89 
38.04 461.45 
377.77 -114.88 
60.69 114.67 
-249.25 277.21 
-244.38 450.37 
-323.63 34.96 
306.69 124.44 
183.36 -471.21 
327.06 101.38 
-284.54 364.81 
256.36 419.72 
-264.13 317.62 
174.99 151.80 
93.91 369.56 
123.41 -279.27 
