407.72 66.30 
577.92 11.44 
87.05 261.58 
182.83 -270.47 
-41.66 313.43 
-189.49 -180.83 
-151.01 275.62 
-37.82 443.69 
-537.79 -35.63 
241.01 -45.93 
-339.60 133.35 
-296.29 -235.06 
-196.13 -444.34 
-184.53 150.82 
247.36 487.73 
322.78 170.96 
-425.20 317.25 
-197.94 349.05 
132.82 -279.59 
-32.38 -461.10 
90.63 502.07 
213.74 -409.56 
-314.01 298.54 
-226.43 29.99 
-153.43 -64.35 
493.95 -0.06 
-131.82 -552.49 
165.16 -470.77 
-460.74 65.93 
11.62  6.06 
292.74 -412.31 
-217.89 -411.12 
26.18 527.29 
145.95 -198.38 
526.53 126.65 
248.43 178.96 
220.28 74.03 
125.07 87.84 
-109.35 -194.42 
-47.51 -536.70 
-180.02 -318.12 
357.21 -329.95 
-410.54 -378.41 
20.16 29.72 
-172.51 170.32 
 6.79 203.10 
213.02 278.60 
388.28 140.66 
212.31 122.89 
28.07 273.64 
274.74 -169.15 
29.36 22.15 
499.14 -303.52 
-34.77 -406.71 
58.30 396.09 
-155.51 -170.62 
