232.82 -109.80 
-105.71 519.79 
-229.62 -271.33 
409.84 -200.55 
297.03 -265.48 
-321.71 -299.12 
-371.25 -207.38 
-340.45 -195.73 
-349.36 438.98 
281.69 182.03 
44.70 -218.17 
-147.23 581.04 
194.94 -215.88 
580.41 35.93 
-32.41 335.44 
-523.38 -56.51 
377.17 -52.43 
-353.00 -312.48 
68.96 -201.24 
469.83 -159.67 
-86.77 -557.80 
-269.54 -43.16 
-2.53 339.94 
-390.80 333.96 
-73.56 -232.71 
-60.36 -419.57 
297.39 487.39 
-252.81 -322.55 
-336.19 254.61 
132.79 -222.57 
98.29  4.42 
306.63 -461.98 
220.15 -172.07 
252.88 -456.13 
44.59 -57.42 
261.87 339.05 
-290.79 -4.32 
75.42 -0.69 
376.75 -430.54 
-266.89 430.73 
-446.82 219.23 
-110.41 404.40 
-290.55 179.45 
-35.96 275.31 
358.41 190.31 
176.21 -318.64 
126.14 582.38 
-264.43 -181.43 
384.93 246.04 
 4.72 -320.54 
-143.26 516.91 
165.45 -574.70 
-106.84 -221.26 
262.08 371.79 
441.82 285.31 
220.62 -74.83 
