-235.45 546.82 
291.20 -180.01 
234.09 -239.00 
228.80 -361.05 
367.62 -358.89 
-131.88 -196.41 
28.34 -313.55 
107.47 -159.23 
-87.55 346.65 
183.90 -219.47 
381.07 200.98 
83.30 448.57 
30.87 289.01 
-304.73 201.54 
-353.73 -254.07 
-189.28 -94.94 
346.06 -427.24 
13.08 -351.94 
-174.03 144.62 
494.84 -178.84 
412.81 -65.90 
103.54 -136.67 
-138.21 -7.70 
-41.10 128.11 
152.75 219.12 
107.81 -215.22 
-46.12 438.46 
47.02 549.95 
-155.79 271.59 
118.75 263.50 
-272.13 444.05 
-395.89 374.60 
461.95 88.32 
74.93 -462.61 
-326.04 -189.46 
-371.74 193.87 
-31.82 -409.39 
239.77 464.43 
201.09 -90.97 
-106.89 294.97 
-355.58 -307.94 
-41.38 -561.87 
283.34 377.00 
-485.28 109.81 
456.43 146.70 
317.13 145.48 
207.24 -311.99 
-292.33 -502.20 
80.79 350.78 
179.22 77.60 
-406.17 -229.39 
-60.51 81.79 
43.19 72.32 
-18.65 43.80 
-438.27 331.89 
533.48 -40.38 
