469.27 -285.48 
-546.76 -44.49 
-324.99 -61.16 
-49.12 -552.19 
-112.87 468.27 
135.36 -541.26 
-464.93 -167.49 
-356.59 -288.15 
-88.62 270.49 
-353.94 -204.90 
338.37 143.46 
-254.39 330.09 
286.97 450.21 
39.80 -580.61 
-125.87 -55.66 
-31.64 452.51 
-299.08 40.51 
-202.73 295.08 
529.47 21.74 
399.14 -28.71 
-339.53 380.67 
162.15 -193.54 
-247.86 -14.19 
49.88 -361.29 
80.71 -108.83 
-450.17 164.37 
407.09 -150.63 
125.59 359.44 
507.92 -34.40 
72.84 313.99 
-115.38 81.96 
64.60 -512.06 
-580.16 69.75 
293.29 -406.44 
234.36 497.92 
72.86  2.89 
177.63 307.48 
341.06 -405.30 
-282.20 331.54 
21.68 525.49 
101.90 587.41 
-504.49 -32.89 
-325.43 -221.94 
458.35 -284.13 
-208.24 126.10 
346.86 -454.24 
121.18 170.73 
-484.24 86.04 
38.55 538.06 
86.31 -79.44 
100.38 -101.61 
-24.83 -575.85 
-230.93 473.82 
98.51 422.97 
313.13 205.13 
214.40 -357.68 
