-428.85 -8.48 
461.18 319.09 
-158.03 -554.45 
173.98 -202.26 
123.87  5.93 
24.28 -67.57 
-413.71 -286.42 
320.06 291.91 
45.63 -137.46 
-417.83 -34.82 
162.69 512.64 
83.35 -361.34 
89.57 -383.66 
-176.40 -491.45 
-58.53 29.91 
-336.11 496.83 
-344.56 -472.86 
500.19 38.59 
474.88 -346.58 
-193.20 507.31 
177.72 400.92 
-280.04 -52.75 
420.31 362.63 
69.00 -6.05 
-210.56 -452.77 
11.85 -243.00 
-534.76 119.62 
-22.25 -391.07 
-353.38 24.41 
-32.00 -472.61 
436.94 289.18 
-148.35 -553.35 
-203.39 416.20 
360.57 -264.29 
228.91 -505.19 
-429.36 121.58 
-372.34 201.53 
374.40 -357.03 
556.25 153.05 
-487.71 -147.34 
239.71 356.91 
525.62 238.92 
463.77 -119.24 
-393.00 68.61 
236.09 422.88 
292.87 117.13 
372.06 -269.72 
119.60 -53.58 
-354.86 -461.61 
-11.85 -588.16 
205.01 398.71 
400.40 -211.91 
126.57 -313.17 
-48.60 596.00 
 3.25 539.15 
-453.91 -319.28 
