131.73 333.16 
475.92 -2.38 
-274.06 305.21 
258.89 -160.71 
382.45 -224.33 
533.36 -57.87 
454.91 374.86 
110.64 -21.70 
360.71 103.97 
501.74 178.70 
-72.27 65.72 
40.89 522.34 
388.39 -298.86 
206.65 -216.31 
-236.37 315.18 
-445.68 -87.98 
-5.97 -224.88 
121.64 -421.75 
143.58 -392.38 
-92.01 -490.14 
-438.81 -124.00 
-110.81 -222.80 
-398.84 -329.23 
-364.99 -270.74 
395.69 -312.60 
-216.56 -188.04 
-227.02 108.47 
516.42 86.70 
-239.19 -342.42 
101.24 118.35 
148.19 -540.74 
-478.08 -53.89 
429.18 -21.72 
136.13 -371.25 
446.51 341.69 
479.74 281.09 
-12.40 581.15 
-168.06 -317.30 
-111.99 -275.66 
-434.08 124.14 
-483.86 123.81 
-456.29 -301.23 
-566.94 101.95 
-304.02 85.13 
146.38 -353.73 
288.34 -425.18 
-320.35 296.72 
-31.41 -419.08 
548.64 67.60 
586.76 97.92 
446.02 204.06 
-473.68 -281.13 
102.16 -265.24 
-107.70 -344.31 
520.18 139.13 
590.90 71.64 
