387.37 179.94 
-245.34 -180.44 
-20.00 71.44 
-236.52 250.58 
78.20 -103.96 
477.51 -353.76 
27.68 201.86 
-404.71 397.00 
-77.58 263.80 
533.30 116.38 
492.46 -308.55 
-471.11 271.12 
-321.03 107.32 
239.86 355.75 
163.30 -417.90 
-91.77 -316.68 
-33.51 491.08 
101.19 -279.88 
77.94 -308.28 
-172.62  4.99 
216.44 -503.05 
-33.10 431.79 
-150.13 -36.04 
164.23 436.86 
73.52 276.57 
-74.18 -480.01 
-404.69 -348.08 
-408.04 -304.21 
-362.18 171.26 
167.57 -433.90 
56.24 380.24 
-259.20 -55.77 
125.21 49.16 
-223.13 544.42 
-243.58 406.83 
-514.96 40.95 
163.35 253.40 
-16.91 -500.99 
133.66 193.14 
-362.94 -377.48 
152.90 290.89 
-386.29 -161.45 
-139.45 -226.68 
79.45 -442.59 
168.27 548.64 
-225.12 -150.55 
37.74 256.50 
-179.70 -218.97 
-473.38 47.87 
-321.59 -274.38 
316.93 -223.13 
551.31 -93.54 
-316.32 171.35 
-553.81 -156.56 
-476.53 -85.64 
401.76 -176.78 
