-435.94 -166.46 
287.40 346.69 
-68.67 418.04 
254.85 492.76 
161.11 532.86 
220.29 195.04 
87.32 224.77 
-329.68 -314.16 
423.25  2.50 
-555.01 121.49 
-473.94 -307.11 
39.04 136.18 
258.75 221.40 
363.59 -417.49 
-53.18 -119.09 
430.21 159.10 
208.04 499.33 
410.11 62.00 
308.90 215.40 
-531.84 -36.27 
380.13 226.40 
199.23 441.43 
-133.00 347.70 
89.37 434.51 
273.50 151.13 
-185.25 -482.76 
-341.81 -413.05 
-69.66 551.97 
223.85 221.56 
-513.80 224.70 
201.14 550.99 
128.28 -215.21 
-25.22 135.88 
-111.28 473.47 
-359.47 -127.55 
-5.64 186.14 
480.48 -334.02 
-123.28 185.32 
-305.20 -227.97 
532.42 265.96 
-216.62 -505.71 
164.14 165.32 
-40.29 136.17 
367.73 -43.68 
274.25 274.95 
-543.05 34.88 
-3.67 -394.70 
382.84 356.88 
-279.28 -85.72 
-377.39 104.02 
-417.75 122.22 
-38.35 -443.49 
-0.27 129.79 
-140.73 -304.15 
372.70 14.29 
-340.60 -456.19 
