286.72 -308.49 
-395.47 -39.36 
430.54 -101.44 
389.83 -410.58 
545.30 -121.33 
376.42 252.09 
-79.48 -299.12 
-50.34 342.81 
-217.22 -6.91 
-136.85 521.65 
-42.14 -178.43 
-150.53 336.13 
187.29 -322.95 
-398.31 -161.14 
-405.07 -335.25 
495.29 -50.65 
389.11 64.19 
533.03 -110.54 
137.76 122.17 
-291.70 -481.46 
-454.45 -9.40 
-26.80 -494.41 
314.64 -75.26 
-202.81 51.76 
-250.41 257.68 
141.85 463.74 
-265.80 -490.77 
110.30 -581.46 
460.32 277.46 
 8.64 -309.75 
-356.69 15.90 
-299.43 -484.73 
-283.54 -20.65 
77.17 145.24 
-387.77 356.37 
198.35 -352.95 
312.88 15.45 
212.42 -137.36 
-88.93 174.14 
410.14 -177.91 
-232.88 -175.32 
-264.76 -276.85 
390.05 -332.34 
510.77 -239.24 
188.90 -224.64 
-187.88 -540.21 
-30.92 84.77 
439.62 325.46 
-370.51 -102.51 
172.40 -292.40 
192.40 -25.79 
-308.37 -504.90 
-303.30 -361.24 
-160.16 -278.63 
-176.32 -567.41 
-393.59 199.51 
