36.86 -519.15 
-340.83 -323.97 
-208.47 90.87 
-334.05 102.91 
-41.07 426.69 
159.10 -541.37 
70.39 -179.27 
211.22 282.21 
193.83 471.12 
-416.85 169.53 
184.11 -246.31 
298.02 -416.31 
-228.34 328.81 
-449.06 -193.69 
34.18 386.76 
276.57 256.15 
-358.22 -468.93 
406.40 -154.62 
287.14 263.68 
485.34 34.74 
428.52 278.19 
336.78 -203.50 
-190.86 -427.37 
343.45 365.00 
50.63 -44.42 
-4.84 -506.13 
-13.79 595.08 
531.15 45.00 
511.75 -159.43 
530.37 -23.95 
281.48 122.35 
389.82 176.03 
-42.08 -422.34 
35.51 -160.60 
-98.37 334.98 
23.07 -479.70 
-124.27 -96.37 
-277.78 -219.05 
-314.91 117.17 
-15.32 65.58 
-21.53 -273.01 
-325.86 127.95 
-276.03 -389.63 
-577.56 104.35 
33.23 -183.86 
89.23 -278.08 
371.73 169.63 
462.30 127.17 
194.95 344.33 
-470.46 -323.70 
281.37 -487.50 
516.08 279.22 
-236.95 77.93 
-169.88 334.86 
176.68 -563.46 
93.73 -277.59 
