-337.25 102.03 
-367.11 194.10 
-79.27 156.57 
576.55 34.31 
-346.15 -116.88 
489.02 148.45 
-508.66 176.72 
283.60 56.13 
-251.87 384.14 
-228.53 -86.03 
259.68 -299.16 
253.01 -241.87 
-241.47 194.13 
552.72 98.69 
528.49  0.58 
-392.97 261.98 
337.89 -327.94 
120.62 -415.95 
-20.69 -394.54 
191.08 -215.98 
-135.39 328.29 
-51.64 249.43 
504.32 -25.36 
-222.84 426.12 
215.02 -377.84 
-493.00 140.20 
398.14 43.16 
-89.81 511.93 
279.34 -285.50 
341.29 -395.37 
195.58 357.66 
273.40 208.94 
-504.79 -320.71 
-27.31 -413.19 
399.73 258.83 
-37.41 -80.15 
195.44 -234.43 
300.05 354.86 
279.93 -44.15 
112.71 -450.66 
108.16 504.66 
-449.04 -189.54 
466.52  2.06 
-441.02 -238.68 
-113.98 -33.38 
466.17 207.55 
-554.01 -64.10 
141.17 -504.24 
296.95 -190.26 
-109.60 585.08 
362.25 212.00 
374.56 -54.39 
-194.87 407.60 
-159.18 213.94 
456.50 -181.18 
-422.21 373.09 
