-150.10 350.11 
389.35 -355.94 
341.11 -463.40 
410.23 -437.60 
-63.96 214.30 
-548.12 -208.43 
-453.89 228.61 
-557.75 -181.53 
-119.19 -38.96 
-51.58 141.24 
83.62 -419.30 
-276.24 -352.99 
235.91 -435.32 
551.83 -223.30 
84.47 587.93 
-38.55 -71.06 
19.69 -49.35 
-553.85 -74.32 
-180.31 88.27 
86.87 356.88 
-137.93 -195.45 
86.46 -372.91 
411.14  1.03 
46.59 -334.66 
-110.11 474.55 
-164.58 -144.34 
-204.94 -135.71 
-19.10 -445.83 
-166.52 546.73 
-471.93 -127.69 
176.07 27.63 
129.02 376.84 
-44.72 -311.40 
36.45 -375.69 
-336.00 -217.82 
-31.81 -189.11 
-272.86 -405.86 
-348.00 -305.78 
227.84 234.68 
508.75 85.93 
431.26 -356.53 
354.85 -87.05 
156.40 -93.06 
-363.60 -28.30 
-338.05 -309.62 
-404.08 -81.95 
536.66 129.94 
-453.48 -213.42 
-245.13 286.75 
-327.71 -207.78 
-20.99 132.84 
59.56 -349.97 
410.79 234.21 
554.39 -115.52 
413.47 383.22 
-14.92 -253.88 
