-279.16 -278.40 
261.41 450.56 
-231.85 -407.34 
181.81 -437.72 
-383.56 319.00 
-161.13 511.63 
113.22 440.69 
133.40 225.83 
485.27 289.69 
-405.23 124.46 
414.01 -29.70 
-432.96 372.16 
-64.18 -507.23 
-459.20 32.43 
318.23 210.47 
-42.35 392.45 
-516.91 -249.28 
-78.73 30.16 
233.61 -431.50 
15.01 59.81 
-253.54 -466.51 
-132.12 237.68 
34.08 352.62 
-487.56 -227.38 
-363.43 -366.39 
-167.23 409.24 
-30.30 -211.71 
-272.57 -218.19 
134.04 -555.51 
-315.59 -383.43 
440.31 -69.60 
-134.63 252.95 
201.40 -488.76 
-374.06 224.34 
-281.72 -169.19 
401.67 -409.83 
216.51 -187.86 
-345.67 -141.11 
-106.34 -427.84 
-82.14 -474.18 
-519.39 72.42 
322.46 107.41 
346.48 486.14 
-301.58 218.97 
306.00 -97.03 
34.40 -172.05 
480.30 208.74 
504.58 -286.92 
243.18 -203.91 
339.68 358.03 
313.19 -335.78 
-274.98 -495.51 
-503.54 95.34 
-424.71 -394.01 
-384.17 189.37 
518.73 -21.38 
