-227.29 164.96 
-144.70 347.57 
-158.76 -264.62 
518.14 -49.34 
453.16 216.67 
-153.61 71.11 
-47.39 127.43 
-298.54 504.87 
-424.46 28.20 
-4.74 -7.27 
-62.42 -518.30 
433.69 -36.77 
-490.75 -344.96 
-177.48 -382.19 
140.99 299.67 
-65.00 -389.82 
-564.28 173.09 
25.48 -156.21 
-32.03 -76.34 
-529.18 91.95 
-12.26 579.92 
-41.24 78.23 
-437.79 -223.34 
-180.37 -124.53 
-20.62 -29.26 
222.85 22.45 
121.88 -152.02 
-86.95 446.35 
492.79 -161.09 
-238.87 182.76 
375.96 -382.02 
-485.92 53.02 
-23.04 304.94 
474.98 258.47 
255.15 19.29 
-372.66 249.46 
-30.73 591.23 
 7.56 301.92 
114.90 -139.74 
260.16 -39.58 
-313.22 -122.18 
-103.32 -320.51 
-172.17 -168.63 
-65.41 341.73 
-418.69 338.91 
63.02 158.49 
218.83 380.94 
-106.53 37.69 
-422.81 -280.31 
156.68 557.57 
-507.35 -19.08 
328.13 -176.81 
-505.49 -197.07 
223.08 -13.94 
447.98 351.52 
-144.21 -152.38 
