-358.89 -80.59 
-162.47 252.75 
-389.92 -135.94 
77.42 -236.55 
-249.95 61.37 
-410.73 -141.62 
-559.47 103.81 
43.36 455.25 
-308.91 235.15 
220.29 -219.17 
156.71 102.70 
210.80 310.21 
-12.70 -555.51 
-203.23 198.05 
452.35 -283.69 
-482.56 217.51 
156.95 306.10 
-552.94 137.80 
294.92 58.94 
 1.07 -237.78 
340.28 363.36 
-556.05 -220.46 
485.33 277.32 
366.56 -470.32 
-49.18 -345.44 
-190.62 463.64 
-481.42 -294.31 
137.93 561.98 
-508.95 -233.63 
461.87 -186.63 
308.25 352.58 
-527.18 -111.31 
-465.28 -350.95 
561.12 157.28 
165.36 566.48 
202.34 287.14 
-433.65 -398.89 
-213.34 -64.33 
502.11 -99.36 
-70.21 -229.20 
-482.35 136.30 
548.81 -67.81 
282.76 -105.70 
521.36 283.76 
-351.21 -100.56 
193.86 -238.39 
68.60 -190.91 
258.20 344.76 
205.31 -307.46 
-254.87 393.86 
29.67 384.92 
46.26 83.38 
79.75 -250.80 
141.31 -85.03 
155.59 185.76 
-506.54 306.89 
