251.85 120.91 
-243.39 344.95 
-68.19 384.73 
197.56 -28.24 
11.58 -3.41 
353.08 126.87 
109.34 260.25 
519.99 29.42 
-82.70 -472.02 
-460.86 119.31 
-537.35 -153.73 
147.80 -405.81 
510.07 -230.24 
-261.24 -351.00 
298.40 -263.87 
-262.04 444.49 
190.68 -534.12 
-181.13 369.60 
280.00 18.01 
360.45 -239.83 
-1.84 550.04 
529.35 -15.74 
-428.76 299.65 
110.73 -56.28 
-12.73 534.45 
-230.30 -394.61 
178.34 121.88 
268.92 78.44 
207.40 541.79 
-95.39 -286.21 
-261.54 390.87 
71.13 222.25 
191.30 540.67 
379.62 359.81 
499.63 -170.37 
-367.44 54.91 
75.40 93.10 
414.97 156.86 
-229.31 -90.16 
-89.52 359.16 
-244.99 279.80 
-288.36 -50.64 
224.05 -410.76 
169.74 -241.04 
-131.24 -349.03 
-211.39 510.75 
-46.76 -306.38 
-117.75 135.45 
117.35 -92.32 
370.56 351.64 
310.57 -293.52 
205.44 -31.00 
268.62 270.90 
65.54 -577.38 
-133.49 504.41 
339.46 -402.14 
