-104.56 505.47 
-236.35 54.34 
-99.95 -171.67 
-448.31 58.19 
-519.30 284.60 
471.00 -82.67 
290.20 -350.31 
18.60 -178.64 
-59.45 -291.35 
294.40 -313.51 
78.15 -177.98 
395.41 272.95 
-322.68 -358.40 
48.92 256.70 
161.88 -55.80 
235.01  1.39 
195.56 -145.27 
139.61 192.55 
-12.65 540.56 
-201.43 -182.85 
-258.77 -363.15 
-122.59 528.74 
-78.11 -77.28 
238.53 547.11 
-516.89 -205.98 
-439.24  9.90 
224.26 -258.58 
127.31 -91.07 
74.45 -418.78 
489.45 -292.91 
102.24 26.51 
301.24 -377.24 
228.35 120.01 
-124.91 -485.88 
23.03 528.29 
-34.38 456.37 
439.93 14.42 
-370.79 -201.40 
-146.13 213.37 
-218.06 -501.16 
-449.27 298.97 
-323.42 188.42 
385.71 -409.14 
-449.45 -81.10 
233.17 324.86 
345.26 424.87 
-341.89 -99.94 
-503.04 147.75 
-497.76 286.91 
33.62 48.74 
-328.59 -441.22 
252.88 -36.20 
-327.98 348.29 
-363.62 373.62 
-60.32 -510.33 
552.15 -189.08 
