-586.29 30.37 
-476.47 344.47 
-68.84 447.14 
-0.95 309.37 
-261.52 30.15 
-123.10 104.31 
101.06 -483.11 
380.91 -345.60 
145.10 346.40 
-416.49 227.76 
56.46 -274.15 
343.84 213.38 
-345.66 24.95 
563.03 204.23 
-266.36 53.22 
314.21 -204.58 
55.28 507.05 
-124.91 405.06 
171.82 537.52 
-426.15 -329.58 
150.32 -29.97 
-533.85 188.24 
208.48 163.79 
273.17 -304.94 
-286.94 266.26 
238.67 -187.53 
32.85 409.53 
-253.76 -276.40 
-237.20 -12.60 
348.87 249.10 
193.85 199.73 
-234.17 -14.16 
-149.87 222.07 
-260.12 104.00 
300.44 173.26 
-8.07 236.68 
106.38 -66.30 
238.42 537.80 
427.17 182.42 
-106.47 556.96 
-478.58 333.95 
-103.74 582.80 
-520.73 38.90 
-268.36 -396.25 
-421.87 24.41 
117.19 277.17 
63.40 -163.98 
-373.49 -224.50 
-158.86 142.64 
-559.19 38.70 
134.27 503.26 
187.44 -402.58 
-34.80 -486.64 
-500.87 107.23 
-1.49 546.11 
328.44 -94.53 
