-336.09 440.11 
518.67 179.30 
206.38 -62.36 
188.19 428.98 
284.85 -75.52 
-171.87 339.88 
329.69  0.82 
161.73 113.30 
-510.25 209.93 
-380.71 440.55 
-66.36 567.98 
-44.64 260.29 
329.00 -288.46 
-542.04 -74.24 
-422.22  5.31 
362.81 -370.31 
-496.66 94.93 
421.37 -177.94 
335.75 374.92 
-48.87 363.99 
155.37 313.14 
449.56 159.71 
281.71 -442.20 
 2.29 -499.85 
-194.02 526.14 
315.55 -174.60 
361.34 393.74 
362.05 206.92 
130.80 -267.97 
-399.40 146.33 
502.33 -123.10 
486.36 87.61 
261.26 329.02 
-367.10 347.52 
-259.54 -227.09 
114.64 481.89 
-156.17 29.33 
108.81 398.76 
-21.70 -539.29 
-309.94 493.99 
 5.68 444.06 
-98.31 -184.76 
467.41 -333.70 
74.08 322.71 
274.63 -398.34 
95.98 162.30 
-445.40 322.03 
-102.94 -35.09 
325.02 137.81 
-116.17 -295.56 
272.25 -351.99 
159.32 29.55 
-86.73 -24.29 
-303.30 -298.29 
18.44 353.41 
-373.88 -122.33 
