-92.72 -498.12 
-546.56 -22.32 
515.39 82.41 
-90.73 580.31 
-360.68 -27.08 
-590.77 57.58 
-112.90 -526.18 
-135.00 -497.22 
232.35 374.63 
-286.14 -293.37 
215.75 -156.80 
-437.45 310.52 
209.78 -382.36 
-411.70 403.09 
-425.65 386.54 
-491.69 224.83 
382.75 -433.64 
77.49 564.45 
-133.63 433.33 
23.43 155.79 
-422.05 422.00 
-402.93 -46.22 
-310.05 -152.58 
178.74 162.95 
70.25 -203.04 
32.35 233.14 
52.35 -581.68 
466.08 250.54 
-411.84 -316.87 
518.95 68.72 
389.48 278.15 
-348.38 -295.44 
-434.27 -386.35 
46.41 339.98 
258.25 118.00 
-46.82 484.96 
50.46 205.44 
556.98 26.51 
-320.62 170.65 
-39.07 -427.51 
186.67 -284.97 
-272.23 234.03 
215.80 -159.18 
57.24 12.71 
100.23 29.29 
-300.49 165.71 
-296.22 -78.81 
-137.59 -323.69 
-366.41 -60.73 
248.82 409.38 
88.57 -34.33 
-328.42 191.32 
-395.75 283.24 
-159.46 -514.81 
-10.19 569.12 
-177.32 406.61 
