-218.69 474.69 
-102.81 314.09 
484.70 157.96 
-391.50 127.17 
333.29 -393.94 
-548.56 -119.50 
-337.83 -294.30 
-144.56 -236.66 
-180.08 -188.37 
227.30 -537.12 
-416.03 399.90 
84.92 504.69 
-245.97 453.82 
442.82 242.57 
23.77 -58.01 
150.35 -360.68 
156.02 427.78 
324.28 -335.95 
505.93 30.56 
38.51 -416.99 
-125.16 53.85 
106.07 274.73 
170.20 -9.15 
72.34 491.50 
237.20 -150.59 
-374.57 -32.03 
-152.34 -450.34 
-66.54 450.47 
-255.27 384.15 
-415.21 196.55 
66.29 -472.34 
128.99 309.14 
559.36 -204.32 
187.97 -187.57 
-108.42 -588.04 
-362.83 -385.54 
40.73 -535.75 
-389.77 209.33 
-493.54 -171.67 
276.72 -150.29 
-315.08 -325.04 
-485.46 -334.83 
-567.09 53.79 
256.84 314.73 
192.03 25.49 
-103.64 -320.63 
140.03 -377.84 
-107.10 514.57 
-50.43 -213.60 
462.59 312.92 
-450.77 -18.11 
73.42 118.50 
-504.59 -61.55 
-162.13 89.44 
-17.47 -479.73 
-185.61 438.27 
