451.89 -42.67 
-13.63 353.41 
141.64 -315.35 
488.80 -96.56 
249.44 321.56 
-102.08 98.73 
464.07 -372.18 
470.57 -284.72 
221.59 286.36 
-225.02 509.18 
-371.30 -289.38 
-484.13 107.12 
-323.80 -494.13 
197.44 348.12 
-420.67 -225.80 
-271.05 209.73 
-334.36 -281.65 
413.18 -274.53 
-186.74 -456.99 
-263.09 519.21 
203.95 -257.42 
-308.25 244.65 
-279.19 269.17 
 9.20 379.67 
-245.23 413.71 
241.38 -181.83 
285.98 -492.72 
-61.55 -438.36 
344.32 -472.25 
-211.07 282.46 
223.58 -233.78 
15.40 -107.53 
564.62 107.59 
312.24 125.87 
250.03 -249.05 
96.99 -292.69 
-300.17 -158.64 
164.45 80.49 
-282.19 -312.40 
-54.55 -334.35 
-446.00 315.84 
459.57 -164.86 
-459.74 284.72 
-333.59 -183.92 
-11.16 -71.07 
398.40 373.78 
400.66 362.68 
-173.36 -493.14 
 5.72 -175.93 
-387.78 -352.92 
239.79 -222.68 
255.38 -344.02 
419.10 59.36 
-86.28 423.91 
247.09 -136.37 
-319.97 212.92 
