102.93 483.80 
220.83 -360.83 
-391.19 318.87 
42.78 -369.90 
-128.78 -545.93 
409.54 331.36 
-104.94 414.35 
-316.19 -400.40 
-155.76 378.76 
-220.18 -438.62 
56.51 31.57 
-247.13 -169.70 
-388.94 -141.82 
206.85 -181.61 
-297.84 38.93 
11.16 248.87 
454.57 -165.51 
180.45 125.01 
415.19 -168.35 
512.41 76.41 
-263.82 490.27 
-363.82 306.97 
-20.93 568.64 
-39.70 -243.18 
-494.21 234.13 
187.64 -131.95 
-198.29 -315.78 
118.05 -264.24 
-262.96 -159.56 
407.69 108.40 
27.50 536.49 
-440.53 -227.89 
-260.49 534.39 
13.96 588.19 
403.88 128.28 
-494.01 181.88 
101.96 -226.68 
-444.78 -200.57 
-86.11 -417.79 
-444.42 -378.99 
264.29 -202.49 
-1.81 -547.44 
246.93 -65.11 
-68.41 262.77 
-439.88 -349.54 
318.49 99.75 
15.53 -312.28 
-416.93 -422.91 
413.63 -2.13 
-562.71  1.15 
-356.01 -355.31 
 0.87 -223.88 
146.96 342.13 
324.91 -405.36 
-24.68 -587.20 
514.32 -301.28 
