543.15 -173.90 
159.74 -448.01 
362.17 179.97 
-274.81 101.81 
-83.59 366.23 
92.04 280.05 
-8.89 -344.31 
377.55 72.69 
261.54 -451.13 
-43.31 -467.04 
-557.15 60.69 
-16.22 -129.94 
138.43 97.65 
78.14 359.22 
303.59 316.81 
245.66 402.56 
-448.73 -107.83 
-297.78 -162.53 
170.98 316.78 
526.43 -2.72 
122.58 -441.01 
251.94 -231.47 
-283.14 -463.92 
-474.16 -208.31 
-449.40 394.15 
-421.04 364.65 
-104.29 -568.21 
-516.44 73.96 
-303.11 31.43 
-514.75 57.16 
568.61 -139.32 
56.48 -534.03 
216.26 -363.83 
-224.45 -291.04 
-144.23 -447.00 
-560.63 58.39 
-463.05 140.92 
130.54 216.30 
-18.18 142.57 
28.13 186.61 
287.53 388.40 
229.21 -337.09 
-128.77 402.73 
-399.40 -220.41 
-279.15 -23.05 
-350.00 172.01 
-133.64 528.86 
458.52 -222.24 
-349.13 157.99 
350.65 -234.84 
-95.98 146.25 
-410.38 -305.10 
-40.28 -394.58 
-531.87 -9.96 
-125.13 123.10 
312.43 -460.30 
