393.17 -148.19 
294.33 231.75 
309.74 -199.24 
275.93 393.37 
248.84 179.96 
-7.58 -250.82 
-77.87 -481.16 
560.76 -94.52 
-424.88 374.22 
-410.53 298.51 
-349.67 -225.64 
-183.75 503.50 
291.67 -31.22 
191.31 -66.02 
-22.38 -32.36 
-288.58 -464.55 
-486.83 189.02 
48.97 -515.13 
-63.43 -77.70 
115.68 540.76 
-274.49 -461.77 
229.68 -333.31 
443.41 269.21 
-455.05 154.23 
-182.44 -547.62 
327.00 174.61 
439.24 -154.88 
-68.70 76.96 
400.11 -328.32 
-144.08 84.01 
425.29 -133.51 
195.36 -558.72 
-400.01 -66.60 
143.04 223.94 
-444.09 -160.68 
-38.48 -475.66 
-462.66 -107.73 
371.02 140.69 
40.68 -136.22 
442.71 343.47 
-219.53 252.47 
-570.87 154.27 
547.73 -213.29 
204.50 133.42 
-185.87 -113.29 
29.69 153.27 
36.03 500.23 
-216.73 297.25 
-291.97 232.68 
-176.28 -142.73 
-392.69 -446.34 
261.51 258.62 
-533.53 23.10 
458.60 -361.27 
144.90 -556.19 
-7.71 -593.68 
