410.04 -185.53 
243.11 235.42 
-73.40 -49.40 
262.96 213.64 
359.61 268.42 
455.62 -103.10 
-271.17 -165.50 
-130.18 -28.12 
235.39 -513.14 
527.78 188.83 
485.78 -20.27 
-159.17 252.58 
-129.33 -91.97 
73.52 94.42 
123.44 -538.59 
433.51 78.20 
343.99 -325.28 
398.97 99.11 
-421.24 347.12 
576.54 156.09 
-155.00 -343.53 
-40.63 463.11 
-455.76 -121.94 
-480.26 -161.08 
-3.23 -465.77 
124.39 -174.75 
-55.26 -345.38 
-66.57 383.82 
-5.52 -198.09 
359.14 -179.91 
-539.02 -150.46 
142.88 -373.56 
-90.52 -100.04 
-345.09 302.72 
374.39 -455.15 
-159.05 139.45 
91.51 -373.61 
-69.16 331.59 
243.87 78.48 
-134.50 -133.27 
472.31 -64.58 
39.97 511.34 
81.71 394.95 
252.82 298.22 
91.73 -545.40 
-557.63 -103.49 
-110.71 -464.75 
-21.07 -4.94 
-556.15 -54.28 
434.59 373.65 
153.62 -552.95 
32.09 -321.61 
-273.65 283.83 
-20.87 127.54 
65.91 -362.61 
-25.58 525.54 
