343.17 -15.77 
-253.91 -223.04 
56.51 375.39 
44.72 -105.82 
118.83 -547.34 
124.09 -336.26 
-26.29 -476.08 
-311.28 179.04 
-235.44 277.05 
10.34 343.41 
96.09 522.95 
331.25 134.46 
-288.28 239.86 
-158.64 -184.56 
-374.56 -389.38 
383.09 355.76 
-260.39 144.34 
246.24 328.59 
-464.79 -180.95 
-184.49 513.49 
-26.52 423.45 
263.00 78.55 
-33.46 -109.67 
173.62 -188.91 
546.29 169.78 
81.65  0.74 
-147.77  8.46 
36.02 444.93 
-127.70 127.13 
-441.66 -4.90 
101.26 22.79 
-227.81 408.62 
-200.22 488.36 
-364.28 404.28 
501.02 -172.53 
-38.20 472.73 
-292.16 -518.79 
107.75 -232.09 
257.60 277.10 
-160.49 -218.14 
-331.25 498.28 
386.19 234.12 
299.55 382.57 
17.64 516.26 
305.14 216.97 
547.30  4.33 
53.30 323.86 
403.31 396.37 
-148.70 -113.58 
-530.89 -230.24 
-485.21 -207.39 
359.75 354.94 
409.63 300.27 
393.07 -119.38 
396.51 -139.18 
76.51 -518.17 
