100.39 494.09 
-467.76 -274.74 
-341.26 215.64 
141.03 87.65 
-13.24 -84.16 
188.76 -314.80 
355.03 446.73 
147.36 326.52 
292.71 -321.47 
173.68 -322.71 
317.04 -5.45 
-431.13 369.08 
-120.13 -122.70 
-207.87 479.93 
147.94 432.72 
-416.77 409.40 
391.83 243.02 
93.29 -109.99 
163.58 489.90 
 7.58 159.86 
310.79 85.52 
-68.24 -252.86 
542.51 -70.36 
376.44 -58.38 
472.33 183.42 
-69.55 -548.88 
390.45 -211.19 
566.35 -105.11 
-398.58 -414.02 
21.67 214.75 
-252.08 -217.32 
213.25 46.83 
-114.54 23.40 
127.90 -460.53 
-491.33 225.32 
149.18 -190.21 
-464.09 -272.46 
308.11 -440.25 
46.48 376.59 
-442.06 257.15 
73.51 161.30 
-107.02 465.29 
149.75 -4.95 
-180.08 552.08 
163.70 17.34 
-47.60 -449.63 
108.37 -380.45 
-287.09 262.45 
-61.19 246.15 
 1.66 -507.77 
356.07 -316.47 
305.89 -406.31 
-156.40 -256.17 
-103.90 -221.17 
-89.10 286.29 
369.80 138.13 
