133.62 -41.34 
269.10 -83.66 
223.50 294.83 
477.84 -196.70 
565.46 -81.78 
525.18 155.58 
-102.66 440.55 
255.48 -362.09 
-144.80 18.85 
-481.36 -283.23 
-329.84 -381.18 
432.88 -134.45 
60.72 397.23 
-428.18 55.87 
75.30 -525.63 
-12.73 332.06 
43.91 71.75 
262.76 -427.77 
-156.20 66.74 
483.35 -314.88 
-253.63 416.02 
-440.70 -222.42 
270.75 -163.11 
255.42 -232.09 
-557.73 175.11 
169.06 267.34 
-256.51 153.49 
406.91 -65.93 
347.45 421.61 
-77.70 -566.03 
-47.57 361.23 
498.10 242.16 
-481.29 -211.90 
-5.99 151.10 
-234.53 442.46 
223.03 464.81 
-394.49 191.92 
446.72 127.71 
-309.54 460.87 
49.90 69.90 
236.32 -36.09 
107.52 375.43 
63.19 -589.89 
-188.74 -184.11 
183.08 180.45 
-433.59 357.45 
-111.01 -423.55 
341.97 194.08 
-23.72 534.72 
-410.58 105.77 
-381.48 40.82 
-250.33 -123.40 
266.36 -514.35 
-186.84 329.67 
-157.20 -28.94 
430.62 -32.14 
