 3.53 -149.77 
305.16 141.63 
-404.42 -84.10 
-94.73 -547.10 
-368.97 277.35 
183.60 -259.50 
-3.77 -417.77 
66.41 -66.24 
364.28 -243.19 
247.38 315.36 
115.94 -258.60 
-154.90 -368.13 
-492.80 294.62 
199.02 -20.39 
239.50 124.86 
540.16 -61.50 
-534.32 253.70 
-558.20 -87.12 
63.84 -425.68 
93.12 -551.03 
321.95 147.65 
315.42 124.77 
290.65 58.01 
-204.24 -313.70 
392.35 -266.84 
-546.31 149.35 
199.29 335.35 
-194.95 -268.88 
-103.59 584.36 
357.54  7.99 
189.31 -72.95 
-58.02 327.98 
-282.95 199.47 
414.67 385.58 
370.77 -350.39 
342.44 119.01 
389.07 394.11 
88.82 -49.44 
94.99 185.05 
441.26 315.79 
-83.64 -171.52 
478.75 265.28 
-299.45 396.27 
210.84 222.58 
 5.87 514.68 
322.05 -17.65 
23.80 552.58 
-581.02 -31.55 
-0.90 -138.65 
-227.50 -299.28 
-185.75 229.79 
-450.28 -339.17 
-251.34 -167.83 
-41.53 560.03 
-22.21 98.39 
252.69 328.11 
