20.87 -444.46 
321.07 -480.37 
108.59 -367.10 
-151.31 -250.67 
166.81 153.82 
300.66 -512.16 
165.45 -117.45 
-236.76 263.56 
-278.03 -516.72 
445.08 -309.19 
186.54 -299.22 
166.19 -332.11 
-308.47 36.65 
211.22 187.38 
88.11 153.82 
-309.76 71.70 
-464.42 188.76 
-369.37 -186.89 
15.98 395.17 
293.20 -7.42 
-412.85 -68.15 
-406.29 -4.70 
-178.03 -504.43 
-232.16 548.63 
39.33 174.10 
524.07 -156.08 
-242.86 199.15 
143.98 517.74 
221.35 131.63 
-344.04 257.60 
-19.28 -169.55 
185.32 -243.00 
-59.82 495.28 
163.38 -193.40 
-208.53 -253.09 
-210.51 -85.36 
168.75 -536.71 
436.03 -399.56 
528.90 177.70 
-75.90 -431.01 
-246.00 54.02 
253.52 -61.02 
-38.19 188.72 
-407.74 112.55 
-96.84 515.14 
21.62 -205.56 
391.27 286.42 
320.45 -199.67 
329.39 298.59 
38.70 -527.32 
140.55 -175.02 
-130.04 -254.17 
-251.04 -400.20 
-508.40 -99.99 
-391.66 -14.06 
-14.50 51.71 
