331.55 483.07 
274.33 122.83 
-287.06 -214.58 
-13.64 -219.83 
458.47 -152.47 
-248.76 -189.11 
-151.02 -418.09 
-464.69 235.59 
-98.92 -118.19 
292.95 470.44 
-527.52 -171.59 
-240.20 -75.98 
-365.10 265.71 
-115.48 370.58 
-168.93 -229.86 
-298.98 -216.88 
119.76 -190.74 
234.05 251.28 
-529.62 -19.57 
-44.01 -1.63 
-541.11 -147.70 
355.86 151.80 
66.56 -3.70 
342.28 -486.57 
151.96 469.68 
-402.99 -129.65 
-46.30 -303.50 
310.39 -222.70 
-243.87 -412.23 
-176.52 281.53 
-286.48 -329.41 
-91.32 -560.42 
96.20 -536.86 
138.63 531.37 
-25.03 291.16 
248.66 13.24 
-221.53 527.82 
-330.91 -306.22 
86.91 -42.84 
93.93 -59.74 
273.91 -267.27 
-54.54 420.19 
-117.16 228.78 
-360.70 -211.44 
436.55 381.43 
428.12 131.64 
-232.37 -482.46 
-175.21 -216.04 
300.10 117.11 
-68.32 267.84 
283.16  0.58 
19.21 235.29 
499.42 -76.36 
417.60 -380.46 
-492.06 -329.02 
342.85 49.41 
