-372.37 -117.18 
565.41 -156.98 
411.59 293.76 
-305.48 -269.29 
438.29 253.05 
-286.21 90.43 
-107.46 -305.18 
-292.63 -490.09 
-428.18 -237.11 
111.75 -128.98 
21.96 271.85 
79.23 -198.50 
160.23 -346.23 
334.01 224.19 
279.26 -393.96 
125.42 -81.31 
-522.66 31.03 
-180.78 348.15 
26.49 216.46 
-385.35 -370.87 
-225.19 23.75 
283.98 375.76 
59.17 556.56 
197.18 -180.88 
-526.02 -277.17 
339.53 -83.47 
-516.19 188.37 
270.06 111.00 
229.61 299.29 
-283.87 150.89 
332.42 464.75 
-198.77 310.30 
196.57 -53.75 
462.98 289.03 
-555.77 -23.10 
42.37 192.17 
-162.18 -293.44 
488.72 130.23 
 1.95 487.21 
-29.62 -36.95 
286.55 238.39 
-192.71 -313.90 
229.84 -483.16 
35.99 -349.95 
320.79 -123.70 
-161.41 432.94 
25.60 139.23 
-119.96 -480.96 
142.99 -498.46 
416.60 232.72 
-434.11 137.65 
-323.93 233.45 
-225.81 32.53 
-481.19 166.09 
309.44 -290.15 
407.51 -399.65 
