329.37 -499.95 
343.41 -283.79 
-543.43 28.11 
371.29 -436.76 
-301.37 136.06 
-530.35 189.03 
-514.03 260.26 
224.56 -491.91 
-308.64 25.57 
92.91 -584.45 
-379.72 -355.08 
-14.89 -417.10 
-154.86 -375.32 
-270.20 447.07 
-334.18 127.93 
-195.94 229.01 
-163.76 41.43 
451.97 49.85 
236.17 -208.74 
359.68 -419.05 
-204.02 -393.11 
72.30 482.55 
437.30 207.74 
-517.48 -116.73 
-284.95 188.83 
208.00 -535.44 
-244.61 -529.45 
199.85 -142.65 
161.09 -151.02 
219.67 14.75 
114.24 182.32 
-217.10 537.27 
105.21 128.75 
120.49 382.99 
478.28 106.12 
-567.51 83.94 
-436.57 -313.63 
-223.25 -130.51 
92.71 212.15 
448.65 -288.62 
341.66 12.48 
-447.12 -339.23 
-515.94 249.75 
-44.97 -339.72 
432.76 -84.26 
-69.66 457.46 
 8.19 424.09 
239.54 -514.62 
-133.10 -99.96 
225.63 310.89 
323.21 -0.38 
120.02 -506.08 
-350.14 277.16 
111.77 150.76 
-235.49 37.22 
-22.29 -78.74 
