-303.92 366.03 
-104.60 366.04 
-494.64 178.14 
-424.63 -391.88 
423.15 93.39 
-23.96 250.35 
26.24 295.43 
480.46 -348.43 
484.65 40.80 
-354.69 -430.04 
-235.61 -168.39 
-134.97 -263.19 
-416.76 374.80 
-121.24 -467.36 
173.25 -489.17 
-272.88 389.22 
-98.71 75.13 
554.21 187.61 
-305.77 78.49 
-217.02 414.54 
343.15 83.07 
551.71 -47.00 
-499.70 -77.31 
317.17 -457.29 
-453.47 -212.79 
-298.72 -327.64 
-104.83 73.23 
-146.16 327.48 
-358.53 -453.92 
-125.03 437.13 
-267.02 45.35 
-174.99 -338.18 
491.86 241.59 
-78.04 61.82 
395.93 -365.86 
-148.33 -427.40 
311.53 -363.66 
-215.99 -343.81 
291.71 -88.63 
 2.13 -40.83 
-61.00 -39.24 
199.34 -463.40 
541.15 233.60 
180.53 -20.87 
-39.60 -292.42 
-339.13 138.65 
-59.00 132.68 
-71.18 565.96 
450.14  1.66 
-37.51 218.65 
237.49 -320.62 
179.77 360.26 
-264.15 259.47 
-220.04 -436.01 
218.07 373.59 
209.41 126.26 
