226.58 -88.63 
-98.75 -543.45 
502.86 -296.31 
-558.59 160.08 
224.72 -169.42 
-296.38 -378.68 
179.43 -516.15 
-331.05 317.19 
-327.29 -286.67 
 3.96 -50.84 
-427.17 -70.41 
-237.24 464.23 
-413.77 19.26 
-205.09 -70.22 
-152.17 -164.05 
242.37 -273.11 
239.62 -509.18 
19.61 -314.30 
310.42 172.91 
-96.91 92.12 
-126.82 451.77 
-325.25 227.06 
428.28 -355.22 
-259.81 -437.11 
-55.76 -482.65 
73.71 560.57 
182.45 -444.61 
-146.01 -277.52 
419.15 213.01 
295.61 -460.50 
468.10 -230.39 
-152.63 277.33 
-33.48 320.21 
141.20 545.57 
-179.67 38.56 
210.79 -111.27 
300.43 247.24 
139.23 -438.27 
-102.79 -556.45 
553.54 40.62 
-97.97 -246.23 
507.19 36.04 
-260.26 243.36 
-219.78 327.40 
-445.49 107.26 
182.57 400.45 
192.93 235.22 
-50.20 -446.94 
-183.33 -124.06 
269.83 -454.07 
493.37 -237.14 
-258.53 283.93 
-184.92 -280.16 
-382.10 196.46 
-463.00 -273.11 
-533.55 -136.12 
