389.73 -454.98 
-344.94 -400.85 
-119.90 -120.29 
-229.71 241.10 
-104.08 301.82 
-463.26 -279.54 
-534.32 -178.49 
-37.20 301.31 
182.42 -134.94 
48.72 -122.43 
265.64 488.24 
431.27 -105.60 
-315.82 137.71 
115.54 113.87 
206.13 467.02 
312.17 -262.71 
-378.03 -105.25 
260.72 -159.80 
-410.82 -151.50 
291.26 -420.53 
-227.15 -24.63 
331.76 463.06 
123.09 303.32 
519.36 29.36 
237.84 -20.69 
459.48 374.48 
145.83 349.63 
-48.28 -107.58 
-117.11 337.62 
-108.84 -410.83 
-167.66 323.39 
-412.90 -33.60 
538.05 -57.52 
584.57 36.16 
71.92 -226.01 
-325.95 402.43 
355.02 87.17 
97.48 -494.17 
236.76 -329.10 
-413.63 -155.22 
-193.22 -68.63 
-389.44 -447.40 
-192.51 189.83 
165.48 -531.52 
-282.73 394.78 
-96.64 -280.85 
419.79 343.01 
-39.98 86.82 
389.69 153.60 
-22.35 457.35 
-309.48 113.96 
-301.15 -407.18 
-355.65 -6.83 
-484.36 307.24 
-521.38 -116.36 
-366.79 -327.96 
