153.24 -65.99 
-491.49 232.97 
-333.15 -25.51 
177.88 -418.90 
144.17 -89.67 
-181.17 348.75 
-53.72 519.01 
-293.19 -483.94 
222.69 312.29 
335.78 322.21 
546.77 137.02 
481.04 308.55 
434.20 360.56 
110.72 -252.02 
239.70 -321.42 
-381.37 431.68 
364.82 -396.26 
577.55 155.99 
458.94 169.15 
310.75 -464.01 
228.00 233.29 
315.88 -448.43 
77.38 -410.01 
-379.12 58.06 
228.68  7.78 
-323.00 449.35 
-142.65 88.01 
-93.48 -561.40 
-595.14 46.02 
42.86 299.32 
-45.58 -238.79 
-399.99 -405.36 
147.46 -188.08 
-404.15 -87.92 
-108.93 -264.44 
91.73 416.10 
132.88 -34.76 
74.00 -413.60 
-136.10 -270.13 
245.36 21.56 
-194.99 -314.86 
31.71 -548.88 
154.00 -9.09 
141.40 -287.50 
-73.22 187.80 
241.68 221.61 
-536.10 128.31 
-263.16 -43.21 
-381.90 -159.86 
440.79 219.63 
421.46 401.76 
396.85 403.27 
-520.16 194.36 
-189.95 460.05 
-419.50 -180.63 
-15.97 -146.86 
