530.71 264.20 
-488.31 -267.12 
100.36 388.47 
99.97 -540.69 
490.83 229.27 
150.31 236.72 
236.75 -515.53 
-227.37 434.92 
496.77 111.49 
180.55 -383.44 
399.41 -218.85 
181.00 49.37 
-3.27 586.86 
151.36 137.70 
-477.73 252.85 
-13.21 -165.10 
-239.56 -212.80 
423.83 -6.27 
-169.79 -343.24 
158.28 -220.32 
205.26 133.77 
104.70 -27.92 
181.75 -375.64 
-357.85 390.46 
133.09 203.86 
52.18 400.16 
-354.58 20.60 
557.52 -190.00 
-300.08 370.85 
237.78 519.69 
-38.92 -314.73 
63.42 116.87 
-303.48 -95.63 
-138.34 -359.37 
-424.03 81.20 
-291.97 120.15 
458.65 -225.65 
-270.92 -502.65 
-283.47 241.49 
-247.26 85.43 
-437.47 149.14 
-478.77 27.18 
-532.47 -62.41 
-53.68 -592.41 
-90.06 -315.61 
-191.82 -7.06 
-146.33 53.56 
 0.67 542.25 
130.16 -101.24 
-240.41 149.94 
-282.63 175.40 
-388.07 235.65 
315.16 -164.46 
-74.90 -92.43 
55.08 328.65 
-25.47 -40.98 
