-181.55  1.05 
168.61 279.05 
-136.61 300.25 
-275.61 -179.90 
-45.78 -6.02 
57.11 456.94 
-590.03 40.83 
-347.11 95.30 
107.15 258.28 
569.57 35.01 
-303.37 432.54 
-281.29 -365.25 
-313.66 -156.56 
 3.89 256.10 
-486.75 111.53 
243.27 346.61 
280.30 455.90 
-29.78 200.97 
-373.09 -217.34 
303.66 463.16 
26.24 288.43 
-412.28 416.02 
-480.35 145.69 
-165.18 98.48 
-463.91 277.55 
-461.09 -26.69 
77.74 -417.68 
-110.72 551.10 
-189.01 -441.91 
193.79 -330.29 
-389.83 230.01 
-406.15 -335.64 
32.34 -299.59 
535.96 27.36 
-275.31 328.57 
62.13 221.94 
238.89 310.34 
-26.51 -580.62 
-195.52 -408.51 
210.76 139.95 
-187.81 -227.17 
-430.08 -218.08 
512.71 -310.35 
-98.93 536.32 
231.84 -431.63 
-241.62 520.70 
210.13 175.39 
-4.82 52.51 
180.26 408.32 
30.14 63.37 
329.63 68.79 
477.63 -4.40 
-30.07 361.70 
478.99 -63.99 
-126.01 -190.60 
-524.76 -10.45 
