375.12 218.61 
-59.31 -442.85 
166.97 96.03 
175.48 383.59 
225.28 -188.82 
181.82 166.05 
-12.29 487.38 
65.27 133.14 
-191.89 -377.42 
97.63 -191.21 
-422.31 -336.21 
392.29 -296.18 
273.85 -336.69 
-23.93 -63.10 
-444.57 266.97 
 0.57 -501.57 
-423.01 -280.12 
-63.50 -221.59 
-395.02 343.86 
-474.44 307.35 
-203.19 536.80 
-121.93 -483.29 
-252.33 -279.62 
284.14 -472.97 
-49.42 -552.39 
377.82 -154.94 
24.65 -34.85 
243.25 491.35 
-83.93 465.28 
-151.09 399.30 
-127.58 333.80 
90.27 446.16 
405.77 113.98 
536.62 -64.50 
79.46 -305.73 
-186.96 -257.49 
-500.21 322.41 
188.27 203.84 
134.66 -6.95 
250.05 -412.74 
-373.63 125.73 
-457.71 341.25 
-425.83 -133.51 
-19.14 39.44 
544.23 250.26 
440.76 -10.88 
 2.30 537.25 
79.54 -357.95 
120.78 354.60 
359.29 -121.18 
-572.84 -135.79 
-236.14 -402.63 
179.45 -189.50 
-387.49 248.47 
301.64 -254.86 
155.23 330.81 
