548.61 143.42 
-61.74 -177.64 
46.81 -478.30 
-479.01 -344.15 
-189.33 -19.55 
-315.37 -479.75 
-337.52 303.20 
-60.80 -333.33 
-453.71 164.72 
-74.97 590.97 
-350.53 267.74 
-431.59 -57.60 
-393.09 -20.03 
239.03 114.44 
-144.48 355.34 
235.44 -78.75 
555.68 -49.33 
-475.04 -257.14 
64.87 188.42 
-289.85 522.00 
-220.99 -47.55 
231.85 -151.96 
539.44 255.41 
-32.90 -404.84 
-213.71 388.78 
-479.08 -207.63 
-294.71 258.39 
-102.00 -55.42 
-443.51 206.60 
-422.19 282.25 
73.40 344.44 
292.05 457.06 
-243.84 -491.23 
136.12 517.66 
72.40 492.62 
-405.95 330.55 
496.26 -5.02 
136.14 -206.75 
411.86 46.00 
-264.77 175.81 
-170.84 44.39 
-432.80 12.72 
411.57 -121.30 
-51.17 352.02 
286.18 -250.14 
108.06 -48.91 
328.70 125.67 
-555.70 -119.44 
-297.31 162.97 
-6.56 558.46 
428.55 174.45 
138.04 -464.76 
148.47 -199.47 
453.99 362.47 
52.55 270.60 
251.13 139.47 
