16.93 313.39 
-10.80 441.82 
-268.48 -43.18 
-271.72 485.42 
-290.77 431.32 
-400.56 -50.50 
87.36 250.07 
277.38 -14.35 
-285.27 -232.35 
200.50 -52.49 
-139.36 366.77 
270.37 -408.13 
336.30 163.44 
-267.80 -109.90 
338.04 278.42 
-447.94 10.95 
-219.27  1.31 
-399.25 -414.44 
90.09 -461.21 
253.94 -23.72 
-69.37 -37.12 
-165.12 -360.23 
-538.72 -71.05 
-424.77 155.98 
349.17 338.15 
-270.32 195.47 
592.04 36.46 
380.01 -80.81 
-232.52 245.21 
37.83 -230.43 
174.41 87.70 
-138.68 -135.61 
288.69 -31.76 
83.13 551.33 
216.75 -141.81 
241.60 171.47 
240.35 -517.15 
286.76 -277.54 
-17.87 -43.73 
473.52 -256.11 
456.41 362.26 
-18.40 -204.97 
361.56 -159.98 
11.76 -270.75 
423.78 208.40 
104.34 -24.27 
-553.25 205.07 
-53.22 -361.50 
-274.47 -386.65 
257.02 -22.67 
282.10 490.95 
45.64 297.61 
-164.39 217.39 
-358.26 -425.94 
315.12 -474.22 
130.98 490.26 
