-8.94 -422.79 
56.13 143.26 
285.64 387.41 
89.82 -506.19 
511.28 263.59 
-175.13 531.61 
-515.04 -267.46 
-218.73 356.49 
-428.36 -61.96 
440.41 -172.17 
-187.79 -387.11 
-222.00 302.56 
115.44 -510.24 
-232.21 -265.83 
356.89 120.64 
-301.66 376.41 
-552.88 -72.00 
477.33 36.61 
-135.69 286.27 
69.14 -217.92 
205.55  7.66 
149.45 160.60 
-329.94 -71.75 
102.22 55.43 
23.68 536.16 
-231.45 -29.73 
390.72 -391.52 
464.07  2.79 
-445.81 -317.52 
327.95 359.52 
-597.73 -28.29 
-354.05 -98.85 
-460.83 -239.30 
316.24 -141.94 
334.04 -181.21 
-167.51 55.99 
67.14 -159.68 
-348.42 459.61 
-87.97 -66.29 
-244.31 -155.29 
412.37 -318.67 
-187.74 426.74 
-264.29 210.20 
-485.64 -294.39 
388.58 222.28 
428.02 157.06 
-263.62 326.90 
-329.55 -375.14 
-337.22 -96.12 
-456.94 131.25 
-423.09 -80.44 
349.71 61.60 
223.70 552.47 
420.05 353.02 
-228.41 291.90 
-248.69 502.97 
