-426.27 140.17 
232.19 -495.48 
-59.04 -243.60 
-549.06 57.15 
-52.02 -495.33 
494.16 174.56 
199.16 163.54 
-51.20 494.73 
-269.91 -27.94 
414.18 429.46 
-341.40 -382.27 
-554.94 150.06 
158.99 404.99 
148.19 230.65 
218.87 -235.31 
366.56 -435.70 
-357.69 13.64 
263.38 -463.73 
251.19 -514.17 
127.90 -205.42 
156.22 -476.91 
303.96 -353.51 
-148.42 -165.07 
404.30 261.03 
117.52 -88.66 
-70.49 462.79 
-335.37 -20.76 
-84.61 276.73 
397.28 280.95 
-221.95 73.71 
-569.27 78.75 
-155.64 304.79 
64.29 13.74 
-371.68 160.10 
567.73 179.27 
21.46 466.95 
500.86 -118.00 
-294.72 68.49 
-216.88 188.84 
283.28 -452.19 
537.02 -166.38 
87.64 125.59 
515.75 277.11 
316.54 -298.27 
23.95 -489.89 
-78.29 83.69 
273.92 203.82 
99.72 -241.64 
67.57 -594.97 
139.94 540.91 
211.23 98.24 
335.13 417.88 
215.66 -354.13 
466.27 230.01 
-328.08 381.85 
162.75 483.74 
