-375.71 448.13 
-13.09 -314.57 
-493.38 -310.12 
-418.68 -68.30 
70.45 302.23 
451.83 -169.96 
142.47 536.90 
-120.19 503.38 
106.15 234.41 
-56.10 591.38 
-147.76 -1.46 
-208.80 -155.88 
-130.93 -41.38 
-464.11 49.16 
-207.69 16.67 
-322.82 -344.93 
-68.87 -140.29 
-327.82 -216.88 
235.18 -8.29 
26.52 -362.03 
184.80 265.70 
-172.02 -111.44 
450.15 334.56 
-512.28 219.43 
576.03 -46.33 
382.25 213.63 
-300.90 -12.49 
-470.24 122.51 
584.17 -61.24 
429.08 -238.70 
-243.99 -412.56 
145.37 -519.18 
328.89 -384.32 
-359.72 -387.24 
475.01 143.75 
-33.60 248.18 
36.68 409.46 
190.91 -537.15 
-336.63 464.08 
66.83 431.41 
504.03 62.53 
176.09 426.22 
315.15 34.53 
-595.20 58.74 
-144.54 118.34 
-160.29 -550.86 
365.37 -262.60 
-121.27 -503.94 
343.75 -366.71 
355.07 300.37 
-498.67 299.08 
-387.39 -155.21 
-358.24 -383.13 
-400.38 -19.01 
451.73 58.94 
-381.64 -262.31 
