130.36 570.41 
-566.51 85.24 
-268.27 -473.20 
50.68 -167.69 
-426.28 -18.03 
-237.00 215.76 
291.26 477.68 
331.84 244.63 
-318.57 134.66 
484.68 327.00 
-319.60 82.85 
-544.11 -23.78 
335.96 151.97 
187.30 29.60 
-95.47 295.64 
-461.28 -15.22 
-20.67 204.28 
-526.20 51.83 
-384.89 60.80 
336.00 99.83 
-190.88 407.42 
-13.33 350.73 
240.75 251.02 
413.25 79.17 
-228.28 216.97 
-9.89 -591.60 
-37.69 -309.41 
279.11 90.47 
150.18 -389.14 
340.26 -145.04 
-201.88 -113.28 
-269.77 394.31 
541.38 157.83 
200.58 -368.49 
88.16 165.56 
-302.23 103.06 
275.98 98.88 
-173.62 -265.37 
-24.94 363.87 
-474.64 76.63 
354.51 -36.29 
-430.50 -46.29 
72.86 -0.83 
-345.48 -114.83 
354.99 246.41 
-194.46 -427.52 
209.53 -68.26 
-217.48 453.97 
-96.58 -65.06 
-108.97 280.67 
-96.41 116.14 
355.94 43.17 
-477.16 309.53 
-7.99 -226.89 
-338.16  1.86 
496.90 242.32 
