346.05 -198.73 
191.81 -79.11 
221.15 27.27 
-44.44 -250.62 
462.60 355.23 
-502.32 213.78 
410.71 39.59 
391.08 -300.14 
-181.38 -397.16 
-207.18 -205.76 
-106.44 -331.38 
159.24 -457.54 
-315.75 280.00 
483.64 320.12 
352.89 -12.49 
216.62 -135.16 
258.20 209.40 
-195.79 445.61 
524.89 223.58 
-7.50 513.61 
-103.31 10.05 
-168.47 56.99 
-485.78 74.00 
-349.11 -161.45 
-421.23 -13.70 
13.88 501.70 
-288.93 -319.50 
227.63 231.23 
124.37 37.58 
427.85 224.17 
364.54 243.86 
397.53 -237.32 
-197.71 -217.95 
-229.77  7.70 
191.60 -214.70 
-546.23 148.79 
-61.41 310.11 
-177.47 287.17 
-43.83 399.06 
157.01 -50.30 
81.95 -450.47 
289.40 -514.49 
-229.00 73.45 
321.56 -131.44 
48.48 339.41 
-187.53 -262.32 
207.87 456.58 
-33.97 535.08 
82.80 294.01 
-511.66 252.94 
424.13 -77.11 
-204.32 29.41 
-384.67 312.46 
-190.07 -255.56 
107.67 137.78 
-498.11  0.22 
