-25.56 -425.13 
-400.03 248.08 
-308.57 127.96 
-474.11 325.18 
77.08 -102.94 
238.14 442.30 
-306.07 -73.99 
258.60 -316.07 
221.18 349.34 
-116.91 -299.11 
-33.78 -413.82 
275.66 464.13 
-295.15 -226.66 
303.83 445.14 
180.46 69.08 
367.78 73.01 
183.56 -186.03 
159.22 418.16 
-559.66 -53.05 
107.71 -221.34 
161.88 513.32 
151.06 348.00 
-93.85 24.48 
331.99 492.62 
-28.83 -168.10 
246.38 -170.99 
-215.16 274.49 
-543.97 -14.65 
-180.73 -3.67 
-165.20 -401.19 
124.19 -233.26 
 8.07 -115.68 
219.12 -510.84 
254.63 -207.10 
-240.72 514.44 
30.37 559.91 
47.89 -471.34 
134.19 -355.84 
47.67 221.64 
316.83 198.29 
210.82 -205.13 
59.33 -193.24 
64.07 -595.19 
-225.74 -82.02 
-209.18 -493.35 
274.60 -442.35 
-142.28 -210.06 
384.79 365.49 
145.60 -7.65 
137.16 527.51 
-135.74 -51.70 
415.06 -209.52 
222.43 -493.88 
-575.56 -131.19 
-218.28 -55.98 
-488.00 59.19 
