285.79 270.48 
223.46 -403.59 
-545.39 -224.80 
130.46 -24.56 
33.37 -382.39 
518.56 -112.81 
571.42 114.12 
-35.25 69.21 
-105.46 164.52 
-479.99 96.28 
-205.85 344.85 
309.21 329.05 
-124.46 281.45 
-101.41 -221.29 
-117.06 -484.88 
-556.60 156.92 
383.82 355.77 
268.73 440.80 
258.00 69.10 
-226.20 474.61 
-354.16 185.00 
349.47 397.07 
176.70 456.76 
-63.20 322.49 
48.21 -88.74 
-415.44 -77.67 
-21.56 -373.27 
449.45 -256.93 
-76.19 392.04 
475.05 294.08 
145.14 317.92 
-301.16 151.31 
358.63 166.81 
-418.80  4.54 
170.26 396.97 
406.24 86.05 
53.82 -531.53 
562.87 75.58 
469.98 98.26 
-482.66 126.56 
98.05 -51.69 
-272.77 -176.17 
163.96 -500.97 
219.69 273.23 
436.25 -358.92 
125.02 -176.59 
-21.57 16.53 
-186.31 64.20 
-321.43 -220.53 
395.65 199.16 
504.20 121.41 
-363.48 -183.68 
-184.72 -174.74 
-194.35 -7.08 
-63.82 525.04 
-330.33 277.07 
