-334.96 483.56 
-385.63 -98.16 
-62.37 -28.25 
272.87 353.99 
-505.22 -262.54 
310.77 182.78 
108.10 -564.47 
-430.98 -228.69 
334.13 -41.03 
55.16 125.56 
-67.35 -193.98 
10.64 414.24 
255.50 -156.12 
-497.60 -42.79 
52.25 -105.11 
-359.13 -128.21 
52.18 386.82 
-103.17 114.92 
327.26 427.60 
394.41 370.62 
-402.57 373.72 
394.08 -4.95 
-529.09 -210.28 
-465.96 -197.42 
458.70 -362.69 
323.62 -393.67 
290.47 75.28 
-251.32 282.98 
-161.26 395.07 
297.16 -121.10 
-358.94 285.73 
-4.32 -188.27 
90.67 470.15 
507.40 -257.11 
356.05 -146.73 
94.50 29.92 
-288.58 156.45 
-265.94 133.52 
390.00 -100.01 
-477.66 -282.61 
342.34 -347.00 
433.95 -183.83 
-99.41 548.87 
-122.07 67.59 
-427.77 60.34 
22.52 -68.48 
31.78 -227.85 
154.67 57.44 
-112.85 341.74 
262.04 -276.60 
151.69 578.15 
-553.12 -2.82 
-125.32 179.36 
291.00 171.42 
 4.08 24.64 
-241.72 -376.59 
