588.94 -79.77 
80.91 139.71 
155.46 166.33 
-223.42 460.18 
212.85 92.08 
-358.32 56.05 
326.59 155.23 
231.21 483.87 
126.35 172.82 
283.93 -203.58 
-145.17 457.15 
-471.59 26.92 
-476.10 -363.68 
-22.93 -348.03 
352.07 321.71 
-327.30 -123.98 
108.72 10.01 
162.64 -360.26 
-182.35 229.46 
-498.39 -288.58 
-314.72 147.58 
36.57 96.05 
-140.34 452.71 
-164.86 576.06 
-366.63 185.86 
-370.20 181.43 
-81.51 463.73 
186.22 -546.11 
238.10 126.96 
-288.16 -492.75 
128.56 -308.32 
-226.47 -550.88 
-555.05 171.68 
36.20 149.05 
-242.97 -152.07 
30.54 -274.74 
-244.02 -525.74 
180.12 -242.74 
301.86 472.06 
-536.57 -52.02 
33.63 568.51 
-194.52 -178.46 
-25.96 -74.59 
-368.53 -295.51 
-170.87 -16.75 
65.79 595.08 
-293.93 -355.96 
-451.87 -177.39 
22.15 373.53 
528.29 -251.43 
-359.82 -210.32 
147.30 -77.69 
443.22 -244.64 
282.38 -228.36 
-0.33 200.41 
495.71 35.17 
