214.14 -183.07 
323.13 129.79 
-471.15 -347.69 
-149.30 -54.76 
 7.13 -35.08 
270.90 189.02 
58.76 -195.26 
412.44 76.19 
353.31 65.91 
-234.19 -220.15 
-42.99 -101.69 
42.49 296.37 
506.26 297.73 
-146.01 504.76 
-296.06 -271.87 
218.58 -215.03 
514.39 -199.02 
274.58 -318.92 
-303.19 332.99 
-286.85  1.38 
-488.95 227.36 
223.17 -46.28 
-260.53 359.53 
-134.20 -452.50 
188.29 425.93 
-591.40 -69.79 
25.12 19.31 
-406.67 168.72 
271.34 -386.61 
-126.48 237.24 
-401.37 318.02 
-275.07 -526.83 
-102.83 -145.11 
45.28 242.96 
29.84 -477.44 
-387.01 -19.19 
336.42 -182.98 
-217.23 291.44 
178.41 -150.10 
186.96 186.24 
-372.93 -341.25 
200.14 -76.74 
-444.44 -381.94 
-401.93 -309.00 
-287.01 -47.72 
353.74 478.89 
320.36 -196.49 
538.39 148.50 
279.04 381.80 
-172.04 509.41 
-14.04 -388.35 
466.39 -150.62 
459.53 -201.13 
103.68 378.25 
357.30 122.11 
-368.02 278.20 
