-359.22 306.08 
509.39 -204.32 
-125.64 -417.28 
-87.87 -505.16 
150.08 116.17 
-564.02 -98.73 
-240.47 -215.12 
-303.96 -419.81 
384.19 -418.32 
546.46 196.24 
-4.11 232.73 
122.45 -547.88 
-109.34 -189.93 
58.24 175.73 
-143.78 236.48 
-467.08 243.14 
75.27 -61.45 
-202.85 -346.18 
24.28 -481.72 
161.80 -341.82 
-526.40 13.77 
223.02 38.76 
230.52 342.62 
-266.23 407.43 
-264.78 -388.70 
-260.66 261.80 
-68.89 -520.67 
-328.07 39.55 
-8.46 -585.97 
-5.41 -169.89 
360.71 -417.11 
-521.44 196.31 
525.98 85.71 
162.44 -495.01 
-219.15 -401.35 
-527.55 -104.17 
112.62 -357.94 
-73.24 -421.88 
367.70 76.68 
463.44 132.67 
-433.08 37.21 
130.39 -482.88 
 0.47 89.12 
245.12 -164.57 
-110.45 102.24 
-155.06 -149.97 
351.97 -360.51 
-20.64 -584.53 
-340.88 86.95 
-372.94 -43.04 
280.95 -457.83 
-350.50 -452.30 
164.80 114.98 
200.70 -103.68 
-413.57 101.25 
-55.97 222.44 
