100.49 274.50 
465.05 146.69 
-386.24 405.51 
-244.75 -34.35 
511.40 123.05 
-431.65 166.28 
-169.09 252.27 
-338.85 38.23 
52.88 383.48 
75.29 215.64 
-185.27 -133.81 
-317.43 -295.27 
-485.60 16.18 
-9.28 351.48 
-112.52 567.41 
85.64 292.54 
-467.37 -338.26 
-90.60 -112.03 
484.05 292.30 
-104.93 409.23 
-216.49 218.48 
314.99 24.60 
219.72 -493.45 
86.62 -451.22 
66.39 141.48 
143.55 315.71 
-349.96 -215.45 
229.46 77.94 
-334.41 -423.69 
-66.07 -73.45 
-130.56 419.83 
264.51 -442.25 
127.69  3.61 
-199.89 58.14 
-112.79 41.44 
-245.74 -132.53 
407.99 -211.45 
-102.14 -235.32 
428.38 -394.71 
142.28 10.02 
191.67 130.76 
-288.56 -50.21 
-421.04 -408.01 
214.01 232.16 
-352.10 -3.20 
-225.61 139.54 
-19.81 240.55 
-63.58 116.08 
-183.80 -297.89 
-279.14 333.38 
294.48 339.80 
113.92 -122.19 
-30.11 -134.17 
-150.92 -181.57 
41.74 -195.66 
-399.58 144.94 
