168.41 -464.02 
-500.13 -73.31 
81.58 221.10 
-553.25 206.38 
-21.73 -525.71 
-101.11 -464.26 
-2.30 599.13 
-255.50 -338.11 
392.26 -243.04 
-218.82 -12.83 
-94.67 -122.68 
283.42 -74.36 
-457.87 -17.77 
-48.61 -144.34 
370.73 192.44 
-203.79 228.75 
-343.50 307.80 
183.05 465.25 
164.22 291.02 
382.65 -281.01 
-148.90 -68.38 
-214.25 -276.95 
508.48 -261.79 
302.50 400.81 
-44.46 -411.15 
-11.92 -66.72 
-10.84 180.98 
-151.82 561.62 
 8.12 348.50 
-316.01 -444.34 
355.90 -83.48 
280.88 376.41 
242.65 -208.62 
-233.28 296.54 
230.49 -102.34 
199.60 334.42 
142.45 -367.68 
276.28 -509.94 
359.86 57.01 
282.01 -318.73 
221.08 -273.22 
311.27  0.69 
-358.37 444.05 
-183.88 -492.89 
102.03 -173.98 
134.31 -400.27 
-538.45 258.23 
-21.17 -136.20 
111.43 -480.85 
-245.08 -340.66 
303.24 -337.19 
13.24 123.75 
541.16 -211.26 
530.92 278.39 
176.68 382.65 
-386.88 -123.88 
