-200.41 -111.03 
-44.61 -301.91 
113.37 -394.72 
14.77 556.78 
450.17 -39.88 
-130.94 -570.53 
-84.43 347.19 
300.58 197.17 
470.89 -145.55 
167.89 -246.89 
176.83 131.93 
-136.29 -479.20 
-374.49 178.97 
387.34 266.26 
-442.74 -201.66 
-520.92 53.67 
-12.27 -343.10 
-281.88 -493.86 
238.60 -189.93 
-194.57 -461.65 
253.36 372.69 
-47.72 -335.00 
59.16 -82.08 
242.94 -382.73 
395.61 200.44 
-386.67 279.72 
-180.11 175.55 
337.59 -157.42 
248.62 -503.65 
406.70 -66.84 
-62.48 -160.59 
448.44 396.65 
15.51 256.72 
85.72 -309.83 
231.36 -16.47 
138.75 231.96 
330.26 24.15 
189.15 -534.86 
-51.37 69.63 
-313.20 409.70 
259.41 70.13 
23.53 164.05 
289.56 -135.26 
351.03 68.16 
-49.90 -404.95 
-114.06 255.75 
289.73 33.92 
-477.89 -196.76 
-513.28 56.84 
-161.58 -360.65 
456.85 292.82 
336.01 -250.50 
-204.65 547.50 
151.60 193.82 
-282.46 161.93 
-516.92 152.75 
