-190.22 -33.07 
-312.31 478.19 
92.90 -187.68 
254.86 -280.12 
-86.13 -555.20 
-278.17 -413.48 
290.37 133.00 
-210.37 523.75 
175.09 363.72 
343.31 77.36 
320.58 246.06 
186.73 496.32 
37.49 -252.03 
283.13 -16.89 
26.57 -445.39 
-541.72 219.81 
-245.23 -163.69 
-106.01 -376.06 
215.24 -385.07 
-41.63 584.97 
-142.52 -314.23 
-182.63 -159.73 
-332.06 322.31 
311.80 -58.87 
151.39 -126.81 
-475.62 14.42 
-116.93 -63.86 
253.36 203.53 
321.20 416.35 
-462.95 -243.33 
-25.21 251.87 
192.55 201.54 
449.57 29.80 
-464.04 -348.48 
-141.42 -364.39 
-297.74 435.77 
238.36 -416.28 
-54.66 98.86 
-124.05 -211.90 
-322.72 420.41 
-22.60 23.99 
-513.83 197.53 
-325.70 -341.43 
-185.35 -304.18 
133.87 583.70 
-125.55 273.56 
27.01 -581.85 
-41.96 -594.47 
114.00 -141.11 
-157.26 -268.98 
-70.35 -257.49 
93.04 258.04 
20.06 -365.02 
-279.15 106.10 
229.21 124.54 
-45.71 78.39 
