521.48 281.46 
274.77 -201.27 
530.78 254.46 
233.47 35.40 
-374.20 48.58 
-494.72 283.10 
256.63 -220.49 
231.55 184.32 
411.15 431.12 
316.41 178.78 
24.64 -239.11 
377.63 -361.62 
-369.76 91.90 
302.76 312.31 
235.11 367.46 
86.95 -550.04 
450.56 20.64 
-135.70 -498.87 
-100.19 463.83 
-24.44 -72.16 
-37.90 -366.25 
205.16 -479.80 
391.88 -309.80 
-442.64 -320.98 
-176.59 -561.83 
-10.44 75.25 
80.94 514.06 
185.19 -412.96 
275.76 324.69 
510.38 91.81 
131.68 -28.20 
247.32 236.97 
-302.60 -22.10 
-397.11 107.94 
-381.16 -240.16 
326.60 -91.34 
-140.90 -540.63 
209.39 -158.06 
295.28 -234.51 
147.78 -280.36 
376.76 -252.86 
397.57 439.30 
313.63 222.49 
-146.88 345.57 
67.55 352.49 
204.28 79.05 
-311.50 500.15 
-230.92 -476.60 
 5.44 -502.84 
93.94 504.90 
100.49 -79.09 
-582.46 -103.11 
487.80 334.94 
-476.19 88.49 
502.08 13.33 
-354.27 -28.77 
