-48.68 241.27 
-304.38 428.57 
-220.81 -387.20 
119.53 59.74 
86.57 -163.90 
-591.62 -14.28 
-370.21 397.01 
416.75 236.61 
-81.47 35.52 
-301.46 -144.06 
132.67 -360.29 
444.63 -169.33 
-325.16 400.02 
-423.63 -13.83 
202.55 -189.36 
-80.05 513.95 
113.50 -135.15 
85.03 269.50 
-408.42 -388.89 
390.16 171.70 
-502.06 -174.61 
-215.92 120.33 
-192.38 -219.26 
253.04 -365.86 
262.53 200.47 
217.78 -170.95 
-314.46 -490.11 
426.24 311.15 
264.35 398.72 
-388.36 -295.92 
58.28 -171.36 
-353.99 -376.48 
107.50 -319.23 
-101.61 -149.78 
-453.48 -245.70 
448.12 267.81 
-397.50 158.48 
51.27 -494.62 
-34.48 70.75 
-227.12 191.54 
-341.50 280.89 
162.48 -435.87 
519.01 239.33 
-21.37 496.41 
434.85 251.68 
-206.94 229.01 
-310.53 -31.55 
-498.54 -204.11 
213.82 426.86 
105.18 -198.70 
183.24 219.45 
-45.33 -301.45 
-268.01 99.31 
441.84 -348.19 
381.41 163.49 
321.20 -274.54 
