195.56 -292.34 
335.14 496.54 
-236.90 -228.42 
44.98 378.82 
291.48 145.97 
212.49 -40.05 
528.43 -72.14 
175.52 253.17 
-113.96 519.69 
-217.90 524.30 
549.83 85.28 
73.57 -378.15 
10.19 -41.28 
-28.93 -501.33 
318.37 -130.87 
-337.98 -331.90 
-75.76 361.47 
324.53 271.46 
427.45 265.68 
-285.61 352.94 
-384.37 250.65 
-205.23 -416.60 
13.77 114.85 
-34.63 -329.72 
250.30 390.15 
260.13 511.76 
-219.44 -331.26 
-327.40 298.06 
-22.28 -361.03 
-269.85 -210.82 
-268.81 -364.15 
333.50 20.75 
264.25 -78.16 
355.87 -145.65 
516.13 290.09 
471.44 -268.25 
-67.81 -445.56 
-293.64 85.95 
-459.59 -37.84 
-116.27 174.93 
97.95 -138.74 
431.31 -144.28 
-245.29 -203.17 
-370.61 -195.17 
-510.92 -148.28 
-530.75 -5.64 
-1.62 512.05 
-268.36 511.37 
323.87 -100.83 
351.78 126.36 
262.60 352.17 
-177.61 544.42 
458.20 315.14 
-311.97 13.05 
-309.15 475.19 
-492.08 88.84 
