-88.18 -75.98 
246.34 -168.70 
177.73 358.33 
-210.81 -309.38 
-216.37 312.50 
-104.97 317.80 
-374.59 44.09 
428.53 -367.99 
568.53 -19.18 
-85.25 380.38 
386.68 -214.55 
-592.04 68.55 
-269.94 -246.61 
-146.85 337.72 
-106.52 133.39 
-421.20 -306.30 
-558.18 -107.07 
-33.48 -104.24 
-231.19 -132.25 
-72.00 276.89 
-349.66 -297.29 
424.80 403.08 
-262.33 41.48 
243.14 15.43 
-573.21 44.70 
239.70 -425.03 
59.82 -376.83 
424.55 -399.84 
-356.83 226.81 
-422.90 -63.66 
387.93 121.38 
-279.19 230.56 
131.91 411.37 
-153.86 429.42 
143.93 -61.99 
75.42 -435.09 
474.90 281.22 
71.31 -474.40 
-113.48 539.09 
112.67 -469.12 
67.01 -596.22 
-256.17 -381.06 
-1.20 322.70 
469.32 149.01 
-482.55 -315.01 
345.15 -75.11 
444.98 -46.51 
74.09 -589.34 
388.16 398.47 
244.94 451.53 
104.85 -34.34 
535.62 -61.00 
263.90 45.25 
-107.98 235.81 
-369.87 -75.61 
406.83 122.29 
