-73.48 274.35 
-133.28 65.73 
228.79 183.23 
447.91 -249.64 
-379.13 -422.14 
-149.18 460.59 
-244.67 -19.12 
301.37 -465.01 
169.90 158.88 
-331.70 -127.09 
-248.88 48.01 
389.94 40.25 
-123.46 521.02 
208.39 -503.78 
-64.62 237.78 
-4.82 -550.79 
418.79 57.08 
-80.76 -265.60 
18.09 -399.64 
-361.35 105.37 
31.00 -565.66 
140.46 223.33 
-284.91 470.57 
-263.25 -416.28 
47.55 -418.10 
146.19 405.30 
461.70 -9.22 
-225.23 465.55 
328.12 -370.47 
-173.58 -377.11 
-78.93 -123.40 
-104.10 -293.97 
-393.41 298.37 
246.33 217.91 
494.71 -276.77 
-364.26 67.88 
280.90 -460.21 
176.15 -530.17 
399.17 324.83 
-285.14 268.15 
334.34 -466.09 
-512.83 181.82 
-56.90 137.61 
367.51 41.74 
192.09 238.81 
-288.92 -292.14 
-243.11 154.41 
179.06 92.20 
523.72 -60.47 
330.70 226.81 
14.25 -363.13 
-63.94 -274.81 
-231.51 -535.58 
-405.75 270.78 
-200.74 -116.74 
-133.20 471.25 
