215.12 -345.75 
-452.00 -36.37 
92.12 400.58 
-36.45 -316.37 
-6.18 -182.60 
-3.51 29.92 
-128.76 580.58 
-18.10 -43.88 
165.08 33.25 
-276.93 -42.99 
304.43 305.53 
-408.85 428.02 
-266.51 -107.73 
49.06 306.70 
-429.20 -395.58 
150.94 -336.95 
389.66 201.70 
-590.66 66.57 
-257.87 157.24 
-280.84 -213.18 
-341.15 427.76 
-45.43 -482.33 
445.41 -267.61 
549.62 -147.01 
 8.28 -121.17 
35.24 -126.29 
509.45 52.03 
520.62 -262.13 
18.46 154.07 
589.18 -32.35 
-324.01 180.50 
-250.86 -98.55 
-425.22 401.78 
71.75 125.41 
240.66 -255.43 
-340.68 -311.31 
-48.94 -364.36 
-78.64 -191.49 
207.80 446.10 
-9.54 -54.51 
-50.17 -195.93 
40.54 464.15 
-300.21 388.53 
-569.79 166.59 
-428.08 -32.17 
-384.51 -215.07 
-141.36 -299.56 
-145.86 187.06 
-321.95 338.69 
439.51 144.80 
359.56 329.59 
-62.96 204.97 
-478.22 343.95 
371.84 -198.99 
150.82 -222.59 
129.15 403.96 
