409.78 279.13 
-101.38 -391.01 
315.26 -156.61 
84.19 95.22 
24.78 508.76 
342.29 -81.87 
-284.07 -254.36 
-297.64 -475.49 
23.22 -241.69 
197.82 -380.74 
232.44 454.68 
-152.71 273.68 
108.86 161.07 
472.71 17.56 
-73.43 -377.08 
461.78 50.93 
42.45 501.95 
-501.01 242.73 
-18.64 513.58 
-418.10 215.07 
-162.95 -42.33 
20.90 408.04 
-221.29 -262.81 
29.47 -127.87 
-277.95 -115.98 
41.10 149.30 
45.79 -327.13 
343.71 351.83 
316.06 -10.37 
-68.78 -184.82 
175.60 -136.92 
520.52 169.68 
-197.70 -26.30 
597.28  2.37 
-125.32 479.94 
-568.59 -90.93 
-69.04 336.93 
36.64 284.45 
-33.80 213.24 
-328.03 -402.52 
-276.61 -178.56 
-275.13 169.69 
80.40 -300.87 
93.23 -313.02 
566.39  2.62 
257.19 258.26 
-564.51 103.21 
-136.04 519.45 
-124.06 298.44 
-188.80 497.21 
-535.68 24.36 
137.22 -467.26 
-117.04 -118.42 
-301.06 11.86 
457.02 289.92 
-105.36 -161.94 
