-182.99 -305.46 
316.29 196.00 
 2.80 187.03 
-358.93 -472.01 
-143.30 314.70 
123.13 -117.44 
360.45 290.20 
-205.14 245.86 
157.89 454.98 
288.89 -395.79 
-458.53 -45.71 
101.56 -267.58 
-347.76 -398.26 
-352.95 435.02 
341.24 -197.51 
425.61 -100.97 
-99.14 -357.48 
-377.76 32.98 
322.74 377.74 
139.05 -197.78 
-247.63 -6.44 
203.78 -355.91 
16.16 39.33 
250.59 -336.00 
350.78 -452.55 
-99.58 298.54 
-103.57 -545.04 
-310.14 -237.53 
-127.20 356.33 
220.89 -297.19 
-11.60 -494.23 
256.29 186.90 
-111.42 -496.02 
-145.63 -374.26 
-128.08 -447.36 
-186.35 392.72 
-214.06 439.37 
231.09 -259.50 
-304.02 49.29 
255.96 70.61 
-390.02 -276.90 
-74.78 -594.62 
-481.29 292.10 
208.71 113.08 
26.20 -562.82 
-4.55 243.48 
199.75 57.78 
-346.46 -466.55 
-9.15 385.21 
-201.53 -237.34 
-546.31 150.24 
283.67 231.44 
300.67 258.29 
82.91 453.90 
474.80 74.44 
49.29 -513.51 
