-138.45 401.04 
545.67 -3.91 
-116.69 545.79 
-310.51 226.36 
-465.02 -378.28 
458.93 87.70 
167.80 -265.97 
511.21 -119.31 
-248.22 127.18 
-11.50 -420.88 
-348.06 86.48 
-186.00 359.59 
-227.89 -458.90 
-277.82 90.74 
340.48 400.46 
-100.78 497.85 
-302.11 194.88 
167.59 412.07 
-430.87 -192.30 
-477.33 -176.34 
274.36 75.42 
298.38 392.41 
208.19 48.87 
-144.60 -221.86 
-233.41 -357.05 
29.70 -475.13 
-163.33 368.86 
-14.19 -431.66 
-195.35 -229.52 
445.99 42.67 
-336.97 -426.02 
-71.40 -399.78 
-187.93 -29.43 
208.25 -147.36 
-363.69 241.27 
-88.65 326.04 
-251.92 123.74 
-538.06 35.74 
-435.47 -383.20 
222.01 441.31 
159.28 -314.13 
-466.01 -311.52 
-13.67 -597.92 
83.36 405.85 
228.48 190.50 
-412.39 -17.76 
370.26 187.29 
-375.23 -288.28 
-70.83 -398.49 
13.15 -560.45 
371.17 147.25 
462.85 -317.15 
160.30 443.70 
-231.44 324.73 
100.70 -67.13 
153.05 230.96 
