-301.68 -233.67 
123.21 216.72 
-246.86 47.33 
135.28 -171.53 
-82.31 485.44 
-240.90 509.42 
-411.20 343.20 
80.09 488.96 
-11.56 480.31 
-16.18 -87.01 
343.14 222.91 
369.47 225.41 
-428.69 207.22 
211.55 424.92 
391.04 279.91 
406.11 279.20 
244.28 -98.47 
277.78 -387.37 
76.81 -247.24 
-232.07 -472.04 
224.78 418.72 
-318.00 299.57 
240.36 40.37 
322.09 -393.14 
-285.07 -344.52 
-456.79 312.43 
373.43 -277.89 
-324.14 -476.31 
267.80 -409.64 
-223.04 -441.71 
-139.85 -580.18 
571.80 -84.39 
-110.51 -252.26 
-584.71 -35.50 
-147.41 556.26 
-84.28 -26.38 
-327.75 -146.97 
98.77 -500.31 
-418.32 -260.71 
107.00 -501.40 
-81.95 -588.26 
94.23 194.63 
176.16 -105.16 
403.69 294.72 
541.76 -243.38 
307.21 -114.42 
-380.97 -341.90 
-358.75 -434.50 
399.56 335.01 
210.68 -515.78 
-203.04 -91.65 
297.19 -365.42 
553.99 98.55 
-249.48 255.13 
-172.70 570.77 
356.95 -91.83 
