364.15 383.95 
-153.23 -94.36 
187.69 90.74 
-378.72  6.05 
10.70 -450.67 
-140.07 -320.21 
-335.39 378.54 
166.59 305.49 
364.68 198.56 
550.12 -9.47 
 4.32 -452.86 
57.26 512.39 
227.42 -124.22 
-135.95 -496.07 
-3.30 531.92 
154.78 76.66 
304.54 79.96 
293.95 -334.99 
356.75 -16.29 
-137.84 407.91 
-578.55 -85.62 
-227.45 228.54 
121.64 -314.19 
-17.63 324.94 
449.04 -224.54 
102.72 153.77 
89.75 586.37 
382.09 362.53 
188.33 -397.02 
122.11 293.98 
147.58 426.79 
326.86 150.55 
183.29 -535.55 
-307.94 -470.03 
-199.94 113.58 
-414.03 50.64 
-469.96 -235.32 
380.68 -127.31 
-216.46 -100.79 
-409.25 -416.19 
120.97 276.95 
-208.15 -315.71 
-193.39 332.69 
236.39 -450.34 
577.62 111.79 
-307.83 273.94 
-557.94 -85.59 
-437.12 -143.49 
-126.61 -411.40 
-494.83 -14.33 
114.47 221.35 
-413.77 255.72 
-83.16 481.93 
-231.41 -275.51 
517.68 -247.85 
-222.92 -66.07 
