63.56 -205.41 
-34.77 62.33 
99.03 112.13 
379.54 86.87 
-420.03 36.53 
209.63 -439.03 
-250.74 -523.29 
393.06 -213.20 
587.88 74.12 
-497.03 139.96 
267.66 494.38 
-360.84 -107.42 
-267.29 56.44 
-28.80 -354.38 
-165.71 544.58 
-379.33 135.55 
 7.22 -416.43 
406.02 439.15 
138.96 -341.83 
22.99 -405.50 
-23.04 564.43 
-97.95 -60.81 
-174.60 -479.60 
-102.98 84.96 
138.78 -412.56 
-304.65 -394.71 
-176.53 -437.86 
499.63 166.19 
-191.13 161.69 
-497.84 -323.60 
-222.52 529.98 
-412.39 240.65 
-261.98 -14.19 
-252.06 -427.59 
499.25 -194.74 
469.59 342.83 
-117.65 96.29 
-16.13 -508.92 
298.20 83.12 
-178.62 -418.92 
378.20 33.04 
-572.65 -41.12 
175.61 433.42 
-434.06 -20.60 
39.54 509.65 
-473.47 -128.01 
430.07 -356.79 
-471.24 241.19 
451.82 -361.69 
-149.06 369.07 
466.33 -362.42 
-100.48 369.57 
239.29 442.30 
-416.23 -172.93 
443.56 46.81 
-354.98 474.51 
