497.46  5.04 
-465.68 97.73 
525.75 -98.72 
-391.32 163.80 
-134.23 -247.93 
404.46 78.52 
-29.54 482.39 
382.47 -129.10 
227.61 145.19 
98.67 451.21 
-291.00 398.81 
-359.21 403.43 
-83.34 148.72 
-251.06 234.28 
368.79 407.06 
261.72 520.25 
401.63 -432.65 
-351.12 356.00 
-169.59 -573.27 
-218.42 219.83 
-260.50 -400.70 
261.45 482.72 
-560.43 94.00 
54.79 -86.32 
-81.87 302.55 
564.78 132.81 
301.68 -500.94 
538.59 105.23 
-312.11 -197.50 
-50.38 -122.82 
-532.79 -35.12 
34.94 252.41 
-443.22 127.10 
-494.72 262.32 
243.22 256.02 
468.06 131.55 
-327.43 437.63 
-227.60 -503.24 
157.69 343.97 
-164.88 108.12 
44.82 459.20 
475.61 72.95 
265.36 -194.79 
23.73 -380.50 
-109.82 497.50 
375.12 -97.86 
253.67 515.10 
-89.63 -140.84 
-119.89 419.50 
-363.34 -429.17 
249.71 258.30 
-430.49 -96.35 
443.72 107.17 
254.91 -381.55 
-307.12 381.83 
43.12 -176.13 
