-201.59 403.40 
196.65 -300.98 
-296.49 253.24 
-143.56 -81.69 
268.04 262.14 
207.40 -253.31 
-21.47 267.07 
-239.39 -379.95 
-265.36 33.00 
413.40 -158.52 
34.97 -189.13 
-392.74 -93.51 
291.88 -345.30 
-521.91 61.91 
-96.05 535.45 
300.64 -458.83 
-473.80 -39.00 
-355.06 421.89 
-26.19 223.06 
-331.82 196.40 
-180.21 105.67 
219.01 -25.83 
73.84 -549.31 
47.18 528.13 
-302.56 166.37 
388.83 67.00 
285.44 152.88 
-222.84 -326.85 
-415.13 292.91 
440.50 -113.30 
-103.69 -10.80 
-191.78 -208.75 
99.71 -455.26 
-93.60 -233.93 
-214.00 525.18 
101.89 400.94 
-47.23 522.74 
-329.79 232.90 
336.69 431.56 
402.83 -151.56 
245.84 175.95 
465.15 36.21 
-530.51 12.48 
-527.29 54.23 
66.51 -325.22 
143.21 492.91 
-122.90 127.31 
282.04 142.54 
-483.57 107.40 
-502.64 -125.58 
-458.78 -6.16 
302.58 335.55 
302.78 -78.55 
-261.47 -143.52 
-455.23 -367.34 
-45.26 -84.61 
