-114.76 154.96 
331.88 -442.90 
-240.80 70.71 
485.81 -70.86 
47.22 -334.01 
532.58 -17.75 
371.58 451.39 
146.15 -450.75 
-185.47 137.44 
24.82 467.12 
-272.56 130.11 
372.73  6.45 
404.02 -153.39 
-334.22 -205.03 
466.63 -266.16 
-349.41 101.42 
-111.01 -459.56 
-145.04 -71.11 
501.72 180.44 
166.22 -382.68 
257.37 -437.20 
-433.19 -270.43 
287.37 409.59 
-184.29 -373.49 
328.06 -285.10 
-325.39 33.31 
-457.61 273.97 
-527.30 237.15 
-533.41 -111.99 
140.11 278.66 
-246.12 438.66 
-146.52 303.13 
-41.68 335.75 
-260.59 -5.17 
-137.78 545.62 
-203.08 -225.58 
221.74 -300.62 
441.61 64.39 
-52.36 -316.37 
-293.75 -62.86 
-545.93 -40.00 
335.45 -38.56 
-117.36 -232.38 
-587.45 66.41 
-222.71 -95.95 
235.28 446.48 
315.25 184.07 
-107.21 -430.99 
-447.10 62.13 
379.33 -266.82 
-234.83 -406.85 
-57.12 -542.54 
204.26 20.52 
43.41 -214.98 
-87.35 -528.14 
-80.31 115.52 
