332.68 -424.74 
-114.72 552.65 
497.13 141.04 
339.04 -77.89 
-178.18 302.80 
-470.45 309.74 
-205.66 -444.03 
516.48 80.11 
390.62 237.29 
-57.43 -99.45 
-186.55  4.80 
96.24 -369.96 
160.01 305.84 
76.96 463.01 
-130.93 -161.85 
-330.41 -200.69 
104.71 574.47 
-20.32 -283.12 
492.98 -165.92 
341.53 -61.88 
-512.01 54.95 
562.72 -140.28 
480.36 -216.81 
-414.32 -136.20 
-186.89 -526.11 
74.45 220.98 
300.39 -439.21 
89.14 387.22 
-393.10 -246.89 
-239.03 -231.19 
-114.87 156.66 
-390.28 -22.58 
-204.71 183.83 
410.44 -339.71 
390.10 -193.22 
-262.70 271.34 
285.83 267.52 
162.39 42.18 
-406.99 -253.17 
541.84 -229.37 
246.65 445.73 
288.08 358.04 
501.05 63.55 
-224.30 -245.20 
34.58 -344.93 
-123.45 -183.35 
-119.19 -515.08 
-150.14 408.47 
276.74 -204.52 
448.71 -49.54 
24.38 93.12 
-431.59 -195.76 
-392.12 216.21 
195.30 344.88 
121.75 19.22 
481.84 305.03 
