184.78 63.60 
199.88 -240.21 
-44.06 587.12 
-561.70 -196.47 
372.98 48.71 
208.65 132.91 
509.69 14.53 
154.68 -371.43 
513.05 241.34 
-471.33 -333.21 
264.11 -314.98 
-94.76 -282.32 
-412.45 185.31 
-35.25 -467.71 
-173.42 145.16 
-258.21 -199.06 
-281.39 -41.05 
29.74 -97.33 
107.30 203.32 
-351.02 -426.98 
277.61 -448.01 
-492.82 -183.16 
-476.38 237.24 
238.07 405.03 
210.73 351.63 
64.24 449.91 
253.24 291.68 
14.59 287.98 
534.25 -272.33 
-83.21 -593.18 
-278.09 497.82 
-72.79 -544.30 
511.58 83.51 
69.95 -527.80 
-382.84 -210.13 
67.61 569.75 
142.93 24.05 
-7.15 -63.02 
-192.12 523.52 
-164.83 -168.21 
569.13 -15.43 
29.20 -351.61 
519.76 46.22 
-339.23 294.01 
377.47 -335.96 
308.90 311.66 
87.63 12.93 
-356.53 225.66 
52.31 -534.34 
108.40 394.01 
173.91 -544.33 
-473.59 -316.32 
52.52 -244.15 
188.89 512.25 
-577.56 73.54 
219.20 -315.14 
