477.12 98.40 
-293.37 240.07 
155.60 -379.27 
388.20 -194.22 
38.47 402.59 
-104.63 286.59 
-153.08 -296.28 
-221.09 -371.32 
220.78 -385.53 
337.74 28.51 
316.41 -331.97 
301.37 276.64 
-413.85 43.18 
274.95 -73.89 
-20.09 -171.15 
44.07 414.97 
568.57 -67.20 
-99.75 261.40 
-141.38 60.81 
-183.69 348.98 
364.76 -337.62 
351.51 -387.74 
66.43 -494.55 
-182.25 460.16 
577.83 -104.52 
454.63 -80.58 
100.73 -140.19 
186.27 -479.30 
208.85 535.06 
487.23 298.26 
275.27 252.04 
-122.85 -211.47 
267.27 148.46 
-252.09 510.76 
-483.39 -88.85 
97.92 -535.93 
-407.94 429.71 
-320.42 -199.25 
223.08 554.54 
-4.59 -534.85 
102.74 -427.25 
-406.11 -321.81 
-246.19 341.68 
-62.42 150.53 
-81.14 -175.62 
-527.92 -4.06 
502.77 234.66 
391.21 48.19 
-500.30 -217.79 
242.08 525.33 
-490.08 331.79 
276.93 277.21 
285.97 468.80 
27.95 377.86 
-239.06 60.51 
59.44 110.59 
