229.53 46.13 
72.61 -281.92 
357.97 -417.70 
53.25 460.03 
479.42 189.99 
-425.57 -269.48 
-85.80 356.53 
147.58 557.72 
346.51 201.96 
-529.75 -90.76 
360.41 -130.92 
48.29 -435.43 
407.24 -412.26 
-399.59 203.50 
118.93 388.51 
-180.87 426.56 
-92.90 98.13 
-27.94 -471.22 
115.76 -77.49 
-359.42 -191.25 
-244.34 437.97 
-484.33 -96.08 
-310.50 -196.68 
-508.21 -266.79 
51.04 158.28 
-51.09 265.03 
561.93 108.63 
-159.93 199.15 
187.73 -554.38 
-76.60 242.52 
-406.66 68.81 
173.67 -15.46 
77.24 -31.18 
153.02 -83.66 
-293.29 265.61 
 8.12 -371.54 
-588.70 -7.67 
125.36 524.10 
401.30 148.69 
459.57 220.35 
144.23 293.07 
-451.08 254.63 
546.85 -183.88 
244.76 23.03 
-261.47 379.42 
310.44 -434.45 
340.83 101.33 
544.00 -13.55 
-36.86 243.59 
-369.05 124.71 
236.45 296.05 
-397.81 -56.61 
244.32 507.66 
-16.00 -467.83 
-79.60 108.02 
-461.47 -62.07 
