213.43 49.92 
-462.44 -347.24 
15.21 47.39 
171.52 305.54 
-178.19 446.98 
461.19 372.01 
98.79 387.02 
-514.64 -237.38 
363.76 -166.77 
194.22 497.84 
292.14 -96.24 
-591.26 -17.39 
-198.83 -263.61 
-8.80 86.97 
322.91 312.31 
440.36 -151.74 
29.24 -330.66 
563.49 -70.39 
-440.91 -223.33 
-52.28 500.71 
-80.73 108.60 
147.74 -383.95 
347.24 -47.16 
422.88 -114.64 
-441.53 -174.97 
-429.45 -264.07 
-370.64 400.54 
-257.85 360.23 
236.94 -181.97 
367.05 -108.60 
380.84 365.30 
374.63 21.43 
180.98 -532.10 
232.27 335.60 
-494.19 92.59 
277.13 149.57 
-371.67 327.60 
126.89 343.18 
319.85 457.93 
31.58 372.38 
-338.28 -354.05 
149.20 -403.43 
-86.26 419.77 
-471.01 -73.02 
324.73 -114.26 
80.80 206.90 
210.06 49.89 
-1.39 -360.65 
-414.96 272.81 
437.52  6.56 
-46.95 547.54 
-156.04 -325.83 
-419.83 30.60 
-333.94 -133.75 
-339.91 -195.34 
 4.75 -526.72 
