-291.72 256.78 
-18.24 582.69 
94.46 356.18 
-205.79 374.14 
-372.27 233.99 
-168.66 -386.30 
214.39 -201.07 
-95.13 -365.78 
449.86 -218.45 
473.72 -90.00 
58.52 -501.30 
19.78 431.60 
461.13 -106.50 
148.61 -252.18 
-61.95 522.59 
109.26 -550.77 
220.71 -337.89 
-102.60 46.84 
323.01 -117.22 
-102.65 441.50 
-245.17 261.71 
-443.82 -211.96 
-282.22 409.05 
245.50 -286.26 
195.82 -201.23 
55.86 -28.27 
113.14 -480.63 
-103.37 -290.26 
-264.73 -515.97 
449.37 -171.89 
-471.63 248.58 
-375.60 451.80 
303.86 257.64 
-253.06 -451.16 
-207.08 27.48 
-232.21 34.92 
-63.00 -139.17 
 5.78 34.92 
420.39 -93.57 
125.90 222.08 
-272.27 160.85 
404.60 381.62 
-76.19 -501.49 
-155.47 406.87 
377.91 152.60 
256.24 444.66 
273.85 493.16 
423.47 19.95 
178.54 495.60 
218.08 363.96 
-347.25 -33.21 
-62.86 129.77 
220.29 -447.84 
433.38 382.22 
461.47 -290.42 
-190.87 -243.01 
