-406.05 -18.35 
461.72 342.17 
-70.00 14.75 
172.21 477.62 
224.36 -506.82 
-33.28 260.82 
-362.37 22.46 
-59.55 472.61 
-74.83 -74.01 
57.61 -2.16 
94.57 -10.18 
28.28 257.70 
-587.48 102.81 
69.80 270.19 
196.54 -218.78 
-177.55 -69.85 
217.82 477.56 
-420.19 200.90 
-279.83 -522.76 
30.85 167.25 
-202.75 -72.19 
242.47 -404.43 
-68.39 -439.86 
433.25 -294.54 
51.52 132.62 
-251.70 532.49 
130.13 302.48 
24.40 164.35 
-64.47 555.97 
-86.26 51.29 
-563.39 -68.87 
-339.44 -390.20 
-264.49 -243.56 
-375.77 -291.38 
-352.51 -47.93 
 2.21 214.43 
493.31 -145.38 
110.25 -11.86 
-362.91 96.34 
-93.45 234.11 
-448.97 -272.12 
-133.34 -498.93 
-246.92 93.77 
-473.89 -79.67 
-571.64 96.02 
-6.72 586.42 
-176.95 -161.25 
329.54 -86.37 
555.02 -186.98 
232.98 -208.06 
-54.58 525.41 
-66.82 -435.94 
417.51 -81.33 
-313.67 282.80 
-213.57 127.47 
117.33 434.25 
