81.11 -69.38 
188.01 31.52 
264.83  4.78 
-24.07 -553.00 
 9.07 194.52 
224.32 293.40 
-466.23 -34.57 
22.57 217.50 
-11.39 410.30 
-281.09  3.88 
-181.73 -80.94 
400.36 -130.71 
397.76 -241.53 
-259.79 -429.88 
231.39 -215.05 
61.06 -403.08 
-76.92 58.32 
81.29 149.90 
-252.58 -98.50 
-93.14  6.33 
442.22 196.08 
-25.39 161.80 
-507.61 -151.31 
-103.16 495.29 
-43.41 467.77 
-446.75 -373.57 
196.55 162.79 
-219.02 -386.87 
26.44 -405.84 
-127.56 -334.20 
254.12 -66.38 
-440.17 -133.45 
244.06 545.49 
-94.89 -419.46 
340.66 192.78 
-195.70 -202.36 
-127.26 465.21 
-254.41 -326.05 
122.54 -83.73 
70.88 -38.54 
-456.67 232.55 
237.59 78.72 
162.96 -189.44 
-322.98 -57.56 
354.81 -86.95 
-101.35 -152.72 
303.12 -40.47 
-215.50 74.55 
227.66 368.16 
129.53 66.18 
-134.49 -30.44 
-140.41 -110.56 
154.05 531.19 
-65.77 -202.36 
-262.70 90.01 
159.66 -211.99 
