-436.23 -128.66 
-293.25 -287.10 
446.65 229.69 
-553.63 16.67 
-520.67 141.28 
-34.57 -400.80 
551.46 54.53 
-584.07 -81.65 
383.55 430.35 
-43.07 339.63 
-43.44  2.25 
525.38 -169.17 
 5.66 484.29 
168.55 -335.58 
-533.41 110.29 
212.15 -304.13 
-10.46 453.12 
-360.91 168.58 
415.68 400.21 
-299.16 310.88 
-506.52 260.83 
-360.82 149.03 
-114.59 -26.55 
242.26 465.51 
-34.79 25.73 
123.11 -80.48 
13.66 513.05 
-346.50 70.50 
-222.31 434.88 
-10.12 -473.84 
-434.31 -4.00 
84.47 -570.64 
157.40 491.02 
-99.02 458.32 
-447.98 -259.16 
40.25 -370.49 
-338.16 10.38 
-426.34 -67.04 
589.54 42.73 
44.22 489.52 
-311.11 -481.05 
98.23 -388.69 
379.68 -10.81 
-153.91 -88.37 
-437.07 -324.89 
504.40 -132.18 
586.59 -112.27 
127.21 -134.67 
-10.36 -314.69 
390.17 128.71 
-474.36 -175.35 
61.26 -80.39 
-48.11 -365.25 
-246.24 427.28 
152.32 -499.57 
506.66 -45.47 
