202.52 -225.47 
449.39 346.14 
96.61 -444.61 
-373.09 372.44 
158.61 -312.03 
-58.89 561.77 
394.84 155.68 
27.26 386.69 
72.17 -234.75 
-175.26 -472.11 
390.16 -132.84 
-155.86 325.88 
356.19 279.07 
-532.46 21.94 
348.09 473.68 
-347.41 68.38 
352.05 123.05 
513.68 -94.68 
301.74 428.83 
308.02 -176.54 
-303.32 -151.28 
-457.28 -305.56 
-458.58 149.75 
 3.27 552.84 
206.61 149.50 
192.68 -424.01 
509.66 310.75 
345.81 418.93 
-8.67 242.14 
-497.37 33.70 
422.22 -339.52 
-328.72 466.37 
-259.64 70.05 
520.70 132.03 
11.95 71.69 
448.67 -255.59 
99.26 14.66 
155.63 442.54 
-186.38 -111.99 
507.73 266.11 
62.62 -62.09 
-496.92 254.78 
422.13 -127.88 
80.07 -414.22 
-371.19 127.01 
158.26 -327.85 
224.10 286.63 
-354.97 329.61 
98.53 -108.23 
-66.00 -137.27 
488.83 344.26 
-243.57 200.77 
152.96 28.47 
-539.80 236.75 
-307.74 280.09 
65.86 -194.66 
