-573.04 49.39 
-47.32 -504.93 
-393.67 17.07 
-444.51 92.28 
376.00 -152.94 
79.62 209.59 
-256.34 -175.18 
285.95 -499.27 
-287.11 -512.79 
79.30 588.75 
362.56 21.09 
-31.71 98.48 
-51.49 406.81 
13.95 -90.89 
-191.42 54.59 
43.94 -210.07 
-279.51 44.51 
-197.76 -288.87 
188.30 99.61 
-52.18 -410.21 
-180.21 397.09 
28.58 -388.94 
124.38 -431.65 
-348.04 216.89 
44.04 -309.17 
-277.74 482.67 
 9.82 474.23 
27.91 502.13 
-484.49 133.42 
305.83 110.60 
-279.16 -441.37 
-344.65 -234.58 
-450.56 -6.41 
125.39 531.22 
-295.67 19.93 
419.96 287.45 
113.98 218.46 
-391.15 -296.83 
229.94 421.30 
249.76 -440.67 
-239.24 350.95 
-226.27 107.60 
287.19 -469.60 
-525.58 44.60 
-510.41 293.83 
81.63 -60.74 
-119.23 195.29 
113.52 -204.05 
55.56 -546.86 
-44.64 -533.89 
-178.11 138.61 
-275.42 -122.46 
-83.43 144.22 
-252.74 362.06 
-51.68 529.35 
455.66 -70.30 
