-173.06 -254.66 
381.10 -275.11 
209.86 -269.57 
-104.08 345.58 
-24.61 -518.65 
-460.44 -260.20 
12.29 305.18 
306.83 -431.37 
250.42 112.23 
-352.92 -219.36 
217.09 286.79 
281.84  2.27 
-214.21 456.13 
-155.77 -556.89 
379.57 -457.08 
-217.26 -110.05 
-424.49 167.88 
-484.38 -265.30 
166.87 -146.15 
-396.48 99.63 
187.87 223.13 
-302.86 251.69 
-97.54 14.21 
-41.72 -108.44 
-161.28 -332.44 
16.24 -49.81 
183.74 -527.00 
536.90 -214.18 
526.23  6.26 
-351.85 313.88 
-504.87 -230.66 
-449.55 229.18 
74.26 -199.30 
-1.42 287.26 
-444.64 199.57 
-171.01 -466.67 
-170.80 -243.71 
449.70 302.15 
226.97 137.01 
33.07 570.92 
-168.17 -559.10 
-27.60 26.31 
-69.71 191.15 
-346.43 142.86 
204.94 536.11 
324.32 -289.42 
313.24 -438.27 
-7.48 -455.45 
44.61 147.30 
-110.11 220.47 
-298.28 -51.41 
-176.15 -378.64 
292.35 -307.46 
-29.46 414.67 
-141.89 450.03 
-418.07 71.85 
