238.65 -351.86 
-207.09 -195.28 
431.72 300.66 
-255.33 -531.70 
454.69 185.86 
452.79 -319.22 
-279.05 391.39 
-446.70 165.86 
-83.50 313.50 
-216.85 -356.80 
-4.65 -419.84 
530.30 230.85 
-155.77 -288.78 
-133.83 309.20 
118.27 320.19 
-225.10 -340.48 
-288.10 -113.94 
496.26 297.95 
-152.80 511.25 
-460.43 179.41 
342.39 -123.29 
277.09 191.04 
138.67 -191.76 
461.72 -91.71 
 7.45 382.46 
370.22 57.64 
-234.36 -500.24 
72.48 589.68 
207.35 -239.99 
237.55 -378.44 
484.97 -87.89 
357.15 -383.63 
-149.65 483.12 
-244.16 -85.03 
-178.46 -268.52 
34.06 204.39 
101.43 453.50 
-453.52 51.95 
31.69 -5.17 
-441.83 263.21 
-64.79 543.16 
315.64 -73.33 
80.38 -438.37 
127.00 352.78 
541.07 158.58 
357.54 44.83 
-170.22 -539.41 
124.35 -570.89 
171.42 -39.65 
310.71 -181.27 
 9.25 -469.97 
-334.63 242.11 
-555.86 64.27 
430.30 302.09 
-208.79 43.97 
-109.31 -496.91 
