227.41 -240.39 
-305.46 -164.02 
-559.55 -26.35 
-273.43 16.07 
-404.48 317.48 
-325.29 -341.59 
520.36 213.10 
-78.09 -359.69 
-20.22 284.21 
315.82 129.18 
-299.46 437.18 
26.85 -460.46 
-466.18 220.46 
97.53 -274.13 
207.16 -244.26 
-339.72 -426.91 
72.16 50.65 
-28.97 228.78 
348.07 -479.21 
230.67 465.42 
73.51 -245.03 
477.04 102.87 
-402.63 35.54 
418.68 -366.05 
198.74 -270.62 
-66.68 -180.53 
212.73 489.11 
156.56 291.23 
78.77 22.56 
331.44 -287.94 
-454.74 -304.10 
-152.16 77.66 
134.58 -210.54 
307.93 -157.71 
-300.54 298.61 
-195.05 517.14 
527.14 -4.10 
310.88 59.32 
-328.85 354.37 
128.00 -68.00 
245.54 -112.23 
-354.77 -338.27 
64.61 460.11 
400.35 263.61 
-324.98 -424.42 
-240.65 -275.50 
404.63 402.77 
-567.22 122.99 
-456.09 -378.68 
-201.81 286.44 
-307.03 -286.82 
-118.25 -195.13 
-452.19 346.95 
-245.64 -351.27 
-105.34 497.82 
206.48 541.50 
