106.28 515.85 
-301.35 -233.52 
-209.43 366.96 
245.70 436.01 
368.14 -314.75 
40.80 121.55 
-423.97 250.97 
561.11 12.05 
-540.52 -202.48 
-246.27 272.87 
-243.31 -277.78 
-108.96 -438.68 
414.85 -67.71 
-54.14 -230.59 
487.21 49.68 
-386.55 329.30 
202.88 506.62 
-569.42 181.85 
538.41 -3.16 
284.09 -14.27 
-275.16 521.68 
374.48 -12.22 
26.72 -110.43 
508.25 -221.40 
-485.27 -281.41 
-166.06 100.64 
351.24 50.02 
-514.63 188.35 
532.92 137.11 
-410.46 124.98 
320.98 354.86 
201.16 446.60 
-457.27 374.42 
-172.05 206.66 
26.66 111.89 
142.83 75.41 
162.17 320.89 
89.08 427.80 
31.46 -553.56 
238.70 -386.19 
-120.33 -101.90 
351.02 15.26 
401.63 382.15 
333.08 352.29 
-299.84 -284.98 
304.86 337.94 
334.49  3.26 
395.68 -448.64 
115.00 140.14 
-459.05 -374.34 
292.48 -379.04 
-424.69 -286.10 
-170.81 370.19 
-322.55 -354.88 
-574.02 -85.80 
-252.80 82.22 
