55.75 381.30 
164.83 530.00 
-87.54 -409.57 
-254.10 449.52 
-587.69 20.19 
94.56 368.30 
247.39 491.09 
-594.08 -74.45 
-88.26 -60.77 
-319.09 434.61 
-166.88 -64.78 
134.52 37.35 
54.21 -22.83 
-270.68 224.65 
292.87 -449.73 
260.16 249.48 
-84.13 365.93 
-487.92 -172.82 
-109.49 505.44 
390.97 -302.60 
307.04 492.55 
262.27 -228.90 
59.91 226.83 
530.47 122.46 
126.65 585.91 
-370.82 -294.32 
73.94 102.56 
-412.14 -129.63 
-31.08 -236.68 
-86.41 -427.86 
101.79 376.05 
-64.30 -347.80 
116.15 -497.70 
-125.51 -40.91 
489.49 -150.81 
-90.26 -293.17 
-0.17 281.34 
-414.09 51.05 
-41.23 -369.88 
-225.31 -414.56 
302.35 245.20 
-87.52 -24.78 
-107.15 -506.87 
262.05 104.17 
-53.11 160.72 
334.13 444.08 
-344.60 -53.47 
143.81 -306.86 
-434.57 -360.14 
-343.98 -291.11 
91.96 -496.37 
65.82 117.17 
-104.81 -519.74 
33.89 -588.72 
-473.63 196.10 
133.19 -289.79 
