218.85 -314.02 
317.17 -43.96 
484.70 -69.83 
50.97 -81.67 
-259.62 231.97 
328.70 373.74 
87.10 -367.75 
471.73 -41.10 
-371.63 395.42 
99.08 202.59 
206.21 458.08 
328.61 -453.85 
-62.53 518.54 
21.61 586.80 
-108.04 -213.61 
-130.34 43.77 
45.88 -292.15 
-4.96 -262.18 
 7.14 238.94 
-81.30 467.68 
404.27 -227.07 
390.99 219.93 
474.10 -137.62 
79.90 247.78 
47.82 -280.71 
400.10 184.24 
-62.99 402.07 
66.67 -1.47 
-380.91 395.52 
205.48 -289.83 
-561.70 154.14 
475.54 91.16 
148.28 -179.24 
-121.33 46.29 
197.29 -480.62 
451.96 35.51 
-393.62 -283.12 
-106.30 -379.09 
45.06 212.08 
-141.89 284.74 
152.09 413.32 
60.16 -48.70 
-51.16 -233.13 
380.23 -437.31 
295.33 230.68 
-514.59 -88.07 
-127.72 -36.13 
455.48 -314.60 
454.78 -224.40 
309.54 -417.04 
-352.44 183.32 
478.30 -348.71 
490.88 -302.16 
-480.97 -27.26 
-581.50 88.96 
-11.68 -486.56 
