-380.82 -325.05 
-474.31 -289.02 
341.63 -161.53 
52.81 -522.92 
171.93 555.09 
-487.24 304.69 
-436.32 -228.64 
528.91 -137.97 
-450.01 135.07 
241.19 142.75 
-93.02 -204.96 
-528.30 218.31 
-379.98 342.72 
-57.01 17.38 
247.92 -122.79 
441.60 182.42 
 3.95 458.66 
267.02 -50.33 
-229.77 552.50 
-35.54 96.33 
-388.90 -55.46 
 3.28 -26.75 
-284.30 -220.05 
-10.80 -224.94 
-132.61 257.69 
385.99 395.76 
-50.09 -230.91 
-33.76 -340.12 
-310.62 -505.92 
97.78 -263.54 
330.82 349.21 
-354.93 -106.30 
-101.48 292.74 
12.97 245.06 
493.72 -156.52 
-261.21 -171.93 
-258.84 -389.60 
211.35 39.85 
-103.66 -256.71 
456.36 127.62 
-288.51 42.66 
-159.94 -559.70 
-186.64 266.76 
-521.20 -23.70 
-14.76 -531.69 
-37.34 443.64 
42.44 -18.16 
393.89 21.72 
-431.23 -239.45 
-284.97 226.24 
460.14 -47.98 
153.60 -19.75 
-444.82 -12.74 
432.98 -288.84 
185.12 263.99 
-461.95 52.22 
