-360.63 -41.88 
-290.91 -162.53 
180.95 -268.51 
212.56 476.39 
198.40 425.66 
-148.07 -140.80 
-83.74 155.07 
-16.49 -328.38 
42.80 148.68 
-45.32 71.42 
386.33 409.02 
201.16 -9.06 
-367.39 316.56 
494.23 -324.36 
-386.75 -120.69 
-321.97 49.44 
-236.02 99.24 
-213.41 -52.73 
-197.86 -295.26 
484.22 253.08 
-194.08 -141.47 
541.23 193.04 
34.64 266.72 
-132.90 228.76 
432.64 -9.30 
173.05 -504.08 
-469.01 -54.17 
263.10 39.09 
-93.14 546.09 
-275.49 -382.01 
203.63 543.20 
-418.38 15.32 
-98.56 -275.58 
-84.98 505.51 
-182.84 444.48 
-106.00 -502.93 
123.64 288.48 
-394.02 68.24 
-315.12 -473.80 
-569.35 -78.15 
-362.64 -85.39 
-123.79 -269.60 
-77.29 573.98 
506.24 -38.81 
-7.58 89.51 
-360.05 39.88 
-453.99 -181.53 
-389.87 106.56 
-39.57 543.22 
 1.81 591.18 
73.81 -393.73 
287.28 353.50 
204.61 -294.99 
-161.56 -465.10 
-27.09 266.85 
45.31 -208.26 
