-253.83 -40.53 
344.30 -459.80 
 9.15 133.47 
398.52 26.03 
393.25 109.04 
-40.94 277.74 
384.60 143.59 
105.49 470.19 
215.06 -135.90 
-311.32 -274.15 
-274.66 -161.32 
52.52 -99.20 
357.24 -12.68 
213.13 -411.87 
116.08 -319.97 
324.74 -13.33 
-422.31 -178.11 
22.59 -503.82 
-102.52 481.17 
508.44 -27.71 
-504.47 -236.27 
-338.37 -285.88 
-434.96 -19.73 
167.90 -316.55 
-197.89 374.08 
367.44 -26.56 
-351.64 -310.47 
-73.85 -388.10 
365.52 -163.13 
567.74 -51.07 
-259.20 -175.43 
-136.72 -335.32 
-67.21 570.42 
-110.67 192.74 
-515.01 -170.02 
21.84 -4.02 
424.16 -193.59 
506.03 71.54 
180.21 205.25 
-366.67 29.68 
335.97 -134.20 
-404.97 271.44 
-51.17 -496.63 
443.40 181.46 
-482.41 -140.02 
73.33 556.04 
-417.06  0.83 
-257.14 -288.62 
567.67 52.76 
-448.45 -201.77 
70.99 -120.19 
169.02 291.14 
-62.42 -232.12 
270.12 314.14 
-204.98 140.39 
-521.02 91.82 
