-418.14 -27.09 
-319.57 195.38 
325.65 -413.36 
 8.93 -89.70 
-473.12 -172.67 
329.61 250.73 
135.33 -461.62 
430.16  9.64 
-26.58 -71.28 
-43.76 73.10 
256.34 80.47 
428.71 -143.52 
33.40 462.09 
396.74 -307.53 
444.76 -144.16 
-32.25 -176.10 
385.67 -387.81 
550.39 123.75 
166.43 -495.30 
534.49 -158.61 
50.97 28.66 
339.70 -132.02 
-528.42 -259.88 
242.20 -200.20 
-259.36 527.51 
324.95 -98.30 
-73.75 -386.59 
-488.28 289.21 
445.92 246.13 
79.44 -470.28 
369.12 -87.29 
575.40 -18.75 
-277.02 476.78 
-300.06 251.79 
-203.42 232.78 
572.23 -47.14 
-347.35 -180.97 
390.91 -417.84 
-411.97 -148.05 
-140.84 529.46 
389.81 -95.08 
224.24 -243.60 
-556.95 177.73 
209.47 -490.60 
-197.58 -392.22 
151.60 -72.42 
-160.45 462.66 
-112.44 -431.20 
362.24 362.61 
-199.62 161.66 
-465.01 234.11 
185.29 -200.10 
338.69 88.85 
371.30 230.06 
-544.88 195.84 
-411.15 -435.61 
