-85.54 -462.97 
-464.72 -311.74 
443.42 -177.65 
-555.77 -19.41 
-438.66 119.31 
-373.17 180.08 
143.94 178.03 
-81.96 -74.34 
-404.17 106.40 
89.01 501.47 
192.53 72.87 
-348.79 -409.83 
479.48 68.61 
-559.20 122.08 
-252.80 -284.06 
-10.36 160.47 
-313.97 -270.60 
-87.57 510.17 
-267.00 -225.46 
297.86 -190.78 
-510.50 122.95 
-10.90 220.42 
238.99 -542.05 
22.89 118.43 
-308.55 -388.46 
-441.50 111.53 
427.35 107.14 
-487.00 -135.99 
136.55 576.53 
224.58 476.98 
245.00 -370.69 
502.32 -142.03 
-434.07 -51.29 
128.37 -505.62 
232.79 275.95 
-55.10 -426.92 
-27.18 567.48 
-148.30 225.40 
318.02 -307.47 
-19.06 -279.58 
-414.32 352.49 
136.55 200.01 
-153.98 -537.28 
90.69 -532.66 
-394.24 44.31 
495.99 304.74 
290.79 -173.05 
13.16 152.57 
-173.54 -161.78 
 8.83 -341.01 
-551.68 -161.88 
377.51 458.14 
-471.96 317.38 
-358.19 436.10 
511.80 -69.53 
571.23 -78.14 
