-163.49 70.86 
-175.15 -567.89 
290.45 373.72 
207.15 379.91 
-243.67 52.87 
389.70 385.38 
-118.82 50.86 
114.03 107.30 
-105.73 -578.25 
474.97 -49.67 
412.96 -64.86 
-192.36 -186.88 
201.26 59.95 
-503.90 131.63 
-64.32 430.59 
-387.77 -224.77 
153.82 56.13 
-266.69 -417.25 
-187.59 415.84 
-172.15 541.48 
234.27 -534.05 
169.67  0.86 
 0.02 -334.73 
-224.68 -393.49 
-16.96 57.96 
285.35 106.99 
44.74 -119.27 
143.73 244.52 
530.10 -233.05 
-234.26 358.74 
197.09 148.25 
194.09 -535.72 
231.58 418.43 
328.87 -6.68 
165.81 -207.09 
90.47 -316.42 
-26.52 257.92 
307.09 -422.87 
-223.30 -379.42 
276.71 239.36 
-110.14 407.78 
172.36 -363.95 
-360.40 298.54 
-3.78 -41.13 
-232.66 -134.61 
391.12 413.91 
-76.26 331.54 
-13.84 -41.94 
-435.37 -132.73 
-147.88 526.78 
436.28 -174.26 
13.30 -176.25 
350.89 405.51 
-300.68 346.73 
99.52 92.82 
102.04 -151.00 
