-386.13 -261.90 
-309.80 -165.83 
-54.68 591.22 
518.81 106.66 
-382.21 137.63 
44.11 142.93 
-109.16 -532.80 
285.47 225.44 
-537.68 30.54 
150.66 328.72 
101.58 112.99 
-333.43 -152.92 
-69.19 109.17 
-136.86 -520.64 
-359.52 316.24 
-92.03 77.69 
-476.33 47.64 
449.44 -91.80 
-11.70 227.26 
-56.67 -545.55 
-158.63 -570.48 
257.47 -276.30 
-530.94 124.97 
-232.61 60.91 
209.96 -278.08 
381.99 -56.69 
 0.62 -541.16 
253.87 -442.91 
184.34 -475.07 
-315.72 -179.78 
-65.30 -294.49 
86.58 320.99 
559.02 126.68 
-209.41 131.54 
-305.91 237.45 
151.10 -161.35 
-483.28 10.50 
153.81 -98.69 
20.77 367.40 
49.13 -453.71 
-129.43 240.27 
-459.80 -345.39 
-315.45 -148.79 
-228.58 296.65 
253.83 170.52 
-161.16 25.21 
253.51 143.26 
-13.86 278.17 
346.32 -83.55 
158.28 -210.41 
-477.40 -118.03 
457.19 -36.29 
-288.27 -466.18 
-2.41 -174.60 
161.42 513.09 
-158.08 97.60 
