284.25 113.80 
217.33 -496.67 
-225.93 -430.31 
456.89 243.30 
-63.73 68.24 
-432.63 -309.28 
-449.50 264.49 
428.96 -358.87 
440.20 58.01 
-260.19 -479.06 
-106.30 400.39 
217.75 121.51 
575.19 32.67 
-221.44 98.20 
384.15 96.29 
288.06 -61.90 
-418.26 -337.33 
-311.81 206.54 
-288.76 -391.62 
-320.63 261.62 
113.53 424.37 
-282.84 -344.76 
371.20 -122.86 
78.18 552.38 
-271.03 135.57 
202.13 134.67 
-428.65 143.11 
274.33 296.97 
143.34 -273.61 
-426.46 146.43 
-319.36 -58.33 
95.48 -507.26 
357.01 288.26 
-220.44 427.96 
-201.53 -107.02 
-191.88 463.29 
508.08 305.06 
-271.57 237.67 
133.94 221.90 
173.64 460.31 
-153.48 292.26 
-0.83 142.81 
21.75 -35.68 
155.96 525.90 
56.74 -452.13 
24.84 -598.16 
-255.00 -398.82 
146.79 -376.21 
175.90 393.10 
-224.60 40.34 
549.22 171.60 
-423.30 -234.08 
175.63 -564.00 
465.99 -85.91 
473.15 107.55 
517.57 -251.38 
