-87.37 -586.71 
-346.39 98.88 
254.16 -521.97 
-201.39 503.31 
-63.00 259.57 
-72.38 199.99 
 6.97 -93.73 
-583.46 79.45 
-84.19 491.14 
175.58 183.37 
369.01 -40.30 
326.09 -458.95 
-77.29 564.27 
275.97 72.67 
-50.09 454.85 
-340.72 290.41 
-88.47 -231.78 
-469.57 -218.09 
539.32 224.98 
171.94 41.71 
-259.61 458.69 
-182.46 -402.65 
138.46 -199.97 
-148.23 -408.19 
-59.99 428.54 
-111.21 -469.39 
34.97 320.25 
 5.08 511.80 
-14.11 136.43 
-385.71 336.65 
-71.35 -120.32 
-143.34 -212.26 
115.08 337.00 
-254.76 -473.26 
519.78 107.57 
-297.91 -9.83 
-161.10 -448.98 
-149.09 -350.09 
480.39 197.82 
507.78 185.98 
-235.02 -12.23 
-356.23 466.14 
158.63 -324.44 
153.78 524.71 
-23.56 -178.40 
433.83 151.59 
225.77 548.19 
-323.13 376.94 
-66.95 17.58 
126.15 -29.45 
-395.98 -312.90 
-160.91 -536.61 
200.83 15.92 
-32.38 59.49 
163.53 13.17 
 7.69 -588.58 
