-141.13 -328.87 
239.22 373.19 
-73.30 -117.33 
-262.48 -8.54 
509.61 103.81 
-8.67 440.51 
-489.20 -220.64 
216.37 353.90 
297.15 -478.68 
503.99 19.19 
251.70 -434.88 
471.96 140.88 
-452.00 372.85 
-254.71 86.59 
142.56 569.76 
-158.56 269.99 
-12.91 -47.05 
-32.99 84.63 
-518.08 -2.99 
-136.00 559.76 
-244.11 36.57 
-165.96 346.03 
92.69 374.32 
-443.86 -223.13 
68.31 -561.97 
-216.30 -502.06 
-402.42 -339.08 
213.69 503.54 
318.65 404.83 
-304.84 140.74 
-527.71 -85.73 
-413.86 225.43 
110.58 544.92 
247.53 -224.43 
-111.57 -460.00 
96.94 -84.69 
-194.10 463.19 
519.66 -168.89 
111.01 198.39 
141.32  5.94 
-8.38 161.93 
-130.86 28.87 
35.51 141.16 
199.42 -2.01 
229.71 -71.83 
-48.43 216.33 
-268.38 -441.81 
72.30 -485.77 
61.97 -449.07 
-284.77 299.99 
517.29 41.09 
12.79 -422.49 
-52.49 24.71 
-115.91 -59.14 
215.62 -253.36 
291.18 116.60 
