358.58 -268.42 
474.06 -335.41 
 4.97 271.68 
141.06 -418.23 
-166.27 452.68 
-108.34 427.90 
-419.20 42.18 
279.55 -25.92 
-27.33 193.82 
570.81 -28.36 
504.98 -301.67 
480.19 -317.35 
-182.20 -530.23 
50.96 391.29 
-523.79 28.87 
134.44 525.07 
-480.07 -182.77 
79.49 -403.02 
510.84 114.92 
358.78 224.64 
33.60 544.31 
79.70 464.57 
-460.39 293.38 
112.20 -216.83 
109.67 62.21 
-84.47 184.90 
-102.51 83.96 
-47.51 267.90 
-480.78 96.59 
521.02 99.70 
-252.83 505.83 
-358.92 -77.01 
-79.02 161.72 
293.97 304.30 
307.14 488.80 
-322.76 83.87 
-306.76 502.81 
294.69 -395.16 
298.08 -52.15 
-276.07 365.69 
124.91 -457.58 
-386.80 -321.90 
-217.86 -40.17 
-85.96 46.38 
-62.65 206.05 
259.38 478.64 
47.16 12.85 
-151.31 407.84 
-173.63 487.79 
-166.24 345.48 
-199.36 -334.39 
-69.44 71.00 
-13.11 -302.41 
-202.70 44.87 
61.88 -103.65 
583.02 -78.83 
