67.66 180.93 
236.78 -295.95 
-163.50 -81.63 
-172.24 250.28 
-124.06 510.85 
18.06 -393.50 
204.54 -259.23 
-54.24 -284.30 
153.39 513.69 
91.35 312.92 
347.23 487.05 
-364.16 -134.77 
94.19 -586.00 
-266.81 484.49 
-375.58 78.60 
112.17 -383.82 
537.13 -151.35 
185.82 -40.45 
105.85 533.09 
-502.46 -211.86 
-479.79 100.18 
-106.09 493.62 
-230.35 -434.84 
523.45  7.09 
-55.83 -126.54 
597.43 -32.78 
-369.45 427.31 
-179.94 -560.79 
-396.33 -323.08 
360.15 139.77 
499.23 286.76 
-296.78 81.75 
-28.15 205.24 
-553.29 203.28 
-488.81 -83.43 
-225.56 -133.53 
-102.88 74.77 
84.69 -414.30 
172.66 536.70 
-304.17 36.61 
-132.56 -465.72 
-377.52 -33.66 
-269.78 -509.51 
-111.08 -225.12 
-293.60 -318.97 
-412.87 236.20 
83.40 -570.09 
407.14 272.49 
248.60 -186.29 
442.46 25.41 
277.92 -517.66 
-61.95 -260.50 
-130.59 -381.82 
118.75 -421.40 
-221.24 -36.60 
-225.10 191.63 
