183.07 124.62 
190.73 218.30 
-240.47 542.11 
 8.93 -264.31 
-32.26 434.63 
-121.40 -323.45 
-343.56 -32.24 
243.77 393.65 
-75.50 -62.23 
-309.93 -139.52 
-351.92 -51.91 
425.93 172.89 
537.61 90.86 
513.20 156.73 
-419.79 -213.60 
176.13 215.13 
-547.21 -8.56 
-323.92 -323.76 
191.95 -242.52 
25.06 -558.73 
-344.79 -370.01 
-152.44 557.51 
237.57 -491.95 
420.91 427.32 
429.68 15.38 
480.67 -235.93 
-152.45 136.76 
393.14 -286.65 
188.27 -222.46 
28.40 466.37 
270.97 159.75 
-101.62 140.38 
62.40 -218.19 
-3.55 405.45 
229.80 -403.08 
102.67 -97.50 
233.97 -148.50 
29.35 -318.55 
-77.42 248.08 
251.66 132.75 
 5.91 440.83 
210.11 -538.11 
-128.86 -62.63 
223.33 56.15 
45.48 -103.27 
-446.10 -46.53 
261.98 457.56 
145.69 254.67 
272.48 165.68 
-333.20 239.05 
277.89 -57.27 
167.46 323.66 
-159.40 538.29 
-478.26 -43.04 
110.72 460.32 
-332.67 -9.68 
