257.18 -43.63 
-84.78 -119.55 
 9.61 67.73 
-4.32 -300.71 
81.69 383.39 
-459.96 -174.09 
-78.36 -551.04 
72.17 -205.40 
-126.31 -113.14 
-209.73 -96.51 
88.63 358.40 
406.28 -285.01 
145.88 -225.83 
262.53 152.53 
-365.15 -343.07 
20.68 -245.13 
-118.33 437.40 
84.13 -463.50 
122.75 413.52 
-238.90 230.88 
-11.63 -99.61 
396.34 -422.28 
377.04 272.73 
177.00 226.66 
456.33 -372.65 
305.58 -22.95 
126.10 -9.55 
-551.66 -118.76 
-278.54 -356.85 
-101.17 101.86 
199.02 440.08 
-3.02 -370.21 
325.03 -479.03 
-184.31 -184.51 
306.78 -24.20 
-179.55 233.07 
-393.39 229.20 
-159.18 -460.80 
-183.82 -348.25 
-47.95 73.05 
123.30 -426.84 
-241.71 180.87 
205.87 -138.64 
-258.47 -185.02 
-189.65 432.49 
480.30 245.22 
306.04 -23.71 
 7.52 355.82 
-339.23 -380.16 
-49.70 -356.40 
-48.45 -551.16 
269.44 -500.58 
46.49 -263.05 
-16.34 554.07 
-321.04 406.51 
161.67 -480.46 
