-511.25 151.32 
40.28 148.63 
483.74 46.62 
-175.86 -507.02 
146.03 -50.35 
-515.38 -297.38 
132.42 -117.70 
392.70 152.70 
-493.81 -121.08 
-11.41 515.67 
-331.09 207.86 
184.30 -363.03 
-158.83 276.00 
-430.94 -274.94 
457.34 -245.38 
-206.45 -337.75 
-17.14 83.62 
161.06 136.15 
-20.11 163.27 
134.80 -555.07 
-115.12 -301.94 
-549.24 120.92 
-274.39 149.05 
31.48 -113.31 
117.36 -468.26 
-503.59 -120.66 
-193.40 346.22 
296.95 405.00 
187.57 398.54 
-210.49 -288.51 
-109.47 -346.24 
280.54 191.50 
-545.17 -185.36 
-228.66 479.76 
-62.06 -232.68 
351.59 398.19 
-466.88 125.11 
-435.85 -155.32 
-159.30 438.94 
118.82 -144.34 
-585.06 -107.13 
374.22 382.38 
156.91 340.20 
-44.72 99.64 
129.92 -37.45 
271.82 -431.75 
523.77 -69.10 
-258.65 -324.12 
-398.24 -252.48 
80.58 312.85 
349.41 -406.83 
230.66 444.08 
-598.88 -11.28 
-417.07 -178.29 
460.68 79.71 
26.18 -290.61 
