558.92  6.29 
575.00 -99.83 
-360.49 -101.87 
143.45 136.76 
-389.45 -45.53 
-325.44 46.14 
-282.90 -234.46 
-248.18 -50.55 
-166.58 79.28 
410.19 -36.23 
167.43 -442.09 
-285.98 320.48 
-19.59 -111.76 
443.57 -378.40 
-189.81 -202.64 
535.16 -92.54 
-59.98 -452.28 
255.95 -239.46 
305.51 380.26 
85.17 10.78 
-353.50 -268.13 
-571.00 -177.85 
-96.02 420.62 
-212.00 -375.44 
-336.07 435.03 
-154.33 -63.35 
590.31 -97.49 
124.69 -73.78 
-30.06 173.80 
-311.59 52.93 
-201.03 -89.97 
276.95 -513.81 
378.32 350.04 
-367.95 -162.66 
207.93 -435.35 
404.26 -338.73 
197.19 -336.57 
-15.66 -298.72 
497.55 -333.55 
223.16 322.87 
-61.15 572.85 
210.26 -159.16 
-473.94 -286.77 
-453.28 84.37 
-376.22 -274.48 
32.57 -217.65 
225.78 341.92 
-370.78 112.46 
434.08 -215.42 
-25.76 -463.20 
26.56 186.90 
-447.78 185.29 
86.06 -582.46 
-586.45 61.28 
153.36 -47.39 
350.48 439.81 
