40.11 136.90 
405.30 113.29 
-82.33 -117.61 
-435.30 -323.71 
485.00 248.98 
-420.13 -223.92 
-323.11 251.86 
-34.96 -177.37 
-112.51 158.17 
-133.68 -418.15 
290.38 123.83 
-186.11 -405.66 
-183.38 527.98 
286.93 -296.02 
432.42 -318.75 
418.39 -220.17 
170.19 -280.27 
-233.73 131.58 
-473.98 -294.26 
72.56 -122.47 
419.85 230.97 
 8.79 -166.31 
-450.38 188.84 
180.21 -72.10 
10.20 -405.61 
-76.66 -227.56 
322.73 -0.49 
128.25 215.10 
208.80 175.58 
-0.55 -311.74 
107.16 -417.19 
504.67 -162.09 
123.00 -346.34 
399.55 -133.91 
352.29 453.81 
-476.98 350.21 
-197.80 -31.84 
114.39 137.85 
343.15 -472.89 
230.59 541.38 
36.29 -481.37 
99.32 294.36 
-105.24 -88.57 
-236.69 67.85 
-362.69 -24.72 
308.72 444.25 
374.64 -63.93 
-334.95 186.77 
-156.25 536.67 
-23.71 -56.96 
44.96 -357.11 
271.23 -290.07 
-259.80 489.51 
549.85 -90.07 
-74.18 -303.76 
-239.25 385.82 
