-20.00 347.60 
161.71 -191.48 
126.07 12.76 
550.33 -31.18 
-344.87 120.02 
26.43 107.26 
-195.30 553.72 
-10.96 108.75 
-287.03 97.62 
-324.14 -416.54 
-156.02 -483.35 
22.39 -523.14 
-236.22 496.28 
-203.98 -330.75 
-449.53 -393.22 
184.62 -437.65 
-174.45 495.27 
70.44 188.05 
307.91 375.59 
146.27 507.84 
138.64 382.44 
-443.66 -337.09 
-127.07 -407.97 
-99.13 60.75 
-287.16 -421.99 
155.09 492.52 
210.60 -275.23 
427.46 -101.50 
-129.48 520.23 
102.75 398.03 
328.76 -472.70 
-418.14 -87.36 
144.65 -242.65 
-260.54 -502.79 
187.28 41.68 
429.69 80.59 
-150.14 314.22 
-47.98 310.79 
-45.96 -393.36 
-406.20 403.08 
-531.63 -40.19 
-579.34 -45.03 
-379.38 -273.01 
87.39 367.16 
-552.65 -62.40 
18.89 225.74 
109.11 205.19 
 0.48 14.12 
433.06 -401.31 
513.49 -58.58 
-366.46 -273.85 
-172.21 72.58 
276.92  4.22 
381.02 225.43 
72.91 433.95 
114.53 -423.73 
