416.56 -399.61 
136.79  4.24 
266.58 484.28 
422.41 212.64 
-243.11 -444.06 
544.04 133.98 
273.00 457.13 
171.66 -447.96 
-300.05 -287.50 
350.02 -423.85 
446.60 97.41 
-500.72 284.77 
-22.81 268.76 
243.60 -308.68 
-361.50 -427.60 
-43.02 124.86 
203.50 410.11 
432.93 169.18 
148.66 -515.48 
-42.39 253.56 
450.35 284.39 
300.12 506.75 
-366.03 -342.66 
211.64 -500.91 
-474.99 262.24 
-6.63 187.76 
253.74 463.74 
-249.31 -491.22 
-275.04 369.86 
-260.99 100.19 
53.96 476.07 
384.13 -398.79 
340.78 104.81 
362.37 444.64 
-484.48 -343.23 
-283.16 111.94 
374.24 203.80 
54.23 263.96 
-138.20 -302.99 
166.99 -4.68 
-158.58 -354.08 
-155.00 -424.37 
33.45 -88.68 
-560.52 -132.97 
321.76 -173.03 
-21.84 302.70 
503.53 67.29 
-214.81 47.60 
-148.43 189.43 
-133.41 407.60 
 3.17 -26.13 
-105.25 435.12 
-170.09 395.85 
-387.21 -449.87 
-109.89 515.28 
558.38 -76.79 
