483.61 -258.47 
275.37 -237.74 
205.43 554.12 
-104.14 538.04 
65.93 430.84 
512.26 -97.60 
-0.70 -294.64 
488.38 135.25 
522.96 70.19 
-142.47 484.13 
-367.49 82.48 
-90.76 446.45 
111.41 54.70 
 8.47 396.44 
569.20 77.08 
451.94 -224.04 
-428.02 342.38 
71.92 278.36 
-402.24 -113.60 
266.48 531.48 
449.71 -139.70 
519.10 78.40 
-388.53 -301.46 
-387.55 -449.70 
-339.88 -365.48 
579.25 -37.74 
142.71 520.59 
190.09 91.68 
-6.88 551.35 
-180.91 116.88 
-231.94 410.32 
-458.49 83.65 
171.54 49.45 
292.40 276.22 
291.32 396.52 
-141.62 -272.49 
-267.18 259.67 
551.21 20.71 
-342.44 28.11 
 8.64 266.28 
382.23 303.18 
418.24 -205.82 
-146.84 -193.87 
174.18 -263.06 
-446.35 386.33 
237.32 113.06 
233.67 390.48 
70.15 -316.87 
-37.94 221.14 
292.78 490.97 
-358.82 -280.41 
582.99 106.78 
529.44 11.61 
-324.54 -74.15 
393.91 -7.78 
-146.09 434.11 
