-249.58 -133.44 
62.92 -473.00 
-201.35 236.39 
-432.98 -223.96 
-307.95 -101.47 
114.37 102.64 
93.50 549.91 
526.29 -186.87 
-82.49 -196.54 
-190.66 312.06 
-67.77 150.09 
-81.26 16.71 
-453.70 -359.14 
-428.02 -59.04 
41.54 88.40 
70.64 -574.63 
-335.66 15.37 
275.90 444.99 
523.46 190.98 
456.40 112.22 
151.61 -268.39 
363.29 16.96 
200.10 473.41 
47.52 -105.03 
352.39 -268.29 
348.46 -34.14 
-358.48 -178.73 
333.67 -213.56 
135.45 -338.06 
130.61 154.16 
130.54 -337.02 
446.41 342.47 
-476.53 -134.55 
435.93 229.18 
447.60 196.20 
326.59 -94.82 
-258.51 -510.48 
137.65 -124.44 
256.25 -357.26 
-222.57 507.84 
-67.97 422.42 
561.44 -156.39 
-325.05 -212.43 
237.75 -283.87 
-9.81 -236.76 
47.90 -429.31 
-175.68 -526.65 
-139.64 366.62 
553.40 -177.04 
381.96 -56.02 
135.74 129.66 
-312.69 -118.94 
-357.32 -65.10 
290.53 -206.66 
30.41 14.41 
-367.63 55.53 
