-119.10 181.66 
161.61 76.96 
231.63 328.12 
196.71 -520.29 
-444.34 279.45 
-138.68 -320.30 
-511.78 -280.29 
-417.24 252.51 
-123.61 541.85 
365.24 -258.25 
342.52 379.34 
40.85 11.27 
297.56 420.44 
 3.77 -322.06 
-72.31 120.06 
-23.63 597.62 
220.44 350.90 
-324.62 -272.77 
-394.66 -391.07 
383.19 -56.00 
-222.69 -270.12 
214.78 307.43 
337.03 -467.45 
245.22 261.38 
-219.28 -66.06 
313.01 -400.87 
23.64 -310.06 
424.47 -349.41 
382.90 -5.31 
441.11 119.16 
289.36 114.63 
-8.90 297.17 
38.88 459.75 
189.69 -108.91 
384.53 277.40 
268.82 426.41 
225.69 -259.98 
-254.88 -121.32 
343.78 -402.84 
179.30 -198.62 
-221.94 -536.11 
-318.52 181.19 
-82.58 554.89 
191.09 -409.36 
155.01 30.74 
216.47 57.10 
-530.30 136.44 
-53.40 -242.25 
315.26 -470.74 
249.62 -160.98 
467.68 147.98 
380.07 -27.32 
-429.45 115.36 
394.09 -177.65 
387.89 264.33 
-483.04 215.14 
