-331.41 -303.81 
-89.76 58.85 
-440.72 82.44 
523.36 -265.30 
-536.39 -126.20 
228.91 31.79 
-370.42 122.44 
-255.17 411.60 
106.55 -306.04 
400.49 426.27 
-182.52 -263.83 
-438.56 354.15 
269.38 -425.01 
-147.13 160.19 
-128.24 140.98 
412.71 -353.90 
280.10 262.84 
465.46 271.74 
-584.06 122.22 
-7.97 -355.08 
68.23 538.82 
-450.85 -349.42 
-109.27 165.61 
-97.91 435.81 
124.23 -411.03 
87.57 234.78 
-292.80 166.16 
75.18 358.55 
366.60 359.12 
-300.38 -445.53 
169.70 -199.35 
178.60 147.70 
339.72 -326.29 
137.57 70.65 
-376.07 -248.67 
-317.93 -22.89 
-32.42 -69.02 
-77.67 -90.35 
101.21 149.43 
-490.99 114.34 
258.52 -133.76 
528.23 31.33 
-525.65 -281.47 
-273.12 -272.78 
-162.30 -413.34 
-42.98 593.49 
134.79 -420.19 
-102.40 -508.40 
473.25 271.61 
67.39 -459.59 
 1.74 -401.81 
-483.27 -75.07 
114.47 -189.27 
250.74 219.47 
-143.05 -447.49 
327.64 386.94 
