199.03 287.00 
501.94 103.83 
285.16 -170.41 
542.11 120.20 
559.27 107.12 
-282.61 -270.53 
155.92 481.63 
349.27 -93.24 
-283.22 252.83 
210.04 -238.19 
68.31 -302.32 
150.24 -507.67 
206.22 499.19 
166.93 -258.96 
88.86 -58.91 
-117.61 570.34 
201.78 563.45 
-372.03 -158.62 
-198.70 246.05 
-419.12 -118.32 
-531.31 -19.14 
-41.61 21.94 
236.61 276.14 
-49.83 -441.95 
208.66  8.20 
581.20 26.40 
-227.34 386.12 
61.81 361.95 
90.83 -347.09 
-572.38 -160.80 
360.22 281.17 
-142.57 217.32 
206.98 272.00 
-135.85 -198.60 
313.64 145.12 
321.25 205.04 
85.30 279.97 
-192.28 -323.92 
432.60 -54.44 
296.40 -514.00 
71.74 -118.86 
252.93 461.94 
483.85 48.22 
-166.12 78.50 
319.18 -164.10 
439.70 279.27 
-167.13 -21.90 
20.39 -259.26 
-360.95 -100.19 
84.27 -47.16 
-444.36 -160.67 
334.25 415.01 
95.33 307.37 
-209.72 153.13 
356.64 226.61 
-207.48 -71.86 
