160.98 152.02 
247.15 -543.89 
390.98 -370.50 
559.26 -49.67 
44.54 569.06 
-350.35 -474.96 
139.86 -541.00 
-144.94 -195.68 
-146.05 55.81 
25.38 77.09 
-322.97 -81.25 
-43.74 39.05 
340.03 -226.65 
493.27 -150.08 
263.64 -481.32 
404.66 384.55 
322.15 -407.94 
-340.43 -349.78 
316.62 -102.12 
-239.70 -126.50 
-322.14 82.11 
-301.81 293.38 
316.20 -314.69 
-133.55 556.52 
241.31 -324.68 
-246.58 -295.16 
232.58 -294.84 
-365.36 143.91 
-128.20 126.75 
237.46 -433.86 
-278.59 400.26 
-475.41 12.63 
-193.54 -282.50 
-218.29 -210.59 
-368.90 -288.44 
525.71 172.75 
-263.69 -108.46 
477.31 54.52 
184.36 -384.52 
175.18 -97.04 
-73.17 -285.12 
451.19 -205.36 
430.30 316.30 
474.81 -329.61 
-385.22 -67.61 
-440.46 -23.52 
231.79 421.96 
125.92 499.39 
-112.55 -27.97 
343.18 -281.37 
217.96 212.57 
365.72  4.68 
418.56 -215.75 
-135.28 -209.57 
463.42 221.76 
446.92 77.08 
