27.44 406.45 
252.14 -363.78 
-423.79 -407.61 
-281.43 -522.93 
462.44 271.79 
-241.71 255.29 
-96.18 26.04 
29.08 -189.28 
-187.59 -547.93 
406.55 24.11 
-530.09 -69.85 
-109.46 -135.79 
-29.02 28.19 
325.37 -323.16 
-456.16 -120.40 
50.63 570.53 
-411.36 -218.05 
-200.27 -101.70 
-161.05 159.18 
-465.83 235.84 
-22.60 -561.55 
-276.30 -252.91 
-185.42 -127.84 
-519.12 61.31 
-422.51 228.60 
120.65 -373.68 
-253.07 477.52 
206.91 -363.66 
516.83 -64.94 
446.98 35.89 
-437.12 161.42 
-116.26 326.40 
145.95 -466.66 
-41.73  8.88 
-77.85 -240.25 
-412.53 -166.54 
 9.63 396.90 
72.78 -391.16 
384.25 -253.91 
207.92 -48.92 
-88.29 188.32 
271.71 -171.03 
-35.75 -322.63 
-279.04 -128.31 
-42.79 526.91 
-260.75 174.00 
17.67 136.79 
-470.30 36.30 
136.99 20.33 
237.40 -127.42 
-148.14 -332.01 
-74.94 168.40 
355.89 -303.22 
-380.51 19.14 
281.89 -308.56 
227.27 -260.81 
