547.69 70.73 
 9.49 81.65 
-148.11 -206.15 
244.47 -76.49 
-39.91 -261.92 
129.95 -422.76 
363.37 219.97 
387.90 -141.60 
-382.29 -53.98 
556.73 106.11 
-249.20 123.62 
-588.38 14.44 
-44.42 451.14 
499.58 69.54 
174.18 -303.39 
-519.58 -281.80 
82.99 -485.62 
117.58 155.64 
-20.24 -563.37 
156.78 -335.70 
282.63 176.79 
18.46 -321.54 
178.99 -529.29 
318.50 280.87 
-313.02 -21.22 
-227.37 44.42 
-489.76 152.03 
-196.97  0.48 
-268.81 -207.85 
44.78 210.07 
521.89 248.44 
73.74 480.13 
-223.17 -402.46 
34.81 -46.12 
172.94 -52.92 
-184.85 -37.31 
236.50 -488.46 
-548.68 139.48 
455.84 31.32 
308.77 129.80 
-84.75 580.72 
88.93 83.18 
-522.32 -89.83 
-393.79 220.08 
223.38 -180.79 
-324.51 455.89 
183.78 -564.60 
25.35 -111.46 
-192.69 -254.78 
456.33 -220.80 
244.03 52.32 
352.96 409.53 
415.19 71.68 
-262.42 418.33 
-172.98 449.09 
349.22 -93.42 
