129.31 -181.62 
272.48 224.53 
-181.47 -537.30 
-72.93 -159.97 
214.19 474.29 
110.01 94.01 
-9.36 -162.46 
-16.40 31.99 
-47.34 210.71 
-348.17 -157.08 
154.70 52.23 
36.47 268.86 
-338.21 98.20 
-292.42 341.22 
569.43 -53.65 
240.46 -115.59 
439.54 343.83 
-179.48 -69.95 
-142.30 -146.28 
330.24 -276.81 
-421.93 -101.76 
159.40 -17.90 
277.31 330.49 
401.77 241.81 
522.23 -225.52 
-158.83 -300.15 
-542.34 255.82 
-295.63 284.64 
213.97 457.20 
480.27 -296.14 
-485.20 -36.11 
281.45 256.86 
-283.06 -157.51 
437.65 127.38 
-164.65 168.96 
80.97 -6.87 
429.56 320.69 
170.63 -407.03 
-96.45 -464.03 
-526.85 -35.74 
72.52 222.96 
-521.34 276.12 
-508.29 305.18 
24.57 240.28 
217.77 -314.12 
464.74 191.03 
582.74 -9.51 
576.62 38.57 
246.76 -374.80 
492.73 322.99 
461.13 204.21 
-273.26 212.64 
405.20 31.26 
-407.32 -392.52 
354.85 -191.52 
-492.38 -291.56 
