-27.34 -211.56 
-226.43 82.67 
-391.55 -195.06 
-217.32 -109.94 
411.45 250.30 
-69.33 344.01 
534.58 159.97 
-117.19 -135.13 
-366.79 -111.37 
-188.06 -153.47 
25.94 -537.54 
-257.36 -97.68 
-210.85 504.76 
-46.24 -539.99 
308.03 -16.61 
-264.59 -155.53 
-96.23 -371.53 
-388.23 121.68 
-431.87 -316.87 
-437.09 94.91 
-163.09 88.32 
-193.92 211.31 
338.23 291.64 
273.02 415.39 
-396.21 209.64 
73.84 465.35 
-320.02 269.71 
320.84 424.86 
-117.57 -365.57 
-256.53 325.80 
-223.29 -420.53 
-237.63 243.40 
-29.63 39.93 
336.31 107.78 
-418.70 343.65 
164.00 534.15 
313.22 479.89 
332.04 23.53 
-477.65 -85.51 
-519.96 209.79 
59.64 465.05 
-115.47 -180.82 
203.96 -89.04 
259.22 -487.55 
168.17 -423.37 
-541.31 140.05 
-406.36 290.68 
574.52 106.74 
165.89 -273.11 
496.36 80.03 
79.79 -103.01 
-400.31 -66.79 
-180.25 241.91 
69.07 220.12 
-511.65 -28.89 
-158.03 65.94 
