159.77 -325.31 
-449.36 -354.19 
357.70 166.80 
-335.43 58.89 
-384.31 54.45 
-236.17 517.09 
-107.83 417.11 
-231.85 227.68 
-340.50 -88.12 
268.94 459.29 
-186.49 -424.01 
73.34 -280.48 
86.37 -552.99 
381.51 342.97 
539.26 -9.74 
-257.00 -358.54 
130.36 89.80 
-267.95 -267.08 
-109.53 60.08 
75.68 285.42 
-374.84 444.24 
368.79 -164.88 
-5.97 368.49 
514.29 130.03 
-108.24 -238.61 
-227.01 -149.34 
233.60 115.24 
-478.49 -207.15 
-377.07 -273.42 
-276.20 -484.29 
-153.21 -8.43 
-196.18 506.27 
513.84 -87.28 
-313.65 -211.47 
57.12 174.77 
-335.95 -248.28 
372.52 -214.19 
205.93 346.63 
450.65 140.83 
88.72 -25.25 
-121.02 -140.43 
-263.04 -187.33 
-97.82 134.03 
132.81 -229.14 
-153.25 -5.04 
125.76 265.13 
485.55 -343.79 
84.91  8.05 
33.64 182.54 
-405.80 227.12 
-232.37 -439.99 
-101.95 324.96 
-440.02 335.43 
87.33 412.43 
369.46 460.15 
-14.02 -296.20 
