34.90 -136.64 
479.55 338.17 
445.80 -393.83 
215.39 450.93 
351.87 -378.44 
-233.94 504.68 
318.34 -305.11 
306.55 464.93 
125.61 -272.71 
-511.17 -254.91 
218.80 31.11 
385.58 182.58 
499.22 52.49 
210.18 -69.35 
-172.02 143.66 
87.74 149.26 
346.00 126.88 
22.01 -52.87 
-363.55 239.68 
388.03 -138.84 
39.24 287.58 
-39.32 -356.37 
-47.48 129.26 
-278.90 -472.16 
-170.65 -208.23 
-554.31 -141.52 
-185.35 -61.93 
333.13 394.33 
364.91 130.00 
-6.60 -469.76 
130.80 113.49 
185.70 -375.11 
564.07 162.66 
394.12 118.32 
410.10 -240.57 
-119.07 -177.06 
-224.23 -106.59 
161.00 105.68 
-137.88 435.45 
-176.93 -130.98 
-256.79 -87.47 
-202.88 486.74 
373.64 -459.68 
-209.28 172.20 
-518.18 -155.45 
145.31 -56.50 
-581.04 52.44 
-183.36 118.38 
106.70 95.54 
594.35 13.79 
538.86 -134.05 
74.37 302.06 
588.87 -44.61 
-459.65 62.65 
413.41 -138.38 
-290.55 -303.87 
