466.23 325.64 
308.02 -130.26 
213.75 177.69 
-271.22 461.63 
501.46 254.63 
-252.02 144.11 
573.70 -142.53 
-436.02 41.60 
299.70 440.02 
425.48 -364.54 
-23.41 -441.97 
107.34 130.82 
-345.68 337.00 
-243.75 -532.52 
-73.64 223.55 
-277.62 11.15 
455.48 -126.84 
492.54 -236.39 
-434.82 -183.79 
-267.35 103.21 
45.55 188.55 
-420.61 -11.34 
70.37 23.67 
-382.67 -250.08 
86.11 268.20 
-159.00 -193.98 
-419.30 -284.22 
-73.48 -394.16 
-110.23 73.56 
-46.90 -73.62 
-280.91 490.57 
287.11 -225.09 
-186.72 353.14 
151.23 -507.35 
-158.79 -109.16 
514.71 -42.84 
-163.41 502.12 
-518.97 -296.28 
 9.34 -135.75 
108.51 -323.58 
-336.48 217.05 
41.58 -487.23 
-62.03 -122.86 
-438.14 -50.69 
192.99 -387.61 
146.76 533.77 
-13.29 -380.41 
-198.59 -478.24 
-283.43 184.29 
52.10 -235.89 
-32.42 240.74 
-262.03 24.08 
307.03 -110.08 
-194.58 -435.44 
246.16 343.14 
-556.30 160.81 
