448.53 -99.98 
520.76 16.80 
-355.46 -212.30 
273.51 -323.35 
223.34 -72.64 
179.11 -364.55 
283.45 -506.23 
-289.57 -298.77 
413.88 49.15 
-378.48 280.97 
-20.13 -119.09 
 4.39 -413.10 
-321.14 115.30 
-116.49 152.51 
-82.75 367.24 
163.77 163.79 
347.96 227.43 
-433.50 -276.60 
233.78 -293.74 
-204.23 -135.64 
65.26 -362.39 
-119.00 -87.10 
64.87 -338.46 
440.96 39.29 
-296.09 323.74 
376.49 436.62 
87.25 -50.15 
-242.97 -159.85 
192.87 403.39 
427.57 -120.45 
-193.70 277.59 
368.95 -81.99 
169.48 -473.34 
231.55 -274.90 
255.05 150.85 
336.47  0.90 
458.18 -183.42 
 5.12 -297.95 
170.96 287.95 
87.38 -389.97 
-167.45 465.99 
368.78 -216.93 
434.83 -201.69 
40.98 -442.15 
-45.53 358.39 
-9.52 250.11 
261.57 -232.27 
-376.68 -16.95 
-24.10 512.40 
-143.77 -563.68 
30.43 -15.71 
556.46 211.94 
-473.29 -92.06 
-382.78 -93.08 
-217.02 404.57 
-326.06 414.69 
