427.78 86.15 
-268.04 204.48 
-11.89 -177.16 
404.84 59.97 
371.83 -374.82 
234.68 -445.46 
394.49 343.37 
-241.37 328.06 
551.56 -118.80 
-182.39 -105.53 
26.62 -188.31 
525.99 -281.70 
49.37 117.66 
-427.42 -364.82 
-290.24 -23.85 
184.94 -509.29 
277.28 274.32 
-241.64 407.79 
180.27 262.79 
-0.27 156.45 
251.51 166.57 
143.93 -342.74 
74.26 332.31 
302.73 128.37 
-127.29 293.98 
94.21 -23.52 
-368.36 406.34 
-570.27 144.47 
148.78 -194.60 
-583.43 -76.14 
580.43 13.97 
288.49 -426.42 
-454.90 323.25 
298.47 37.68 
29.39 -301.14 
-512.80  6.56 
-508.93 -23.60 
-505.23 230.41 
-368.77 393.34 
-376.02 -453.35 
-157.33 238.17 
 5.76 -296.31 
-430.34 -264.65 
108.45 -198.69 
-168.06 -122.10 
27.88 155.49 
-34.27 -130.55 
110.15 231.14 
-433.84 -366.42 
-183.96 147.02 
-299.04 449.23 
-226.70 330.10 
-87.86 326.51 
99.19 -402.20 
163.49 -122.74 
32.03 -241.85 
