-130.38 -25.08 
355.86 -312.85 
59.28 -135.06 
307.72 324.53 
30.70 -391.60 
-139.32 166.21 
-321.19 -459.27 
-45.75 256.55 
520.59 95.87 
-141.22 182.19 
-592.05 69.80 
-217.33 341.16 
237.00 208.72 
-58.69 307.27 
41.48 370.23 
 9.62 322.75 
47.71 448.54 
-324.97 465.11 
-243.78 -475.55 
199.40 -403.98 
25.20 299.14 
147.28 -198.76 
-407.48 399.32 
241.09 450.66 
292.73 219.05 
-508.93 250.03 
114.08 -60.11 
-58.18 224.23 
239.54 45.22 
-44.42 -515.88 
-369.73 44.43 
135.98 354.24 
594.05 -1.71 
-521.76 -213.30 
-116.11 282.52 
44.71 220.81 
329.96 369.11 
54.85 -346.22 
-212.39 469.32 
97.44 -559.05 
-106.71 -356.14 
170.72 217.34 
120.15 586.80 
79.25 361.85 
394.52 399.13 
-152.21 46.90 
-450.42 133.25 
462.03 147.55 
124.52 -424.80 
378.20 -283.16 
-302.38 190.19 
-71.02 512.38 
217.98 145.22 
 7.05 91.26 
436.69 131.63 
118.02 -32.06 
