-206.40 232.65 
319.06 -289.63 
-65.12 105.83 
387.44 68.37 
-295.51 -231.57 
370.31 297.09 
210.21 -478.01 
-59.63 -280.29 
383.68 -348.14 
382.06 399.76 
-368.89 366.44 
-138.37 -407.74 
232.84 98.41 
487.30 -16.32 
486.27 -300.07 
555.42 -223.47 
-57.85 -526.27 
304.98 -4.92 
26.35 127.73 
-22.20 -103.47 
-355.45 -216.59 
-397.88 334.39 
319.47 -109.13 
-227.51 431.09 
144.12 56.86 
457.12 -130.13 
403.73 -220.62 
-301.72 -173.52 
12.93 -253.63 
142.33 268.85 
239.38 163.78 
-528.98 -166.47 
160.72 -363.98 
285.62 369.35 
174.46 85.93 
-390.74  2.32 
 5.19 -301.87 
513.95 254.36 
-147.68 40.42 
-339.15 -141.89 
342.65 -165.38 
-410.06 161.80 
524.82 -234.35 
399.16 47.21 
29.18 83.72 
-271.86 -420.10 
-127.00 106.87 
-52.25 -225.92 
72.90 -112.90 
-236.15 215.67 
505.67 -197.79 
-191.13 -100.83 
-410.27 316.16 
116.44 437.14 
134.69 387.05 
-57.44 -148.55 
