 6.00 -547.40 
-138.51 311.52 
-27.96 -464.87 
-333.16 355.84 
347.87 -259.11 
163.57 -567.38 
-318.27 298.40 
161.90 445.82 
135.86 32.75 
-26.88 -153.60 
-271.48 475.64 
200.39 166.69 
52.63 82.85 
-42.85 60.43 
22.29 -463.08 
-224.63 -466.52 
-488.04 -40.32 
-103.18 -520.05 
-310.83 63.44 
218.41 -435.36 
546.93 161.47 
216.21 388.31 
-275.18 326.35 
-96.98 274.43 
118.47 -442.82 
597.94 44.81 
-194.08 -295.66 
399.42 130.32 
-150.40 549.21 
-238.52 -320.73 
104.48 -569.61 
-300.26 405.89 
-281.61 -392.67 
179.31 -404.31 
83.37 507.57 
-170.88 241.17 
-132.83 348.60 
172.34 512.65 
-56.91 372.23 
151.14 -413.22 
127.32 151.99 
386.00 287.78 
264.52 -259.75 
-358.94 -412.86 
419.24 -100.39 
-139.27 56.66 
-358.43 -117.74 
284.78 323.05 
390.45 137.40 
-130.40 -564.62 
-289.68 -449.14 
-392.47 260.85 
28.00 -527.59 
-6.88 547.17 
438.66 -378.32 
342.31 -132.50 
