485.41  9.40 
-30.61 -258.74 
187.49 -280.68 
-117.52 -346.73 
106.61 576.52 
-153.25 -108.23 
457.08 -190.89 
309.19 156.89 
71.92  4.46 
-86.55 140.80 
476.57 300.90 
267.59 150.33 
-96.49 -325.78 
-335.00 -311.01 
451.43 -29.59 
-74.60 -157.56 
114.02 456.99 
169.14 280.39 
154.70  9.05 
-44.13 174.42 
-162.88 529.90 
381.54 -390.95 
-303.04 78.17 
117.23 -180.68 
-166.67 280.96 
-324.89 390.10 
117.44 -476.79 
398.65 76.05 
116.52 -161.36 
-194.01 251.58 
177.57 -421.70 
395.13 -38.57 
-72.87 -313.17 
276.76 -99.37 
-243.56 -153.89 
470.30 267.75 
-150.59 260.00 
289.42 350.93 
508.49 -3.57 
393.43 355.77 
-294.70 -515.07 
-139.97 -445.95 
-233.29 -358.01 
-439.05 -121.71 
-525.68 283.56 
-70.65 -521.74 
25.66 424.95 
530.07 54.08 
-16.15 137.78 
101.18 -26.76 
110.06 -327.92 
205.20 -71.19 
-525.34 238.06 
-11.38 394.04 
155.71 547.94 
-126.75 548.19 
