481.69 182.67 
-484.77 245.31 
259.51  4.32 
166.83 545.85 
-73.50 -93.82 
172.28 42.83 
157.42 -346.33 
511.71 31.61 
-167.13 -256.89 
-113.17 29.14 
-451.21 -87.96 
138.66 -31.09 
430.89 40.52 
331.85 294.23 
-343.66 -82.13 
494.61 336.83 
307.11 -427.57 
22.25 -246.20 
-16.09 366.43 
-225.22 -193.88 
-125.75 -430.63 
-300.67 221.60 
373.67 -457.28 
-438.46 290.51 
-370.94 -431.19 
153.59 -59.58 
-525.23 -42.33 
-9.14 -470.04 
229.68 -491.47 
-552.83 170.68 
-122.73 -1.56 
-158.62 -329.70 
 9.58 -504.20 
133.81 68.97 
334.24 105.20 
252.57 117.11 
-64.07 -107.80 
-377.77 178.94 
220.02 541.51 
 6.40 -37.65 
151.79 436.88 
-239.48 -440.07 
-536.30 -158.17 
331.37 -200.79 
487.98 -76.05 
183.54 -64.35 
-289.22 434.17 
-232.49 -394.75 
264.48 381.29 
-399.74 119.31 
-474.03 -10.01 
-153.88 -201.35 
-541.42 -77.83 
123.57 -238.44 
239.21 425.05 
11.91 406.79 
