223.85 -136.35 
72.84 381.81 
252.64 -477.29 
179.60 -344.00 
-257.33 -463.28 
522.42 205.66 
-139.45 -443.96 
-45.12 -322.24 
-19.23 398.72 
-275.02 438.40 
-83.17 -433.29 
-42.45 89.17 
-187.22 -294.96 
-518.17 59.85 
-469.98 134.59 
-318.19 359.23 
370.00 422.85 
199.17 -330.32 
-575.81 -54.35 
-164.92 -160.31 
133.13 574.20 
-117.07 36.13 
-187.70 557.94 
16.19 -176.97 
-257.41 98.17 
-91.14 -82.42 
373.03 -280.82 
112.82 567.16 
235.19 -23.20 
-320.62 316.28 
161.77 -116.35 
292.96 -161.85 
-116.57 -190.05 
11.43 -336.77 
-309.11 -145.53 
-423.40 197.05 
-552.72 -120.55 
420.69 -296.53 
387.95 323.77 
-437.12 281.19 
-315.63 -238.72 
193.93 -217.96 
-422.38 123.91 
401.65 -371.99 
 5.19 -389.74 
52.02 514.34 
-140.44 144.85 
-109.13 358.76 
-398.25  9.43 
-172.21 242.79 
-32.69 352.61 
283.95 -493.39 
-244.47 -321.70 
-173.60 428.32 
-443.65 77.38 
328.04 -203.69 
