392.89 252.97 
-97.32 461.57 
262.57 -52.31 
148.06 -173.41 
34.47 -151.44 
95.34 -422.56 
586.49 14.03 
509.92 -39.12 
493.86 -294.43 
-106.80 -20.53 
-434.37 -296.64 
411.97 225.46 
-266.15 204.42 
479.81 -37.01 
170.92 -157.73 
98.09 36.72 
-110.80 -440.14 
283.46 20.56 
535.77 209.44 
556.14 94.40 
-85.81 136.42 
-110.73 258.54 
-555.33 166.17 
-422.13 -189.37 
233.58 69.26 
271.14 -135.40 
-397.52 -110.41 
457.40 -271.23 
-400.08 -321.74 
-341.39 450.39 
-114.84 455.28 
-310.52 -50.36 
355.56 200.73 
-280.59 -420.56 
-296.88 -256.82 
350.87 -52.48 
122.90 383.30 
212.84 384.82 
-240.11 281.80 
-232.40 -478.70 
266.12 -9.19 
501.98 254.41 
-396.85 -320.30 
-310.66 340.81 
56.77 474.10 
-375.30 -128.15 
-216.84 -221.48 
332.76 -469.14 
30.57 -284.72 
-72.20 -538.37 
-290.87 219.79 
224.82 -79.52 
-445.09 296.98 
188.37 213.76 
396.95 -87.41 
272.99 388.08 
