365.38 -243.28 
-91.18 170.76 
-544.12 -143.33 
181.56 57.28 
-90.97 218.11 
-239.54 -260.42 
88.65 144.69 
-64.30 509.28 
-375.79 -462.92 
-423.55 319.21 
189.60 -413.77 
-67.59 -313.48 
-70.18 -235.86 
-532.54 97.94 
-168.99 381.15 
-497.74 18.64 
-190.59 -55.23 
539.59 -69.39 
-225.57 -200.51 
85.87 -462.30 
-158.95 -109.79 
293.42 398.00 
-365.24 425.94 
134.46 361.12 
170.33 372.04 
-218.39 -171.05 
216.83 -184.42 
-324.19 -190.64 
523.56 -119.20 
241.15 -223.52 
573.13  7.29 
-234.58 -521.83 
-388.71 178.29 
-266.47 469.51 
-376.93 141.51 
-237.25 -159.80 
177.54 11.36 
62.07 211.31 
-71.72 185.32 
-370.74 -304.80 
305.96 -202.12 
408.29 133.67 
-153.84 287.25 
-126.43 521.15 
-34.06 305.17 
91.56 548.46 
-184.10 497.80 
-134.82 495.51 
-2.82 -129.93 
-166.70 -304.32 
-409.58 -270.77 
400.77 -160.17 
503.97 293.41 
-42.86 -359.88 
317.82 -185.27 
149.42 -63.10 
