-405.36 -396.52 
-546.07 -145.65 
 8.27 401.31 
-509.47  9.95 
-155.50 153.92 
-364.77 -71.49 
-358.81 198.23 
-23.78 -333.49 
-506.23 -317.66 
192.27 -360.09 
100.75 -115.00 
-105.14 -390.46 
49.54 -120.82 
-533.47 268.00 
562.76 -185.31 
499.76 -10.77 
-200.11 -26.81 
-102.37 -551.20 
-125.62 289.17 
241.89 75.10 
432.93 -273.88 
122.60 -317.90 
203.01 -253.09 
-503.59 -255.20 
194.75 269.63 
370.79 -314.77 
-138.27 506.32 
542.05 10.24 
-77.42 -433.63 
-365.90 23.75 
-282.94 -387.35 
-408.86 237.74 
190.93 -128.45 
 2.53 -500.92 
-323.38 -78.49 
464.33 -105.72 
449.13 93.99 
-332.32 101.59 
-481.64 -77.33 
128.55 505.70 
-458.97 -258.08 
467.50 125.66 
-525.51 71.98 
-215.69 203.87 
-77.48 -395.52 
-348.56 477.95 
136.37 455.49 
508.14 -56.68 
-239.36 222.64 
22.21 306.28 
36.18 445.45 
82.80 -438.94 
-328.13 45.97 
393.15 -395.60 
40.40 38.77 
-528.90 -200.61 
