-355.29 -452.60 
72.88 189.10 
224.11 353.99 
156.51 -493.37 
-71.66 -149.47 
305.50 131.00 
-526.23 44.54 
-7.22 -462.67 
165.61 -130.70 
343.13 -473.10 
129.69 194.73 
-17.72 -583.27 
553.52 -181.77 
396.72 386.89 
-175.40 -226.52 
527.42 -238.86 
-348.65 206.62 
-77.43 555.48 
-85.35 448.57 
333.56 284.95 
463.32 295.26 
-98.40 -423.30 
-283.56 306.42 
-183.85 -11.67 
-484.54 345.45 
510.40 -221.47 
-12.67 313.01 
291.07 47.69 
326.42 -97.29 
-481.83 -264.14 
127.08 178.16 
287.72 -74.52 
255.61 -379.28 
-176.18 538.12 
462.94 214.98 
-140.28 -249.66 
197.35 -412.39 
-483.04 -301.45 
-39.61 -391.35 
195.56 205.44 
371.39 -317.44 
-131.51 320.30 
95.89 -458.98 
308.66 -319.51 
-517.24 191.63 
256.80 436.76 
367.82 331.87 
-30.43 400.19 
-301.79 -114.03 
25.22 -256.18 
-17.44 -366.02 
-366.54 -207.15 
-251.41 60.82 
-290.52 -212.55 
56.89 -19.99 
408.03 -288.39 
