132.31 365.77 
-63.78 -92.26 
120.06 -499.26 
-260.15 255.70 
145.50 -272.22 
-472.13 240.46 
-190.39 432.60 
-29.48 324.72 
197.39 231.50 
-228.05 -121.17 
-408.88 -96.38 
-199.92 -112.47 
-60.84 12.43 
125.95 -176.22 
-33.78 129.70 
-261.32 -266.33 
-141.06 -375.96 
-188.29 -212.13 
-396.73 323.72 
415.81 -425.30 
-263.34 132.17 
439.95 -175.17 
379.84 415.37 
-33.98 -28.22 
-251.37 46.59 
271.63 -232.13 
26.41 -233.12 
120.38 294.33 
-208.97 266.66 
 9.24 -187.32 
-433.28 -180.17 
-450.14 -294.02 
-79.79 267.59 
563.61 89.52 
-505.80 -5.02 
-200.12 -79.24 
-220.14 107.22 
-350.77 417.70 
-25.34 505.21 
403.23 -91.20 
-278.59 -419.96 
509.38 261.23 
-476.02 -31.08 
-227.03 -461.23 
309.74 -66.46 
425.41 -115.26 
102.91 333.87 
-145.49 -161.26 
-370.54 -67.14 
458.39 -11.03 
296.54 -466.56 
-210.40 468.91 
-191.53 48.08 
314.85 -139.02 
-356.34 195.90 
-335.00 288.62 
