401.01 -314.50 
-581.70 -10.97 
-523.95 -98.94 
343.33 -16.63 
173.62 210.02 
-214.82 -270.29 
-559.81  6.32 
446.45 40.80 
26.39 136.85 
421.92 -119.48 
129.25 320.60 
-196.18 -146.04 
-243.64 517.69 
-543.99 -25.84 
-86.26 -521.99 
-360.71 470.17 
-418.29 -56.76 
-214.69 -495.47 
-190.21 516.26 
-379.43 -316.40 
434.46 62.99 
157.40 337.53 
56.51 68.00 
280.78 97.56 
190.68 -295.38 
243.96 139.12 
487.35 -221.13 
-177.44 282.00 
-428.96 -233.23 
110.37 -415.58 
-161.64 308.69 
64.04 587.60 
-342.84 437.18 
293.95 -33.40 
400.14 305.47 
30.25 94.26 
-136.39  7.06 
-221.04 406.42 
-543.65  3.61 
136.00 -46.93 
314.27 91.86 
116.99 533.07 
-201.07 25.38 
211.97 -289.19 
94.02 -357.94 
199.39 241.67 
-100.32 193.21 
38.84 -253.57 
-32.05 -351.12 
475.73 147.96 
-13.18 17.16 
63.93 308.39 
33.60 -350.47 
-146.64 479.04 
100.89 113.42 
-40.68 214.09 
