-142.77 361.13 
13.60 18.60 
-485.76 -321.15 
-106.63 163.71 
211.66 35.74 
-375.56 321.43 
236.94 -312.21 
309.63 104.81 
-205.74 430.12 
-243.45 368.33 
154.94 -286.94 
264.00 -506.17 
-539.59 -18.88 
-397.79 32.79 
-104.81 391.98 
379.27 -383.82 
154.77 -215.57 
-107.84 -34.87 
12.56 287.11 
-94.80 514.57 
-242.50 -537.79 
350.07 -274.58 
171.13 84.93 
165.83 283.21 
447.78 222.21 
79.65 333.74 
280.14 378.44 
295.89 -355.97 
307.79 493.69 
47.03 -348.05 
-131.98 -239.35 
266.14 33.56 
 2.59 -328.61 
338.72 -197.70 
213.06 280.97 
81.47 232.71 
-17.26 593.70 
355.27 143.57 
-264.77 474.80 
148.14 -409.42 
-381.24 -192.73 
414.92 -384.14 
415.52 -130.63 
432.33 -89.79 
480.83 85.23 
494.24 -273.25 
371.24 259.77 
187.33 496.12 
234.14 -172.29 
-69.03 110.69 
-126.64 -79.05 
-269.73 276.17 
-102.92 -485.25 
479.26 77.31 
154.06 361.65 
478.98 181.89 
