-266.55 -160.59 
-498.17 -62.88 
279.10 -27.12 
444.42 319.96 
515.38 151.86 
247.19 -466.81 
107.87 -8.56 
-385.78 383.84 
-305.68 60.92 
154.02 -508.45 
219.43 -517.00 
-86.12 -149.09 
-451.47 202.85 
89.49 -26.03 
-44.69 227.20 
-451.44 -76.18 
-358.04 480.69 
-341.36  5.33 
-149.68 292.80 
-106.99 237.59 
335.29 -38.15 
-26.50 453.07 
73.45 493.08 
249.08 -322.64 
371.43 -326.40 
-152.70 -95.69 
-24.98 167.08 
13.41 -461.13 
184.40 535.02 
-274.08 -193.04 
540.26 -108.53 
-153.34 -474.91 
-228.15 -58.29 
-8.38 -518.30 
-272.46 330.03 
-141.77 204.21 
-509.27 257.12 
-8.64 496.19 
-399.71 -301.26 
328.17 188.55 
479.54 -15.23 
-28.54 473.55 
-82.86 138.65 
-255.46 264.19 
-201.54 92.15 
-81.03 559.99 
374.48 -71.62 
363.33 -323.04 
451.85 -327.62 
117.15 -351.61 
-325.76 31.23 
169.52 213.15 
-335.86 482.59 
-230.64 -547.60 
227.08 -461.59 
327.77 -217.80 
