504.36 -106.14 
-127.15 406.05 
-335.69 -74.69 
97.15 82.33 
284.55 135.14 
-67.11 570.17 
-85.99 221.70 
391.82 -100.69 
-199.33 -516.69 
-548.78 187.25 
-301.78 171.79 
41.00 133.74 
-347.73 42.15 
-477.07 -119.79 
41.63 -408.94 
10.35 -15.68 
-281.42 348.30 
-221.79 489.05 
355.82 381.47 
-195.23 -376.22 
122.95 -158.34 
81.09 484.60 
294.12 -483.07 
-221.15 456.56 
295.10 -462.77 
295.04 -430.97 
157.92 343.19 
-291.69 403.50 
-106.65 -549.84 
-485.86 -36.21 
-274.64 125.20 
-212.57 177.33 
-10.61 -34.73 
-94.45 -341.74 
13.02 -189.31 
33.07 -227.82 
33.27 359.84 
-561.48 -121.65 
546.69 -189.63 
-152.01 -161.59 
57.15 127.02 
396.35 -160.69 
161.22 424.56 
237.36 -130.27 
366.42 -405.93 
433.70 -242.02 
442.19 -319.76 
-176.62 184.18 
-363.69 -105.14 
-526.93 235.84 
13.62 -457.96 
102.77 -391.94 
-354.26 181.81 
56.03 411.46 
498.31 -179.14 
-132.52 -583.56 
