-59.66 -418.49 
-344.15 103.42 
-562.51 -11.96 
-17.56 24.09 
-82.64 -294.72 
172.66 -61.13 
-157.51 -42.95 
174.72 -298.43 
-421.24 401.60 
368.33 -241.22 
150.80 -353.59 
305.11 -220.98 
-376.73 279.51 
-157.80 -72.86 
413.52 -9.40 
-274.11 187.69 
-440.58 109.30 
341.05 31.29 
159.26 472.11 
442.55 384.59 
-82.33 -415.16 
-70.06 430.46 
97.47 -337.57 
426.73 358.44 
-217.33 -473.50 
73.12 542.51 
-117.35 10.45 
335.01 126.37 
-498.89 139.67 
-40.44 252.20 
105.45 202.83 
507.53 98.59 
-244.98 -404.71 
-49.86 391.01 
 4.25 -353.92 
274.92 429.15 
181.60 -192.38 
-239.80 -406.79 
-461.10 330.14 
66.81 -514.34 
306.46 -230.57 
-294.78 467.37 
-470.02 48.49 
-53.08 446.00 
125.97 -243.11 
454.92 264.52 
-247.49 -270.02 
-458.48 94.79 
209.03 90.02 
55.61 203.00 
402.65 396.53 
-385.14 -243.09 
-159.84 420.74 
25.67 332.50 
334.04 396.93 
-283.66 -429.44 
