-53.65 82.80 
106.80 306.71 
-590.15 -33.14 
-128.43 -27.37 
237.45 -297.63 
-231.63 -92.96 
-484.89 -207.22 
184.85 -383.63 
-19.94 -435.33 
-96.67 -218.87 
374.88 282.06 
101.62 313.83 
187.80 190.87 
482.68 70.03 
190.92 -64.37 
-0.72 -164.42 
-418.48 332.42 
-64.38 116.37 
 6.59 77.20 
-359.54 -321.30 
125.37 96.03 
-508.23 -314.73 
228.64 -199.16 
 1.73 32.20 
-509.21 58.71 
-52.43 445.20 
-229.39  2.10 
-235.34 -138.71 
-509.06 -201.67 
207.70 250.23 
-434.14 -83.68 
-107.76 249.59 
-409.43 -253.74 
-33.99 57.79 
285.41 152.67 
-64.65 26.98 
23.42 -102.42 
346.91 -241.81 
384.98 386.89 
-134.05 266.26 
575.57 144.73 
-505.53 -216.94 
-264.96 -167.54 
-293.45 -278.73 
-228.00 -267.21 
353.38 -330.47 
551.67 63.42 
293.77 -19.66 
-249.48 -292.89 
-497.62 -217.91 
-11.31 81.28 
238.62 409.78 
355.30 -104.41 
104.89 161.14 
108.66 31.86 
-139.75 453.86 
