178.79 178.02 
-503.00 -322.04 
-284.77 44.25 
-382.23 -40.82 
-111.58 -348.00 
399.40 31.81 
61.31 -80.98 
142.12 -132.05 
73.55 364.62 
207.76 -415.24 
-431.13 303.90 
67.10 208.65 
-62.70 -301.35 
247.10 -127.24 
-354.15 309.05 
-179.48 529.43 
387.89 26.08 
354.03 292.77 
420.57 -214.56 
-2.71 332.74 
188.03 -563.27 
72.24 -209.83 
-117.01 -188.51 
501.16 78.13 
-433.81 -108.10 
44.32 -68.26 
429.82 -330.58 
-123.10 521.09 
208.60 -249.63 
-160.90 467.39 
141.86 -548.80 
230.96 -5.53 
426.70 -108.21 
229.75 -507.78 
-35.94 -538.58 
241.38 83.00 
-82.27 -577.97 
-52.39 64.79 
-534.92 29.14 
-70.59 -290.41 
387.41  6.83 
440.51 -120.28 
300.23 287.85 
262.20 -32.40 
129.58 -468.33 
-84.66 143.98 
-196.56 64.45 
-28.73 -115.83 
119.13 -501.78 
357.01 -287.75 
453.08 -24.23 
-71.49 -68.70 
422.54 54.42 
362.63 133.60 
439.67 128.81 
488.89 -165.66 
