167.85 -511.95 
-281.79 360.11 
-488.76 328.76 
-390.45 -282.01 
-310.58 -283.71 
281.53 449.68 
27.71 -174.89 
113.90 -504.43 
315.41 12.62 
-543.52 -129.24 
-250.47 -543.91 
194.41 -104.80 
-3.99 -566.15 
-354.63 424.97 
129.44 -97.26 
129.81 -558.70 
-523.95 -172.33 
-150.81 -153.73 
-98.13 472.23 
178.82 -484.20 
-236.85 -403.20 
-232.29 253.69 
107.84 571.96 
174.85 -192.15 
-310.69 172.84 
-130.06 -230.74 
171.90 -71.56 
-567.72 -66.73 
471.92 -83.63 
63.86 587.05 
100.84 -337.76 
103.85 -540.75 
281.50 483.97 
-290.54 18.07 
318.90 490.46 
-50.44 262.19 
171.82 -529.26 
-179.46 -471.94 
496.91 -331.79 
350.45 -152.16 
162.02 317.04 
569.29 -72.05 
72.79 455.61 
412.07 -331.66 
-21.93 555.20 
229.40 -200.55 
-65.49 -491.61 
171.52 -44.75 
-131.81 456.69 
27.65 387.08 
-556.15 -133.14 
65.67 528.80 
 2.07 208.07 
424.67 -153.69 
-379.89 347.59 
119.64 132.68 
