81.86 -518.94 
-459.12 -365.40 
-212.97 200.18 
-216.26 437.20 
-188.87 197.93 
-186.40 77.73 
50.67 294.62 
160.47 -169.17 
153.11 522.53 
254.41 204.96 
480.29 -220.87 
-75.66 104.97 
151.71 562.37 
-93.26 -542.03 
-437.64 284.92 
-192.51 255.73 
121.05 -168.90 
409.94 -126.09 
519.67 -134.26 
-224.35 202.65 
312.98 -388.32 
105.55 284.59 
-314.34 -319.11 
-453.12 280.09 
-130.95  4.22 
-200.41 -267.08 
-320.47 -482.82 
78.69 -390.23 
274.36 -97.72 
357.11 89.91 
-404.96 61.10 
371.28 -207.23 
551.55 -205.07 
71.63 184.16 
512.66 -48.71 
239.10 -459.34 
119.32 452.75 
212.40 411.14 
-215.94 -51.19 
154.33 -314.43 
114.59 -335.28 
-5.98 177.41 
-513.64 205.20 
-582.38  1.90 
580.25 -71.00 
-305.72 386.52 
-151.57 339.08 
-244.08 279.36 
-204.73 -301.46 
 4.49 212.36 
168.13 388.50 
385.85 446.79 
495.02 134.91 
186.38 435.46 
-497.21 -261.68 
269.46 477.00 
