-364.01 190.36 
328.88 387.22 
-508.21 -16.61 
448.01 -35.99 
43.81 136.65 
91.23 344.04 
-27.68 -9.41 
-11.87 298.41 
-533.59 213.94 
352.84 -271.67 
-274.49 -158.82 
199.04 89.90 
77.87 -484.77 
-389.30 72.64 
-143.86 -331.20 
-438.50 -390.00 
499.30 -234.18 
190.23 433.99 
-34.44 426.62 
-31.05 248.54 
229.24 253.65 
-256.49 256.42 
101.13 -49.27 
16.80 -426.89 
212.34 409.43 
-59.39 -298.75 
-310.75 348.12 
-296.35 -425.32 
237.31 513.95 
264.63 -448.46 
117.73 34.75 
273.39 451.44 
-113.81 -559.18 
251.02 -50.10 
40.47 30.12 
-202.59 -232.63 
-21.98 84.73 
419.10 -82.66 
19.92 371.61 
43.95 -123.17 
343.60 -410.56 
-79.86 429.01 
507.32 46.64 
112.49 446.29 
-489.59 116.86 
278.38 444.32 
-122.52 431.78 
90.27 -440.79 
-525.65 -21.20 
340.38 -371.53 
-27.96 73.30 
583.40 125.62 
174.94 -176.68 
500.92 -24.79 
361.95 168.38 
363.45 -437.16 
