-84.94 435.71 
-383.60 97.73 
214.81 398.25 
512.33 179.48 
-176.37 205.80 
-94.67 224.20 
-323.31 -211.65 
82.61 402.14 
56.43 118.70 
-229.37 -223.55 
-395.39 -107.02 
167.91 144.84 
404.15 31.89 
-337.67 205.51 
140.53 558.33 
-12.48 -3.94 
530.61 -35.56 
-106.79 -400.77 
327.49 174.91 
-216.13 -481.68 
-380.59 253.52 
 0.74 -215.51 
447.24 120.38 
57.55 -271.50 
91.23 89.08 
530.89 128.18 
-526.73 86.86 
-141.71 16.95 
413.85 369.47 
-170.20 102.93 
404.55 125.84 
-361.60 13.31 
144.55 -557.25 
210.29 -122.15 
-97.41 -213.00 
-112.32 503.10 
163.25 198.78 
-414.20 -354.64 
-330.69 133.05 
-265.70 -258.98 
-77.43 101.54 
339.51 367.78 
-19.35 -199.97 
-407.14 -51.50 
411.30 -131.42 
351.68 317.53 
-232.81 -531.40 
-530.21 -25.60 
467.46 180.43 
-135.85 276.81 
159.21 -55.41 
-33.89 -212.73 
400.88 -268.01 
-537.27 -215.24 
440.22 -326.57 
86.23 -386.05 
