201.15 -31.83 
257.74 -43.62 
30.32 -40.41 
465.55 -96.73 
-108.41 37.51 
402.92 346.48 
-399.94 107.64 
-458.46 -150.68 
-152.80 -277.00 
-429.72 -248.78 
156.24 -127.48 
162.68 182.38 
-152.80 -11.82 
-9.98 -395.12 
66.01 -122.84 
-260.62 160.59 
418.92 69.64 
-340.83 -141.64 
115.45 368.71 
-301.93 -466.01 
-227.98 263.70 
375.84 -440.20 
-516.97 202.25 
217.93 136.53 
14.42 596.87 
48.61 371.81 
-215.14 -7.27 
-430.15 339.35 
238.84 -413.71 
-325.27 35.66 
-77.51 245.87 
126.78 191.84 
-240.03 452.34 
105.13 518.99 
-553.09 -190.50 
-170.95 147.14 
271.97 468.16 
-403.45 386.77 
79.57 -350.07 
341.82 -371.82 
369.88 442.71 
-128.95 272.92 
-442.67 253.20 
-297.85 -124.77 
-75.16 397.59 
-234.88 319.87 
-94.70 -121.32 
74.40 -515.22 
373.66 -402.22 
170.38 496.36 
215.57 353.61 
-105.37 487.52 
-452.70 323.23 
-240.34 218.46 
-94.92 163.77 
123.38 542.33 
