298.52 209.82 
511.47 -138.96 
12.85 430.63 
-508.91 -86.63 
-112.26 -469.76 
-71.71 568.90 
-384.41 -114.91 
-268.94 372.08 
283.95 -364.92 
-306.02 386.54 
13.29 194.01 
-128.80 211.83 
-394.71 449.44 
65.90 -306.90 
214.76 194.45 
-202.43  2.94 
583.17 71.09 
196.50 501.64 
224.46 -235.63 
331.70 -76.31 
190.46 369.23 
 6.00 74.46 
-22.35 434.02 
204.70 407.39 
-518.53 54.12 
375.68 207.64 
272.16 -440.94 
-440.00 356.05 
454.86 147.08 
335.27 -472.15 
-64.81 67.38 
-21.11 -545.50 
48.93 -71.14 
522.03 295.19 
-523.12 74.70 
-417.09 -158.40 
 2.68 -453.51 
-449.44 -380.24 
-257.07 -282.80 
300.03 434.43 
427.68 127.25 
194.01 -310.04 
122.86 120.61 
205.75 -283.60 
-59.77 -248.29 
375.81 -312.40 
504.57 93.97 
-372.94 331.75 
-232.16 228.77 
-336.25 -279.90 
289.31 -472.77 
-557.90 81.12 
21.45 505.57 
313.46 -310.53 
63.20 -291.41 
-3.24 -382.34 
