225.25 -521.95 
197.33 -564.59 
191.14 152.67 
-72.10 -295.63 
422.82 383.24 
148.96 -222.09 
537.07 -83.28 
-291.62 286.89 
270.56 -415.81 
-340.21 277.19 
75.13 475.58 
-31.64 163.52 
50.85 419.32 
474.70 -243.96 
-81.05 506.44 
219.60 -421.68 
-38.22 365.73 
98.04 -459.20 
171.36 484.04 
167.23 -158.30 
357.87 -318.90 
-395.12 114.34 
-83.86 -148.77 
355.52 404.93 
-336.81 98.03 
205.46 -388.67 
141.37 464.70 
 5.96 -308.72 
106.23 -92.91 
418.95 -401.63 
-162.78 -572.67 
-568.79 115.20 
235.34 471.73 
43.52 -340.79 
456.76 -31.98 
475.35 -308.23 
65.46 -329.11 
135.13 -308.28 
-173.63 389.94 
-226.23 418.17 
-113.60 -101.09 
-108.05 458.45 
-442.04 -262.38 
-378.16 33.27 
355.12 125.18 
-414.58 -88.52 
64.78 399.39 
244.04 -263.99 
29.13 -458.71 
-287.42 262.83 
-486.30 272.08 
265.46 10.29 
-155.85 -457.32 
-71.92 353.49 
-24.50 -445.18 
393.52 184.75 
