481.38 12.71 
364.13 53.87 
499.90 -97.62 
-138.19 84.61 
85.16 105.64 
-4.13 -270.54 
358.39 375.41 
498.74 138.59 
218.73 -45.12 
-376.81 -224.13 
-37.03 -64.96 
-327.25 -486.60 
-515.85 236.12 
-103.74 -118.90 
-14.86 222.68 
535.14 92.23 
-310.17 146.76 
138.58 -495.39 
-280.55 284.07 
232.23 -315.76 
287.29 456.41 
-415.41 403.97 
-266.91 333.27 
-16.11 -451.75 
407.04 299.75 
81.48 226.50 
220.23 -191.60 
-28.93 -364.51 
-246.60 101.11 
592.71 44.93 
-95.91 140.65 
447.99 -105.33 
-144.64 401.12 
417.11 -334.25 
-8.47 405.96 
58.68 -508.03 
-229.30 -381.47 
-277.90 250.84 
-28.75 67.24 
509.54 -126.74 
125.41 254.37 
520.96 24.07 
177.83 501.67 
-427.95 238.41 
230.73 -136.82 
178.26 43.77 
-396.01 -395.58 
47.60 -372.55 
34.15 470.11 
430.90 55.82 
397.31 -301.68 
-336.87 353.36 
-109.66 -392.33 
400.91 19.46 
-313.06 266.66 
-71.87 229.94 
