-276.07 -264.11 
-47.41 233.17 
-127.44 -99.24 
-168.62 284.97 
-172.09 91.76 
 9.18 -210.31 
184.25 -227.95 
72.44 -439.27 
77.12 196.66 
-29.00 -419.92 
548.57 -111.86 
-182.78 -352.71 
-77.47 -337.79 
-154.50 -136.03 
-26.22 -223.19 
-124.86 -359.22 
-39.44 273.95 
-217.03 -76.37 
281.52 -168.07 
294.16 -255.46 
-172.58 141.90 
401.31 137.58 
206.28 -477.19 
492.61 338.22 
-307.69 32.51 
-331.34 -160.26 
-71.18 -257.70 
237.31 -521.16 
-6.47 -346.00 
-32.65 -305.31 
-32.88 582.65 
-151.82 -140.58 
200.64 213.13 
364.19 108.18 
-583.42 -71.98 
262.99 -195.20 
-59.98 -510.79 
-183.27 -199.74 
-483.06 -218.10 
134.56 381.69 
-168.76 27.05 
387.45 -227.72 
-484.62 282.96 
17.59 -271.69 
-466.46 375.18 
 4.51 -434.93 
-44.81 434.06 
-480.71 -348.63 
-360.62 377.26 
338.47 -94.42 
-149.70 -538.78 
-46.07 -554.59 
-155.20 -512.26 
-75.65 -313.04 
184.43 -64.73 
233.55 -221.75 
