171.89 -111.77 
43.12 -542.62 
-563.13 35.57 
-176.47 -442.94 
-144.65 -558.33 
436.45 -15.33 
234.89 495.41 
-404.00 189.40 
-258.23 -131.84 
569.22 47.49 
245.00 487.23 
-127.80 -169.19 
93.34 -153.80 
-313.06 341.62 
487.42 212.91 
-301.42 333.39 
251.42 339.14 
392.04 -256.83 
-530.22 -95.39 
-374.84 -70.04 
 1.65 178.95 
-303.74 401.60 
-233.15 -249.13 
144.89 -493.74 
163.67 -435.90 
-231.21 171.19 
-54.84 -127.86 
-95.05 -214.90 
-118.28 -372.30 
216.76 -531.64 
99.47 -520.19 
-3.03 512.13 
-199.91 -78.56 
-446.90  3.12 
-431.69 -144.76 
476.60 109.60 
296.10 -147.30 
154.02  7.91 
-189.84 415.95 
-559.36 47.29 
319.07 -298.46 
-520.31 227.27 
327.01 461.13 
-232.06 -141.57 
-531.39 145.87 
90.18 272.84 
489.50 -38.47 
353.97 -235.31 
-77.52 -432.65 
-283.18 -524.28 
-135.37 155.52 
66.92 -303.42 
218.25 -426.47 
117.16 83.02 
249.69 -209.22 
140.14 -139.75 
