-431.44 -54.12 
-298.00 -138.69 
59.05 -398.65 
500.89 25.68 
-416.80 266.43 
-150.04 -50.00 
-47.37 -368.31 
23.33 149.32 
-42.26 417.55 
525.09 -1.29 
-385.05 229.28 
-201.78 -493.25 
120.61 382.98 
-64.99 338.08 
257.57 -274.63 
198.94 -189.15 
514.67 -130.35 
-9.95 -245.97 
-127.14 534.35 
-83.24 400.11 
559.33 149.90 
102.53 110.75 
-459.66 -252.54 
-276.93 -25.08 
-310.97 -292.02 
343.38 -445.19 
461.56 -18.09 
190.34 -208.77 
342.71 309.96 
102.46 92.26 
-293.01 421.55 
421.57  1.28 
34.29 -513.54 
-193.85 293.54 
578.20 -20.07 
288.29 -37.82 
389.13 -51.80 
412.78 -332.35 
163.03 142.46 
-266.23 196.82 
410.16 -72.67 
-330.74 -32.47 
-469.23 339.79 
111.34 -367.32 
-64.80 179.15 
-167.04 -34.57 
27.62 -292.80 
448.40 260.08 
29.50 -32.63 
204.41 528.32 
170.58 208.21 
100.60 322.82 
394.76 92.91 
195.36 451.14 
92.21 -15.12 
-31.29 -475.36 
