439.30 -387.13 
-301.64 289.25 
-528.75 153.09 
221.23 -229.06 
481.20 -212.88 
-449.54 336.29 
-311.11 345.88 
253.81 -352.11 
169.70 -56.46 
17.17 162.80 
479.13 -80.33 
-168.56 237.58 
-253.28 -243.74 
245.12 -233.69 
-112.61 -28.31 
-138.63 -319.79 
428.12 -167.45 
210.87 -77.00 
475.15 97.05 
30.18 194.18 
190.05 361.10 
-435.01 278.39 
222.94 -335.30 
-104.05 -11.38 
-400.30 87.85 
198.95 -477.00 
126.02 -165.06 
370.76 -257.00 
296.58 -207.30 
177.72 -257.24 
-542.77 201.60 
-233.30 378.19 
-120.59 133.95 
238.45 -504.98 
-517.76 -130.03 
-294.59 -279.05 
575.06 162.22 
229.63 -38.52 
-55.91 202.50 
40.78 -296.53 
457.22 -238.16 
439.74 285.94 
-481.22 48.75 
47.13 -596.08 
360.08 380.19 
-354.18 238.79 
30.31 500.56 
-38.59 77.71 
-401.97 197.65 
19.57 244.89 
83.72 157.12 
515.72 152.21 
23.05 -499.85 
-39.26 45.17 
-281.08 -17.35 
-318.69  3.28 
