50.36 -367.47 
92.06 -185.43 
216.71 315.06 
-503.65 -122.43 
-338.67 -439.06 
532.61 -205.69 
-474.06 159.59 
412.39 -20.14 
306.31 414.07 
-213.27 350.87 
355.09 -103.97 
-113.24 540.91 
101.38 -193.49 
117.65 518.14 
-138.09 -572.92 
74.59 241.25 
342.64 -294.46 
-82.51 -532.32 
152.86 -456.25 
69.51  9.29 
139.10 569.09 
-238.91 61.39 
222.48 193.04 
-192.04 118.61 
-542.88 92.55 
218.91 394.90 
-66.58 116.56 
-476.08 -81.52 
414.01 -167.29 
-401.82 153.06 
-557.10 122.35 
-139.93 -426.27 
290.33 131.03 
-487.38 -148.54 
51.28 -344.30 
-2.76 -32.51 
-523.16 57.52 
262.94 464.65 
-231.20 91.88 
-50.57 362.55 
-426.17 224.87 
16.48 408.42 
165.17 -331.07 
237.02 326.81 
-4.15 70.73 
-137.61 -154.64 
-281.82 -346.07 
-202.87 560.76 
168.92 340.36 
266.05 -453.94 
477.88 -270.22 
371.82 307.66 
-372.55 -299.79 
-282.80 97.08 
459.34 171.78 
-304.63 -468.51 
