306.20 35.59 
-118.26 -240.66 
-329.22 29.44 
-234.11 356.16 
366.35 -289.50 
328.51 99.13 
33.65 117.84 
345.83 386.69 
-496.49 196.51 
294.96 511.19 
-245.75 -224.86 
372.95 89.01 
93.63 -513.60 
12.18 -216.28 
-203.90 17.49 
351.38 -443.17 
443.24 -363.56 
-435.84 262.27 
-242.91 196.76 
165.70 206.98 
-223.63 -507.00 
91.76 313.56 
128.52 -515.59 
23.51 -103.47 
259.20  5.44 
-421.27 -9.41 
358.07 -388.20 
-497.39 52.62 
-202.07 -417.87 
65.92 302.81 
465.37 197.00 
498.93 156.82 
156.48 486.22 
291.29 426.95 
-323.02 -98.91 
28.97  5.25 
408.28 415.89 
75.66 -546.21 
-88.22 -37.24 
-353.19 -268.35 
149.62 -467.69 
392.41 -85.93 
284.64 -118.05 
56.24 496.39 
-298.06 35.57 
123.57 276.21 
-326.32 -252.73 
379.98 37.48 
-136.46  6.42 
-205.25 -46.96 
-247.90 -14.01 
13.22 573.17 
-523.15 165.80 
96.97 131.95 
-160.88 -549.88 
298.26 247.07 
