200.75 118.37 
155.46 375.86 
-306.02 -194.83 
382.22 -117.17 
-487.19 -104.51 
305.75 152.82 
-473.53 364.57 
-20.78 -512.50 
-386.93 -17.36 
-299.53 156.29 
-411.55 179.58 
-49.31 -185.68 
-120.22 135.13 
-181.41 438.18 
-148.02 -105.64 
536.97 -50.99 
-46.16 221.30 
-144.14 403.04 
288.37 -380.56 
513.44 -162.29 
-379.58 14.61 
118.49 183.66 
303.18 -447.17 
-239.38 97.12 
-315.31 195.06 
11.80 64.29 
194.67 158.94 
-246.64 -464.00 
-559.49 182.54 
-142.16 25.38 
-568.26 105.85 
-233.12 -393.29 
430.25 -321.05 
-166.55 -466.42 
-22.77 -205.62 
-76.81 398.88 
-116.21 -330.71 
-30.71 -576.04 
25.63 573.37 
-159.15 -370.29 
-489.68 168.55 
-104.58 148.36 
-98.41 38.85 
-272.68 174.18 
-459.49 -39.31 
-551.40 32.46 
558.93 -130.15 
-58.64 -466.77 
-482.36 -131.72 
-27.21 -298.74 
-476.71 233.46 
-199.85 -151.45 
-41.95 562.96 
-470.42 -161.32 
-179.52 57.15 
324.47 -403.67 
