173.40 -374.12 
152.06 -146.80 
-335.97 391.04 
151.91 414.72 
-33.74 549.00 
303.33 -14.47 
542.09 256.42 
214.81 -138.06 
363.08 -382.89 
486.86 -304.60 
 0.89 -82.09 
270.80 -401.88 
426.72 -381.63 
 6.89 -357.81 
154.62 503.88 
-201.31 -382.45 
306.98 -117.26 
-248.76 320.72 
-200.96 -315.44 
-276.10 -484.52 
-351.44 197.20 
374.38 460.05 
91.56 -341.37 
170.11 199.88 
-20.04 -146.34 
-37.57 102.49 
-389.98 232.85 
35.27 207.02 
-302.06 57.30 
-78.79 535.48 
-131.84 -20.08 
39.66 -465.18 
-1.80 -517.22 
492.46 -326.62 
-3.56 -89.70 
-541.47 124.66 
-446.64 -59.29 
-447.93 194.02 
57.11 -376.59 
468.23 232.25 
-34.61 112.55 
-473.52 -194.97 
380.33 -137.92 
160.11 -551.23 
389.61 173.54 
-56.91 -581.74 
-349.07 91.84 
-117.83 -161.34 
25.80 -349.11 
549.71 97.88 
-471.38 237.47 
363.26 15.27 
97.69 100.90 
-151.79 -160.56 
-74.86 569.28 
343.86 12.13 
