-52.57 -90.35 
97.93 125.82 
-86.14 106.02 
51.62 -221.32 
-267.37 137.73 
-226.56 -161.69 
261.98 369.34 
60.36 355.22 
480.29 225.22 
-61.62 -88.33 
36.73 -580.45 
-83.58 551.14 
488.44 -127.97 
-164.17 60.36 
-366.15 29.00 
-312.51 99.78 
-407.13 -129.70 
-157.74 -509.91 
-128.55 294.79 
192.14 466.15 
164.26 -522.73 
-143.24 13.19 
49.57 508.90 
-33.60 -485.48 
418.39 -345.79 
389.27 -37.99 
 9.83 -494.34 
82.67 -161.75 
-384.52 444.51 
-408.20 -419.06 
-155.98 75.31 
534.67 -10.78 
-7.29 277.54 
154.51 412.03 
42.44 -564.45 
23.50 52.12 
-180.33 318.17 
303.12 495.39 
-31.45 87.68 
-171.77 136.99 
326.91 70.16 
218.84 24.02 
-182.45 421.14 
570.94 166.90 
120.72 261.02 
-91.43 -343.80 
82.46 -201.53 
336.52 -304.90 
349.00 197.73 
360.57 36.52 
-256.98 275.16 
547.54 -169.21 
440.73 339.88 
366.80 31.37 
-303.70  6.70 
-397.91 -336.56 
