295.09 -99.46 
132.75 445.70 
-482.19 -58.52 
-236.95 -475.04 
52.12 348.18 
-365.25 -293.12 
185.20 536.11 
 1.16 204.03 
-82.46 -83.47 
66.11 -465.32 
-142.37 -375.11 
-427.69 -122.50 
339.29 157.00 
-427.03 -179.96 
381.76 -79.87 
305.06 -459.02 
-501.50 125.06 
-425.38 312.32 
427.23 -416.19 
383.27 -228.95 
-229.59 -455.40 
590.06 20.09 
335.26 -286.60 
346.25 443.54 
242.21 345.35 
-285.08 -219.57 
243.02 295.82 
223.01 325.28 
243.40 -68.12 
-453.21 -25.26 
-484.19 105.67 
-364.21 -311.37 
-338.31 -395.01 
-387.58 -239.40 
-286.75 141.95 
-21.59  3.90 
-26.13 -323.10 
-322.22 -168.87 
548.07 -1.05 
-316.30 489.89 
-135.47 548.68 
-194.53 -532.95 
395.38 -61.44 
73.73 391.07 
100.40 129.57 
-259.96 -70.75 
-30.37 -66.06 
-79.31 224.90 
-226.10 12.73 
 3.24 -307.71 
160.14 139.66 
303.17 181.75 
-156.31 162.69 
-230.53 336.82 
189.05 101.82 
-240.21 38.01 
