-468.28 -111.73 
234.58 -100.93 
-306.03 42.63 
95.47 505.75 
129.28 -175.37 
334.31 -361.68 
-179.18 215.78 
-534.83 98.69 
45.47 -50.27 
244.62 267.01 
-312.85  5.09 
-275.06 -479.86 
-566.47 -107.35 
336.88 -240.54 
331.52 -480.03 
159.67 212.83 
-271.64 265.35 
129.98 -574.93 
-382.01 -272.58 
52.39 -1.73 
150.26 175.25 
309.72 27.98 
 2.31 268.71 
-348.05 -475.21 
98.64 -390.24 
368.26 78.74 
-86.31 -64.48 
-76.03 -491.41 
-145.04 76.89 
533.49 -101.15 
252.88 -501.76 
 0.66 25.96 
-19.80 -429.09 
232.55 -88.91 
404.22 369.03 
525.91 52.46 
-509.91 -245.94 
-108.04 -214.01 
141.71 142.03 
-271.36 353.59 
170.47 343.96 
-419.78 281.66 
-205.53 -284.30 
407.47 -290.41 
95.43 -473.18 
-532.89 -72.80 
104.36 -391.01 
-55.50 -309.97 
373.11 255.98 
528.91 -255.11 
463.81 255.44 
-329.27 183.04 
113.60 446.49 
-446.60 -317.38 
-72.70 -377.99 
-259.72 22.62 
