287.95 190.34 
-550.42 54.73 
-402.50 -69.20 
97.87 422.37 
344.32 209.34 
-122.61 145.00 
137.32 -11.18 
224.79 -356.38 
-269.62 47.12 
-230.44 321.60 
-592.18 87.01 
204.23 178.46 
206.14 16.40 
-74.63 554.59 
-4.65 -582.03 
58.57 337.68 
 0.38 -312.45 
-445.57 29.85 
358.95 -411.01 
336.95 240.47 
445.90 318.38 
32.00 385.15 
53.85 -21.31 
-238.71 -240.70 
-50.87 456.74 
-34.24 -432.39 
-87.92 -370.10 
-424.23 259.15 
-359.78 405.50 
-433.37 -204.55 
505.07 53.08 
-382.80 430.47 
385.18 58.37 
-4.36 574.12 
35.70 -374.50 
35.31 -253.55 
344.75 -294.24 
-288.04 -2.15 
-331.88 -72.56 
421.07 386.25 
199.42 -481.80 
91.97 160.43 
-304.94 493.74 
-158.13 196.71 
339.25 309.12 
-51.89 476.40 
-192.80 -499.78 
149.74 -205.25 
-26.60 -243.05 
326.77 336.90 
-271.77 -95.49 
-161.21 -392.28 
-327.93 -196.60 
501.29 269.10 
 3.27 217.47 
-278.32 -296.21 
