-35.73 395.94 
-71.57 -163.38 
-370.00 -453.73 
-185.64 -300.68 
430.40 268.25 
-283.17 -243.27 
-19.30 -533.55 
-222.67 490.83 
353.17 119.46 
216.46 431.96 
-520.63 -23.14 
-60.90 -584.03 
481.36 -149.35 
-503.35 -85.73 
371.31 50.13 
62.49 397.73 
512.90 -234.03 
84.98 -520.55 
-401.81 -67.37 
201.84 -111.65 
-272.87 -481.33 
329.80 -267.04 
266.30 310.10 
21.03 536.24 
-210.41 35.84 
-383.12 285.28 
299.90 197.98 
-377.35 -413.61 
302.25 -207.20 
-306.16 -176.17 
386.10 -396.49 
522.26 -288.66 
506.30 -97.67 
-516.59 199.76 
158.88 19.34 
-453.09 389.84 
-450.84 -83.88 
515.24 232.62 
596.40 51.11 
93.48 -42.78 
492.97 -51.88 
-61.86 -325.58 
381.46 123.04 
-239.42 438.34 
225.42 -352.41 
-60.35 414.44 
92.56 27.87 
454.15 167.77 
-33.32 446.62 
-84.68 533.42 
-14.60 -542.32 
-331.48 -397.53 
246.17 458.99 
-286.84 480.15 
24.18 269.45 
80.84  3.70 
