-72.56 121.29 
-390.55 -214.02 
-578.91 154.44 
-426.76 -275.30 
188.82 -58.69 
64.09 38.01 
-49.88 362.91 
269.19 387.72 
263.28 305.12 
-140.68 -271.36 
104.69 -587.08 
-509.49 -266.75 
123.04 -50.69 
466.76 180.22 
-242.84 513.10 
281.64 -55.77 
-52.54 434.51 
-291.19 165.56 
-135.65 151.34 
298.33 430.18 
191.32 -428.19 
-63.03 186.73 
-0.72 467.25 
-135.46 -22.06 
-71.30 135.77 
-501.89 236.56 
-276.35 -405.67 
487.71 -99.76 
-252.43 278.06 
-317.91 -208.58 
-208.39 -420.94 
167.02 -575.18 
275.49 423.42 
-215.83 201.06 
54.00 -113.33 
80.35 235.07 
-58.18 -25.09 
438.59 -109.79 
40.58 -467.40 
311.05 440.09 
205.57 -299.82 
-329.30 -282.63 
39.34 445.57 
-33.31 326.39 
-0.94 235.11 
 2.21 560.97 
362.37 -439.94 
-180.57 -33.09 
532.32 219.94 
-350.97 -415.79 
-123.65 466.58 
-269.22 120.28 
271.61 530.34 
-239.84 -68.95 
-527.38 -32.22 
-271.05 105.38 
