-147.01 -216.10 
353.60 208.18 
-401.34 167.84 
-126.03 154.72 
571.83 62.50 
-241.28 485.60 
-573.84 86.88 
-10.07 -321.03 
97.08 -493.67 
488.84 133.66 
-90.82 -512.82 
-211.12 521.89 
508.90 151.56 
229.78 -117.72 
-339.99 172.21 
 5.46 -23.36 
515.02 63.10 
26.11 486.92 
74.28 547.43 
-341.77 -391.75 
97.17 330.19 
-284.25 148.07 
339.35 326.20 
-330.63 199.16 
-536.90 -68.60 
340.03 356.84 
-237.59 -95.55 
114.94 191.69 
206.93 535.07 
27.23 -155.97 
-173.39 274.31 
-469.55 -268.93 
 7.16 -398.47 
358.64 51.55 
-133.34 312.12 
186.91 309.32 
471.73 45.39 
419.15 421.08 
-276.76 -126.81 
249.30 70.38 
-188.77 339.73 
-37.68 -121.30 
291.79 265.53 
80.24 -579.61 
486.22 20.92 
219.66 -508.73 
-19.51 -440.64 
-97.09 -395.89 
89.00 349.94 
115.15 -120.32 
171.95 56.96 
-186.30 512.21 
51.21 175.29 
-168.96 469.50 
-326.09 450.64 
406.36 -248.80 
