-57.32 465.94 
116.74 -437.51 
554.76 -183.33 
400.46 155.11 
44.66 434.53 
-417.53 331.42 
68.56 -39.83 
201.14 -191.95 
317.34 -241.93 
-203.04 357.92 
-6.05 -500.61 
20.19 -93.00 
-186.69 -251.43 
-8.95 -577.44 
153.80 -477.79 
75.94 142.66 
-17.04 -43.34 
326.01 365.50 
46.05 388.36 
-57.57 578.20 
-328.31 426.97 
-505.35 -166.34 
-228.09 66.41 
-80.51 456.26 
-517.69 180.54 
-73.90 -21.89 
-353.73 -210.47 
-456.51 -288.77 
211.24 -59.39 
-69.29 562.23 
574.36 -30.31 
137.47 226.12 
370.27 -63.28 
-4.68 -62.03 
-449.63 -118.01 
397.68 -285.09 
326.85 489.49 
-94.87 -548.95 
-342.65 -368.23 
178.56 385.56 
-469.25 -352.79 
30.08 247.00 
-378.41 -280.21 
-80.73 506.69 
-504.28 156.38 
291.31 84.91 
-360.45 -351.36 
106.72 -101.80 
497.11 271.48 
-98.52 332.21 
-203.57 -281.77 
-152.46 34.65 
74.00 307.84 
-313.96 -54.94 
-297.93 -79.86 
-235.22 -512.09 
