-496.02 -310.02 
85.30 -208.69 
-362.78 43.60 
138.68 567.87 
565.34 90.29 
-504.87 -71.30 
195.88 -199.34 
-141.68 -578.71 
-265.65 534.21 
179.00 -514.43 
104.94 -314.50 
-396.20 -407.38 
-106.55 -13.14 
-267.08 410.73 
196.05 -3.43 
282.26 -161.93 
-140.54 13.34 
-33.67 463.35 
78.66 -274.00 
487.12 238.66 
358.67 -54.60 
-142.56 -406.20 
413.27 255.28 
316.06 456.00 
-246.47 362.87 
247.12 -162.42 
-542.95 -249.90 
66.19 -237.82 
-540.98 -25.77 
-243.08 -417.85 
-527.25 -255.05 
-370.45 -429.30 
-10.93 183.65 
358.51 324.65 
-86.90 76.22 
222.31 513.92 
-578.09 -134.67 
311.75 -463.84 
-319.16 379.13 
-537.95 -39.70 
-45.96 -187.25 
-140.09 179.73 
-245.13 -458.32 
116.68 -242.80 
-301.06 -45.69 
-127.32 -458.51 
467.96 175.63 
-179.12 391.94 
-48.60 -388.63 
-486.04 47.80 
-246.62 162.83 
-280.52 360.20 
307.11 160.34 
160.27 -192.43 
-581.65 -74.44 
-235.18 427.67 
