-160.08 134.62 
-231.06 146.69 
-277.00 387.39 
-261.79 -524.81 
-335.17 365.23 
-43.01 -372.65 
191.52 518.06 
213.65 -493.92 
344.16 444.65 
-455.40 261.63 
156.86 110.67 
-469.78 281.06 
-453.86 -107.19 
252.55 368.74 
-142.19 277.79 
-244.89 -112.36 
417.03 -178.81 
-164.13 378.36 
 4.43 -595.10 
545.77 -171.55 
466.84 -3.33 
438.61 64.23 
-97.96 219.09 
-198.70 -365.68 
-53.04 442.63 
-60.21 -357.32 
-337.11 -451.59 
116.15 200.83 
-448.39 -184.77 
105.80 504.47 
-253.03 124.76 
203.45 -203.31 
-501.87 81.50 
-191.46 -208.77 
-136.79 -124.68 
403.63 -409.68 
327.56 -481.63 
-123.08 404.14 
359.18 380.69 
39.36 285.57 
-502.77 -78.06 
110.20 -6.01 
99.86 14.79 
-16.08 323.81 
-73.75 309.96 
-161.81 -33.64 
297.71 -444.14 
-472.33 179.92 
40.14 433.92 
150.39 310.79 
254.12 539.49 
121.29 266.18 
-540.94 -127.06 
128.51 -359.53 
419.78 110.01 
258.86 311.08 
