68.25 519.32 
-571.04 30.14 
-176.94 -91.07 
-34.36 -176.33 
-163.03 -175.11 
-107.58 -125.96 
-275.06 -221.10 
-365.90 -119.87 
-471.87 -305.93 
-201.29 -157.33 
182.90 -109.92 
-256.36 367.81 
461.32 61.22 
-541.06 -97.01 
-417.33 167.12 
363.30 -464.82 
-208.38 504.71 
245.36 13.10 
-235.04 -128.27 
419.35 70.64 
-246.25 -136.49 
155.32 -481.59 
389.16 144.75 
285.94 -383.87 
-294.70 -157.03 
-47.81 -443.75 
-79.36 -308.07 
555.70 -2.14 
263.88 283.50 
295.48 -349.27 
61.97 -241.33 
108.02 -27.81 
-192.79 74.44 
-95.57 355.00 
242.66 -313.85 
523.54 -258.13 
166.75 120.54 
-252.30 -429.21 
261.14 -328.80 
348.70 363.87 
334.56 439.18 
68.95 -592.26 
-519.81 -63.57 
146.67 -284.35 
476.73 103.45 
11.64 91.18 
-407.30 -266.22 
-154.67 -537.97 
272.40 -519.65 
109.73 -558.35 
427.45 243.35 
217.90 -219.12 
-144.33 12.89 
448.86 129.14 
290.22 102.35 
52.46 120.25 
