-285.80 444.70 
159.41 347.20 
227.47 186.87 
341.84 114.43 
311.48 262.26 
-310.30 -16.67 
521.65 -131.64 
-471.55 -360.95 
283.81 429.49 
-372.34 466.64 
-412.01 -20.69 
131.45 -101.68 
340.50 -171.30 
63.10 36.14 
-226.69 272.53 
-96.46 -164.46 
239.45 -403.20 
267.80 202.66 
 2.92 486.71 
65.21 331.00 
240.84 364.76 
-156.36 86.49 
-77.19 -17.35 
-362.85 261.76 
458.21 -242.46 
135.74 -173.62 
-90.79 -562.19 
-336.23 -204.68 
174.10 467.47 
-336.50 42.22 
326.97 181.47 
227.91 -142.58 
-574.87 -152.71 
93.59 218.98 
487.93 -221.68 
-116.77 50.30 
522.48 294.62 
448.76 -373.24 
33.74 -321.38 
-578.22  9.69 
358.86 -255.84 
-181.65 348.73 
-34.34 -120.77 
504.20 -189.07 
76.11 566.88 
331.45 -234.94 
-174.41 50.36 
-350.18 74.91 
122.81 292.00 
-421.52 -215.00 
-167.56 346.73 
105.67 -590.42 
-481.20 80.46 
21.93 333.20 
-287.02 226.57 
148.05 -337.93 
