427.16 111.01 
227.88 334.12 
402.31 112.22 
340.09 -112.09 
-215.27 -62.41 
63.03 -15.06 
-542.51 119.60 
-162.83 -184.87 
-520.61 154.21 
-266.28 -113.57 
-355.43 -82.30 
93.96 238.36 
357.94 345.53 
-115.79 44.30 
501.86 278.96 
32.79 225.11 
96.34 246.71 
438.02 282.00 
-289.29 -344.19 
262.11 -385.99 
-213.07 -504.91 
-167.49 175.69 
-455.46 -236.28 
229.65 24.43 
-564.18 -165.90 
282.79 -362.74 
186.92 -229.30 
-459.87 -55.60 
-381.63 241.85 
324.03 426.39 
462.69 263.45 
403.92 409.15 
350.96 89.46 
-235.93 -249.52 
346.26 -468.81 
-33.60 145.07 
21.18 46.35 
-154.42 -157.53 
275.21 203.97 
387.77  1.92 
17.69 539.70 
-126.62 61.98 
-568.75 143.98 
167.36 158.70 
-395.03 -361.82 
69.21 108.98 
31.39 402.25 
36.51 -169.97 
391.29 -45.64 
486.56 -89.99 
139.36 166.52 
103.91 377.37 
-529.65 172.22 
-551.00 42.18 
-151.38 445.78 
-544.15 -213.28 
