368.39 -275.25 
-86.48 51.40 
-434.66 -123.47 
29.62 -17.14 
-317.30 228.22 
-291.40 -190.88 
-267.85 498.27 
-315.88 -127.85 
135.29 -81.70 
103.01 -101.85 
169.77 556.22 
-49.46 451.28 
298.31 -84.20 
-415.29 401.26 
229.14 38.64 
206.98 -416.01 
-4.28 532.13 
449.48 -332.33 
125.28 -5.94 
-166.51  9.45 
-233.89 -129.54 
-89.89 -456.73 
26.05 -304.42 
100.60 -486.20 
87.36 568.61 
-236.98 132.30 
-236.29 -493.23 
408.22 180.01 
-292.88 478.19 
66.67 190.01 
393.78 372.89 
57.38 255.18 
419.20 212.85 
-252.02 -355.94 
-362.98 -427.39 
465.12 56.66 
190.54 -228.39 
-500.72 -32.58 
487.68 -269.80 
-486.99 -281.71 
-492.43 -340.13 
 4.26 119.15 
45.48 179.86 
-473.13 256.54 
231.27 472.64 
402.58 198.80 
-31.97 324.12 
-583.22 105.65 
239.92 375.29 
-145.71 433.39 
-514.19 228.37 
22.30 -564.36 
496.77 -320.46 
-256.66 46.13 
476.49 -104.16 
272.88 -224.51 
