-488.97 282.58 
484.46 95.49 
132.69 506.52 
-353.66 455.55 
-391.01 -228.29 
-83.98 -411.38 
-391.55 122.59 
272.92 -382.39 
263.50 -151.49 
-192.17 -184.83 
41.84 146.87 
-234.74 156.93 
-177.49 -446.81 
-189.95 -6.31 
-136.58 149.79 
-538.91 185.62 
-443.41 51.59 
524.56 -161.81 
329.48 322.55 
110.63 171.78 
461.91 324.82 
90.80 -11.74 
-291.81 522.62 
211.21 448.71 
255.67 248.28 
86.88 -399.82 
180.32 -142.04 
-148.69 -99.99 
73.68 222.51 
145.00 -198.16 
410.56 -90.17 
 7.80 26.32 
-159.65 -154.52 
371.71 412.90 
-163.01 273.33 
-392.76 -133.95 
-268.18 371.09 
-285.81 -62.11 
205.23 -352.76 
-293.53 -457.88 
232.57 19.48 
-389.96 312.32 
375.37 280.75 
427.00 -146.11 
222.79 50.27 
120.76 475.21 
-469.41 -235.46 
-187.61 402.55 
-436.42 193.12 
-179.67 348.27 
429.46 18.34 
278.08 -344.21 
-388.61 224.00 
19.67 -392.97 
-188.26 117.15 
286.28 271.28 
