-398.37 -45.99 
-56.99 -446.67 
-35.83 164.25 
180.75 19.01 
91.97 296.28 
-524.57 45.88 
-475.69 80.60 
321.98 -60.41 
47.36 -408.42 
-120.41 300.89 
-467.09 -58.00 
-472.44 -252.43 
333.58 -174.54 
360.33 -32.89 
147.16 -46.15 
130.04 96.27 
-466.82 332.83 
-286.85 413.10 
138.08 -229.57 
391.96 63.01 
-456.64 -336.31 
19.12 112.62 
-51.36 555.37 
-85.45 -116.88 
-21.74 561.45 
126.83 -400.81 
-387.12 36.48 
-517.61 -70.86 
-29.37 -457.82 
345.61 283.67 
312.63 48.00 
67.19 146.83 
289.38 187.77 
445.45 -321.96 
-361.64 -464.21 
170.93 395.59 
-382.21 439.48 
-328.83 -127.33 
-113.10 15.53 
309.59 -313.04 
-231.79 217.59 
-223.08 348.36 
213.20 470.63 
146.60 -163.98 
-585.82  7.00 
-318.00 -270.51 
-480.53 123.24 
-65.32 -450.09 
-332.46 52.83 
-207.74 418.79 
98.41 -375.64 
88.61 -274.12 
350.05 50.62 
-413.82 187.77 
-74.39 -308.48 
-331.10 -485.47 
