-169.20 72.63 
521.10 -193.28 
223.18 -252.63 
392.47 155.19 
-87.12 177.69 
353.73 -284.21 
-412.01 -73.62 
-349.98 149.32 
-291.93 336.97 
-305.11 411.92 
39.27 -273.29 
-235.66 -123.64 
195.15 -90.78 
-99.42 -208.42 
-218.67 -243.52 
261.21 152.53 
-568.04 98.44 
13.34 -532.41 
-130.83 -528.80 
-228.49 255.29 
40.57 510.47 
-566.15 178.05 
495.09 -315.28 
332.04 458.59 
-368.69 198.91 
334.09 308.68 
234.37 -403.98 
-406.13 -97.27 
-421.32 -270.30 
84.65  8.17 
-410.64 149.51 
-225.18 463.93 
-38.05 -191.97 
193.57 493.83 
546.94 231.86 
91.80 -332.80 
-193.50 -413.40 
19.22 -212.74 
-178.58 369.01 
-37.70 -455.10 
-370.56 -120.90 
441.54 248.00 
331.01 405.07 
363.69 -434.22 
-150.98 -47.30 
-154.50 -564.25 
-302.76 401.96 
-324.28 423.72 
388.97 -63.23 
-43.75 -472.21 
566.12 134.06 
175.30 -485.35 
520.57 -76.82 
-350.96 368.96 
96.67 208.59 
128.68 391.45 
