-190.84 -117.82 
-392.95 24.18 
388.87 18.06 
177.37 29.58 
78.48 575.66 
-150.87 542.73 
-141.01 472.25 
-420.56 -257.15 
-216.66 329.24 
379.72 -175.65 
-111.92 141.03 
356.61 323.94 
235.91 -27.25 
347.01 -475.22 
-51.72 364.19 
67.49 34.03 
435.97 -386.27 
-106.49 -4.28 
-183.74 455.65 
-25.39 -193.94 
459.67 -275.25 
248.44 -399.91 
315.52 -15.24 
-349.85 114.94 
-299.98 457.56 
-54.68 -394.92 
96.86 85.59 
152.64 -133.37 
-473.72 -258.87 
292.15 447.07 
443.79 269.15 
-383.31 -80.06 
-365.35 143.73 
-118.33 454.82 
-254.68 188.66 
-290.92 -316.31 
-555.06 -143.11 
194.50 461.02 
-106.40 -69.83 
368.63 -336.14 
82.08 -47.10 
-168.83 160.48 
-337.66 -136.46 
198.92 -84.86 
-163.80 29.64 
563.43 91.41 
-300.96 -49.24 
350.98 394.60 
-53.09 116.45 
236.23 -309.43 
-365.45 -83.30 
-383.93 78.27 
-228.93 -289.37 
-265.00 -252.85 
237.53 -416.65 
80.49 390.63 
