407.05 -373.36 
280.58 209.30 
-549.47 -132.02 
-44.31 -540.35 
289.81 108.07 
-245.96 -249.85 
41.59 511.00 
400.96 -210.27 
91.03 -75.22 
190.29 -378.63 
-278.22 -529.12 
343.43 158.88 
-295.26 451.02 
-135.34 491.08 
32.41 363.27 
271.62 41.30 
-450.98 257.09 
-37.20 582.53 
507.19 -320.34 
242.62 -275.60 
137.67 243.84 
-143.23 124.17 
43.51 -335.25 
189.42 379.58 
-271.22 -336.81 
51.60 -492.89 
-66.23 370.62 
23.28 81.01 
383.94 -421.93 
-172.23 224.69 
66.83 464.16 
281.47 -350.39 
-363.94 72.72 
-327.72 -43.78 
-32.37 -67.91 
448.68  9.37 
404.12 14.81 
367.80 -50.74 
-30.45 -262.59 
166.38 69.81 
-231.95 -260.76 
25.14 -213.00 
-59.64 13.34 
-205.72 311.71 
245.96 479.63 
-388.38 -151.36 
120.17 -75.50 
60.22 34.49 
102.79 256.02 
242.98 -91.72 
-174.50 154.37 
-80.10 -222.46 
289.53 449.38 
582.07 -93.94 
507.61 95.55 
36.17 52.07 
