-435.29 184.76 
370.49 -458.65 
198.74 497.07 
-143.75 -398.75 
38.20 525.02 
218.70 220.81 
256.90 -300.94 
370.97 -291.79 
373.63 -305.92 
-295.65 -281.96 
314.56 -37.45 
535.64 -149.75 
490.60 -321.63 
50.86 -281.71 
-114.33 -496.97 
337.34 62.74 
393.80 -3.49 
504.61 189.13 
-277.70 -262.54 
517.44 179.71 
134.99 129.34 
184.18 478.96 
-421.40 -62.84 
-27.66 500.34 
-26.40 393.44 
100.42 -327.28 
94.24 431.19 
486.48 -196.99 
-111.71 -15.43 
483.22 168.79 
-84.32 126.22 
199.16 -38.50 
-358.73 -441.96 
-206.00 -436.38 
-41.37 97.70 
367.38 118.53 
-561.18 -0.86 
406.94 -196.80 
-277.67 -114.99 
274.04 266.99 
-32.16 -385.02 
165.09 -445.29 
493.95 117.01 
401.59 -111.41 
260.34 92.87 
-7.53 561.65 
36.08 251.41 
-301.12 449.76 
-217.63 491.86 
-236.50 33.25 
-447.17 -305.40 
64.96 -51.35 
513.38 60.74 
93.48 315.09 
-11.45 -329.75 
412.04 -356.64 
