-468.06 -221.00 
105.22 339.12 
198.80 55.94 
159.91 -530.55 
-413.42 -425.30 
447.75 229.67 
-411.97 402.25 
-58.94 -185.17 
20.35 288.78 
-69.67 -27.17 
127.11 67.92 
-206.79 82.01 
-303.40 351.57 
152.58 423.44 
-61.34 241.00 
-448.70 140.51 
41.18 -316.33 
82.94 -253.58 
-321.07 398.71 
-448.10 -34.66 
233.05 284.79 
253.14 388.69 
-225.41 164.35 
279.50 -387.51 
-378.17 -366.86 
426.63 354.10 
161.07 -386.11 
-88.27 23.78 
156.63 421.65 
-553.90 -84.76 
147.31 -297.56 
142.72 -239.24 
-264.24 -460.80 
358.39 265.33 
-270.07 -440.06 
213.40 -273.41 
-196.55 -509.13 
-278.67  5.74 
-390.95 71.23 
312.53 -2.14 
-323.94 -174.83 
-63.29 -293.24 
-390.52 -50.71 
-182.43 -296.32 
-111.13 251.19 
-34.10 395.79 
241.11 -360.56 
27.13 -477.35 
-417.11 -286.65 
582.94 15.11 
403.61 -393.99 
-295.60 486.63 
98.53 384.11 
91.88 377.78 
190.17 544.06 
-533.46 271.04 
