74.63 -30.86 
422.73 -264.46 
-360.16 -265.24 
-525.28 -224.45 
-521.76 14.05 
411.67 -117.26 
72.54 -479.76 
151.39 103.60 
-18.62 449.02 
170.81 -276.58 
-205.29 -420.89 
-284.66 156.46 
-65.13 179.97 
98.31 -5.62 
572.44 140.42 
566.65 -168.72 
225.07 250.28 
393.30 140.05 
477.20 -4.90 
237.12 -470.27 
-364.98 306.15 
390.47 222.25 
87.17 577.46 
-348.85 -188.70 
-520.86 32.00 
-260.06 113.51 
-308.96 -298.83 
-396.48 -413.84 
528.55 -170.87 
-62.41 125.13 
71.16 385.72 
216.09 260.96 
 6.29 -412.23 
-551.39 51.40 
-425.83 414.14 
-107.44 -78.40 
-61.08 -60.18 
286.93 -115.78 
201.18 -334.28 
56.75 -492.78 
-275.23 -85.54 
-216.33 535.75 
93.78 -560.71 
60.25 582.17 
-227.88 268.51 
-50.38 -117.68 
-185.85 100.68 
-132.84 383.58 
77.65 -387.28 
-558.18 165.92 
-220.58 536.12 
-339.47 157.69 
-162.41 -465.82 
284.07 307.63 
160.88 -252.56 
491.99 -301.47 
