-14.07 502.86 
76.93 194.42 
364.60 -375.68 
-291.09 280.38 
220.74 -176.33 
182.61 264.18 
 6.47 64.35 
286.95 -510.36 
-60.29 205.04 
185.48 506.59 
53.55 -356.92 
167.24 -448.76 
83.49 -381.52 
-189.72 405.50 
-54.90 282.41 
-135.26 250.34 
-232.81 332.98 
-132.89 105.06 
491.76 45.98 
-316.50 -355.74 
284.18 526.56 
149.28 -252.61 
-138.62 408.27 
345.82 34.33 
-328.53 -160.07 
312.14 -193.13 
-593.64 -30.51 
-172.28 -62.33 
-94.04 -154.45 
339.04 227.91 
-156.56 11.01 
237.86 -53.37 
-385.78 -309.35 
-278.92 116.64 
165.36 132.70 
-12.35 546.60 
76.22 -225.73 
-528.17 133.59 
461.61 -268.87 
-340.87 137.08 
272.47 -526.75 
-447.27  3.97 
-479.92 -301.94 
314.96 46.69 
-519.02 -40.56 
586.90 -71.36 
83.35 344.17 
-523.46 168.60 
475.87 -83.24 
-282.73 -266.66 
514.11 23.56 
-54.14 565.42 
462.77 -233.20 
158.35 -25.41 
-361.91 -268.83 
205.88 549.95 
