-144.73 -281.32 
-467.79  0.01 
72.10 382.64 
255.22 -301.47 
-432.39 -364.52 
467.90 -248.29 
-575.76 -146.57 
-32.25 -30.93 
-492.66 -202.38 
157.20 360.59 
-198.51 257.99 
65.48 -302.06 
-152.77 352.72 
-160.47 467.44 
-357.91 304.51 
136.67 159.49 
-207.46 -77.05 
157.06 18.30 
-558.47 -120.07 
-263.45 -345.43 
118.71 75.22 
-210.89 85.83 
-152.23 -179.16 
-30.15 -307.06 
-516.62 161.25 
-38.71 439.96 
-145.55 -231.69 
-198.88 59.03 
-70.85 561.74 
165.71 93.70 
-133.04 312.11 
41.48 -434.45 
65.62 215.97 
-228.17 -529.18 
61.58 -570.79 
-282.53 -338.34 
215.89 -547.45 
434.75 -355.16 
-510.08 -42.60 
73.38 279.57 
214.65 529.53 
193.73 -377.32 
558.39 -20.24 
-147.69 -321.84 
-20.97 -201.69 
326.78 420.24 
520.18 255.59 
38.28 347.84 
210.67 -300.81 
288.93 453.01 
493.89 -164.87 
-354.31 -272.53 
253.96 -66.48 
-234.54 406.57 
-418.46 -361.31 
-382.86 -366.37 
