321.42 -157.51 
-227.61 -458.27 
-60.69 285.81 
189.55 265.12 
-127.12 412.10 
-498.94 -5.42 
143.19 106.57 
-364.34 -224.72 
152.16 565.21 
-417.25 -245.26 
-341.74 422.86 
-464.13 -65.29 
338.91 -348.63 
172.47 492.83 
-483.99 218.45 
260.84 -305.62 
105.11 -145.36 
-54.51 353.35 
-303.13 281.02 
444.79 -191.15 
298.14 -368.28 
93.22 -411.79 
-19.69 -505.09 
196.67 -357.61 
-212.57 -54.07 
-47.25 175.07 
174.62 259.32 
-284.66 -247.74 
-10.75 537.42 
534.20 -224.32 
-453.08 -344.02 
-379.50 305.38 
-519.49 -17.08 
-285.30 -127.67 
-272.81 -518.25 
-247.16 -490.27 
364.83 270.50 
58.75 267.62 
-316.49 -341.41 
521.58 100.34 
-274.76 -252.87 
-249.72 -387.00 
-224.75 -514.71 
-264.55 46.23 
-92.43 403.84 
-54.83 474.43 
-25.74 391.08 
-486.11 -279.36 
153.79 -150.90 
56.50 -54.64 
-201.00 -286.49 
34.59 -95.36 
-178.45 -492.18 
346.22 -322.65 
393.22 -388.81 
427.10 -315.22 
