-528.45 27.42 
475.74 131.57 
-326.51 293.37 
-8.33 131.20 
-274.72 -105.11 
84.50 -401.64 
-75.78 193.06 
74.67 26.28 
132.31 463.16 
83.42 73.56 
441.89 196.62 
-177.87 492.08 
318.51 274.59 
193.32 68.74 
 8.83 -456.32 
82.97 -470.09 
-11.22 460.03 
231.88 59.93 
496.01 -149.74 
 6.95 -435.54 
217.88 47.54 
454.55 152.98 
-265.82 -297.34 
-368.45 -191.27 
-198.45 -41.38 
150.29 -42.65 
 4.21 364.71 
-239.48 273.32 
-392.31 178.50 
133.55 -345.96 
-433.21 340.32 
-117.57 219.96 
-35.39 -463.79 
-256.30 521.81 
109.64 -119.85 
-192.13 -490.01 
359.49 -341.50 
78.96 544.08 
-544.52 142.61 
-253.21 -436.89 
-92.88 452.90 
-59.02 -532.74 
-233.43 434.55 
-580.81 113.36 
378.09 34.31 
138.27 -280.52 
-59.10 140.65 
101.20 -224.14 
-349.87 -217.76 
-138.31 -91.20 
568.76 22.43 
168.79 -112.70 
-414.60 -63.85 
-154.24 220.19 
216.61 -74.55 
-136.21 307.54 
