-304.81 -42.88 
-18.02 85.25 
37.87 357.71 
-56.63 -215.23 
-412.97 331.62 
-352.75 -421.97 
162.39 96.51 
167.30 -505.45 
219.35 14.12 
514.29 233.16 
-146.49  6.81 
-302.91 248.99 
-18.96 -582.55 
-370.48 14.50 
-442.50 40.63 
64.60 180.40 
228.03 396.18 
286.94 -439.60 
-491.58 -158.16 
233.16 420.02 
-304.60 -179.18 
-14.00 -443.20 
274.49 -192.44 
429.65 -166.81 
313.28 44.85 
316.26 -98.83 
132.59 66.60 
-289.35 -283.49 
-37.70 -489.61 
-74.34 -113.06 
-247.61 -265.00 
280.75 -60.79 
384.35 -429.91 
-476.47 90.30 
-421.70 340.37 
-202.95 441.91 
-148.12 518.10 
37.33 451.24 
557.09 -60.68 
-198.99 207.14 
-296.78 410.88 
-430.92 158.46 
526.52 203.18 
212.08 287.11 
-88.02 62.82 
-456.83 275.23 
319.59 118.33 
120.83 481.45 
263.50 -51.34 
422.07 37.93 
161.77 -417.87 
-151.28 -50.03 
-402.65 186.69 
284.63 211.29 
84.07 -92.31 
122.51 146.62 
