-406.14 -361.81 
-167.95 225.66 
-517.74 262.21 
-290.70 435.78 
22.81 235.01 
252.63 -164.91 
142.75 -562.37 
123.93 305.72 
-567.14 -93.65 
-441.49 -34.34 
468.22 -251.47 
266.30 -178.09 
-488.90 -166.23 
-434.81 -117.36 
317.19 -70.84 
376.33 -128.40 
 1.76 402.92 
-145.43 481.81 
360.19 -132.78 
225.03 -322.05 
452.85 101.19 
-463.28 -119.59 
-354.78 -481.22 
-3.95 -531.28 
299.97 -2.47 
428.16 202.85 
-458.44 -307.61 
14.30 -185.17 
378.46 48.70 
73.05 -305.33 
123.54 137.07 
-320.33 382.56 
-296.63 -470.64 
67.34 495.43 
-214.87 368.20 
-412.61 -121.37 
286.83 487.06 
420.72 105.50 
-168.22 -526.73 
386.81 -26.17 
-404.84 187.50 
-307.25 438.41 
-306.30 477.61 
349.38 -310.31 
-12.12 92.72 
-219.69 -16.39 
-100.75 -177.43 
-100.15 -379.34 
239.16 -448.27 
63.61 261.51 
42.84 511.76 
-199.35 -216.03 
-467.22 57.27 
-329.73 467.71 
75.43 -222.27 
67.95 -452.24 
