188.75 -562.34 
-538.24 222.02 
154.94 35.40 
-429.76 368.70 
-13.75 -148.96 
-275.42 -124.26 
89.52 550.36 
-201.19 315.92 
-416.99 231.83 
432.10 96.22 
351.21 412.37 
-517.02 296.91 
-395.70 355.62 
-288.09 60.44 
11.81 -191.42 
-297.85 199.83 
-531.39 170.04 
-301.22 -158.44 
246.89 192.98 
366.21 -326.35 
237.55 -355.50 
207.54 -211.51 
50.37 -84.22 
338.60 279.83 
331.63 -264.01 
89.70 67.80 
-330.15 -182.64 
-408.72 -190.63 
551.19 -229.81 
196.11 248.50 
-194.28 447.39 
-354.17 -466.50 
-269.22 -18.77 
-245.44 -112.25 
-369.54 -415.54 
-157.53 139.46 
-224.90 133.69 
-381.52 -264.20 
-23.35 274.54 
198.15 -517.94 
19.53 -528.23 
-301.29 -436.60 
-188.53 -285.47 
86.59 -556.08 
-268.00 -111.63 
-17.73 337.86 
426.36 61.65 
173.85 -347.48 
510.33 191.71 
-487.52 158.79 
-123.45 -113.21 
470.97 -16.56 
212.66 484.62 
-569.35 53.25 
-295.68 -475.06 
316.44 161.99 
