-293.19 -429.51 
393.87 -136.08 
-194.48 201.29 
528.87 -255.54 
-61.13 376.74 
-374.56 -153.84 
-517.54 272.32 
-592.02 11.60 
-267.06 63.88 
339.00 -418.06 
389.44 321.03 
-426.48 195.01 
-174.25 -181.64 
-237.97 39.44 
-178.73 71.12 
-123.78 170.21 
-556.12 -215.27 
64.88 309.54 
-358.32 -378.85 
176.90 -510.07 
-21.01 373.98 
250.80 -444.04 
-274.43 -19.81 
-237.46 -534.25 
168.20 457.42 
-117.82 158.40 
-171.07 351.68 
-147.80 -19.14 
-56.33 424.40 
-335.67 -35.59 
559.21 -132.12 
377.58 -336.89 
-250.09 169.17 
99.45 487.60 
-122.95 215.45 
-345.19 -298.33 
462.46 39.42 
-450.56 175.69 
153.32 -341.81 
48.26 31.41 
-100.99 556.07 
-234.17 -462.48 
-256.38 -66.77 
-112.50 514.48 
-225.87 -43.44 
-32.96 441.63 
-349.48 85.71 
14.19 -281.19 
-458.74 -267.85 
-234.86 -284.94 
216.95 -126.49 
-389.50 267.76 
-231.61 207.46 
377.44 -62.93 
-152.93 -413.86 
473.74 256.38 
