504.64 -152.90 
-99.44 63.76 
52.94 -590.41 
226.06 -351.49 
276.30 504.91 
329.63 -390.35 
-472.42 -236.65 
-117.22 237.04 
436.20 -243.73 
205.26 433.05 
327.16 -91.50 
-275.15 129.92 
 1.78 -452.59 
305.63 -227.34 
-580.09 143.06 
-268.46 -56.33 
254.19 -159.98 
-187.14 535.12 
-221.15 246.31 
185.12 -19.97 
120.05 -372.24 
393.57 -76.75 
284.71 -238.65 
-53.23 -362.32 
-107.63 -399.54 
-41.51 597.54 
-319.71 -462.41 
155.52 392.30 
216.38 364.89 
-70.49 445.26 
-386.17 -22.06 
-253.27 -306.81 
-12.92 -412.21 
79.27 174.51 
-60.35 252.38 
10.78 -556.15 
-238.32 -516.52 
-211.82 76.73 
-417.77 -311.57 
-150.56 -105.50 
391.49 368.69 
199.65 -200.78 
-79.43 488.03 
27.03 -522.00 
-259.23 273.30 
455.26  6.85 
-147.76  6.41 
92.01 -196.58 
298.96 -28.56 
-9.37 -61.48 
-62.94 453.74 
109.75 -59.43 
365.27 38.47 
-114.93 -408.09 
-135.28 196.13 
-332.70 -274.64 
