455.50 -104.00 
-443.42 -382.93 
523.58 249.36 
278.48 27.82 
-397.11 -93.32 
-209.78 -494.83 
479.27 82.36 
175.15 290.90 
265.86 -260.23 
222.06 -226.23 
-79.82 280.67 
-126.03 233.10 
-375.56 201.29 
55.34 163.46 
-339.14 -473.42 
-5.97 -291.15 
99.05 -17.43 
408.64 156.48 
397.28 -389.93 
-424.88 21.01 
143.67 -393.26 
555.44 -173.77 
-70.94 -508.98 
-501.89 -188.72 
-555.99 59.27 
217.80 301.31 
-103.70 16.58 
-311.66 -106.99 
-477.75 178.28 
-149.92 -42.99 
92.83 -176.82 
512.53  0.39 
542.70 -77.02 
-71.60 70.64 
-427.28 -329.64 
-166.09 -391.72 
-191.00 -408.13 
322.05 177.10 
325.33 -18.08 
538.39 154.88 
386.28 -84.20 
510.34 -164.31 
-98.03 -432.84 
405.31 96.51 
-1.20 -164.44 
269.08 -357.59 
320.82 -0.97 
-351.57 -3.32 
144.53 -135.11 
-154.89 -464.79 
-332.94 -380.03 
-449.01 198.92 
-145.85 64.98 
357.56 -241.48 
560.85 11.68 
202.84 402.97 
