63.39 307.22 
-233.92 85.18 
-306.13 -348.29 
-520.26 -264.08 
-526.03 159.60 
-84.35 -252.84 
524.80 -38.03 
-513.55 -173.64 
373.50 -149.32 
487.89 249.71 
402.19 149.75 
134.03 240.44 
91.88 -476.62 
-323.04 -133.67 
-293.13 247.90 
474.74 -22.08 
275.28 38.59 
-405.41 102.23 
-185.07 -202.06 
-279.60 -156.60 
84.90 -289.06 
64.99 -107.51 
434.08 -367.48 
44.35 -524.39 
-436.62 -263.29 
-262.62 -232.10 
-562.38 -182.59 
-61.59 -387.74 
-34.40 -324.64 
-197.79 -38.58 
-497.76 68.65 
298.03 -294.12 
-16.32 -299.87 
-210.35 -296.96 
326.18 -423.12 
345.44 -73.38 
-404.40 -25.72 
-119.16 -402.04 
-272.18 -99.51 
-97.96 55.30 
133.87 58.46 
260.45 -180.52 
-394.32 311.60 
-173.69 270.02 
457.38 -365.14 
-255.58 -39.80 
337.89 140.79 
74.14 261.54 
-458.65 111.93 
333.20 -187.37 
252.62 318.57 
-382.20 -461.69 
397.24 103.93 
57.52 182.70 
352.24 -6.18 
-192.63 474.44 
