69.98 42.37 
44.71 -107.06 
-124.59 150.20 
382.07 99.31 
-461.97 311.82 
261.19 235.51 
-82.22 512.16 
-531.37 134.62 
-349.76 -39.01 
387.86 -194.32 
-167.34 560.66 
198.47 259.57 
256.75 211.27 
296.06 339.90 
-177.27 -502.24 
283.12 235.55 
-348.74 -215.58 
275.97 -373.52 
357.49 60.44 
-532.48 -82.32 
314.83 -191.38 
-452.15 134.63 
-196.12 -87.97 
371.69 -313.99 
-379.70 -369.57 
124.47 118.84 
258.69 -509.49 
-210.80 401.76 
236.76 314.80 
476.62 43.80 
403.66 -179.49 
78.28 -12.14 
597.65  6.71 
298.85 -381.44 
-102.01 386.06 
115.29 -56.35 
169.96 -49.61 
412.61 351.03 
-115.98 561.67 
-103.75 -417.13 
19.27 -198.79 
-412.79 -18.39 
-416.92 202.61 
24.04 -292.81 
-493.81 -277.80 
527.72 269.45 
193.65 -526.71 
109.57 -116.40 
-442.26 -300.86 
-496.84 57.40 
385.74 240.52 
321.65 97.30 
346.41 102.26 
269.70 -534.10 
527.11 126.73 
170.65 -394.44 
