20.20 153.11 
23.66 201.03 
245.57 164.11 
518.07 11.00 
-38.78 -557.87 
-423.68 -299.05 
-110.81 569.54 
24.78 -258.73 
-161.18 93.26 
-504.65 280.85 
-8.35 63.69 
-33.35 -545.65 
287.92 -472.28 
147.16 -524.77 
101.68 -558.89 
278.99 10.94 
-163.64 -197.91 
10.88 71.35 
484.99 227.73 
364.61 -6.80 
95.52 -341.42 
410.45 101.13 
95.58 368.28 
-427.61 -112.63 
545.36 -87.63 
-99.68 -456.62 
250.26 397.44 
277.44 -256.76 
175.00 -111.81 
294.11 433.33 
-258.70 511.24 
-264.65 200.36 
289.25 25.91 
-104.09 417.61 
-292.91 -277.86 
 3.17 105.19 
154.26 349.13 
538.60 174.24 
-138.08 -386.38 
-257.39 -315.87 
448.98 213.97 
250.46 326.58 
-109.59 141.06 
486.25 -14.40 
-160.98 -474.74 
-198.39 -175.11 
106.62 -226.55 
-397.33 -408.78 
-4.03 -501.11 
-244.18 -253.54 
221.27 -188.90 
-92.37 589.86 
-408.11 388.59 
-496.25 -22.10 
-111.71 -84.46 
304.10 269.95 
