160.35 506.53 
201.24 -229.03 
431.45 -180.61 
104.59 363.79 
232.73 -23.54 
245.58 -256.30 
-199.85 161.19 
-494.73 323.46 
-342.17 173.04 
65.49 -496.53 
-441.70 -329.51 
-200.07 259.29 
-137.39 -579.62 
234.50 445.83 
-366.58 114.01 
263.34 -171.60 
84.53 430.07 
-44.10 -414.94 
-526.80 97.10 
-200.89 -518.54 
497.15 82.13 
266.13 -467.28 
-319.70 306.96 
298.62 430.70 
-104.08 -357.72 
-516.26 -69.45 
15.79 482.07 
383.96 190.68 
-381.91 136.94 
322.57 -112.06 
325.78 283.45 
-535.84 124.42 
349.41 359.47 
468.44 -59.02 
-367.66 188.74 
-342.34 462.60 
-518.85 235.55 
-51.53 578.38 
379.86 210.08 
-278.82 207.28 
-471.92 -268.44 
-313.61 226.62 
-550.34 -36.94 
171.43 -300.79 
17.08 -46.06 
-417.71 20.09 
-491.99 -207.05 
-170.09 -265.56 
186.12 183.17 
53.20 -542.05 
-459.65 -242.84 
-387.27 -365.53 
-269.41 -66.62 
-132.37 14.42 
-503.27 79.28 
301.14 -325.39 
