-253.52 91.47 
-211.33 113.92 
550.63 88.42 
-219.71 -477.12 
293.27 484.90 
90.04 -567.26 
412.33 -56.60 
194.96 -100.10 
147.10 15.70 
-484.91 195.49 
200.80 443.49 
50.57 164.69 
-475.20 -29.69 
-511.76 274.29 
108.21 399.89 
42.69 102.12 
244.23 -403.98 
167.49 -450.32 
-193.38 71.06 
496.10 235.90 
-103.60 540.10 
-385.29 55.90 
-11.90 -527.87 
251.46 -255.86 
332.57 -294.01 
146.81 -393.35 
-19.57 29.51 
518.31 39.93 
-20.15 -375.36 
90.33 -374.71 
400.95 248.57 
-292.09 398.02 
-44.06 -432.81 
-204.83 -80.93 
-271.97 -425.84 
-214.48 63.51 
222.07 133.90 
221.52 -495.10 
151.52 -545.76 
-17.63 255.37 
-444.05 -172.21 
384.11 128.03 
215.05 293.49 
195.53 -152.74 
-346.28 -376.94 
397.71 330.84 
468.80 -327.45 
273.37 -485.16 
-181.65 -28.31 
232.02 49.89 
-200.35 -281.08 
354.96 477.78 
-128.01 101.72 
-335.57 -381.89 
-40.65 -456.99 
419.75 162.22 
