419.14 -395.77 
130.50 377.40 
29.23  8.58 
-296.74 -345.89 
-334.81 -251.17 
520.86 158.77 
-473.05 -181.74 
-284.82 -207.91 
-214.69 165.07 
393.07 32.71 
201.31 -87.70 
369.25 -263.21 
-12.53 -268.51 
175.83 -215.38 
-347.77 310.32 
167.97 -196.17 
273.97 506.35 
142.29 -510.92 
268.44 517.74 
281.31 187.91 
-383.61 98.17 
-23.53 -576.65 
75.95 471.99 
-250.11 -482.62 
468.23 71.06 
-391.51 380.40 
334.85 307.81 
-297.11 -315.57 
-56.91 125.71 
308.61 -484.90 
104.33 89.19 
-517.93 258.81 
-449.44 -362.27 
-236.87 -501.20 
-15.87 597.89 
-173.73 -438.13 
547.31 -165.37 
411.00 -215.30 
71.41 168.75 
440.67 -393.76 
-23.74 -272.92 
24.54 -133.96 
-28.46 -574.91 
261.69 372.46 
-430.45 -282.64 
252.16 -121.35 
405.46 -221.56 
539.85 191.46 
436.15 241.62 
266.30 -244.94 
-103.02 174.98 
-377.77 264.68 
354.74 -154.62 
-144.93 182.33 
-68.92 -585.50 
511.71 -226.99 
