-240.87 -488.59 
507.85 -302.83 
338.15 -93.62 
10.98 575.90 
114.36 413.30 
-287.79 163.42 
179.33 -56.91 
185.73 539.72 
-290.45 -383.22 
288.30 89.06 
-387.57 -365.28 
-508.05 204.09 
-94.52 -175.51 
244.64 -368.91 
-425.23 246.37 
219.30 -526.96 
 7.46 124.87 
-298.45 135.68 
54.18 -525.85 
204.83 -339.01 
-361.53 281.43 
-337.71 483.55 
297.32 220.43 
427.35 -303.00 
-293.35 -510.70 
82.13 -472.55 
 7.30 92.24 
154.76 -50.60 
493.27 -149.33 
-77.30 -496.45 
-161.67 -458.48 
-325.72 458.42 
166.83 387.21 
316.97 71.66 
57.99 25.38 
125.04 321.28 
-332.87 -463.43 
-40.83 444.59 
533.11 -28.50 
-23.95 -213.44 
-133.60 382.23 
130.59 -148.51 
409.13 -334.63 
114.79 252.61 
416.08 -277.71 
-329.41 -414.83 
388.97 -32.23 
-528.07 -272.45 
-214.91 281.66 
582.65 -106.99 
 4.02 -170.82 
258.73 -105.00 
224.97 20.70 
-129.00 -498.87 
-253.73 274.01 
-412.44 92.95 
