68.02 -298.89 
457.94 -122.68 
252.97 -305.32 
-423.92 28.85 
286.38 -355.82 
-0.86 -229.88 
-363.84 -470.16 
-570.27 -0.73 
-25.84 178.62 
-194.15 -214.29 
68.36 487.14 
-448.19 241.86 
-147.73 34.16 
575.18 -158.64 
-252.16 -178.68 
-8.43 428.23 
-180.27 371.80 
328.54 90.96 
-267.65 393.01 
-75.31 438.14 
-560.51 173.73 
-291.44 -142.83 
346.96 -432.98 
-224.83 525.25 
-476.74 324.14 
-366.09 -221.46 
-186.65 -150.22 
-589.98 -56.48 
-392.04 63.04 
115.62 -304.94 
372.03 -421.09 
355.21 462.33 
308.46 492.73 
-548.66 -27.72 
-170.97 -355.05 
-135.39 207.73 
288.36 -249.47 
-64.14 -78.86 
-459.82 68.96 
-174.75 552.32 
130.81 54.68 
-277.95 77.25 
412.61 405.83 
282.12 -324.26 
212.69 158.60 
-197.04 457.25 
101.17 -468.65 
195.77  5.63 
-297.69 73.39 
467.85 -252.14 
-493.24 251.59 
315.05 279.70 
-228.07 449.40 
-164.44 -539.09 
-178.40 394.71 
-380.19 -451.85 
