-292.75 -256.01 
158.14 567.88 
-240.34 -459.70 
-322.35 411.59 
77.58 -253.04 
22.00 543.00 
-144.75 291.74 
349.42 175.02 
38.65 105.28 
473.58 357.00 
-221.04 292.26 
474.75 82.71 
-497.22 -65.18 
568.34 165.98 
-243.22 307.93 
108.98 228.79 
-229.01 522.47 
101.50 -159.85 
407.31 128.43 
-249.57 -19.77 
-239.09 441.91 
41.54 -127.69 
-110.28 -133.11 
-153.39 -419.05 
475.00 82.03 
 5.72 -405.41 
535.82 205.62 
-102.71 -528.53 
439.19 169.97 
259.62 -158.92 
-327.22 -293.31 
-33.74 576.19 
471.40 59.40 
245.92 275.45 
92.31 401.79 
451.61 -225.19 
-279.57 302.32 
-500.49 12.13 
-242.46 -467.82 
85.98 183.65 
209.10 -388.26 
-142.58 -497.24 
-178.45 557.92 
491.33 313.00 
345.51 349.26 
-35.18 219.24 
-7.48 587.43 
-195.98 -377.34 
-293.47 198.69 
249.48 -76.50 
147.07 -225.80 
427.15 82.09 
108.53 188.87 
-321.22 372.50 
-146.18 302.33 
105.81 -7.73 
