467.14 -295.04 
236.36 56.59 
-71.15 374.18 
-220.60 301.44 
-307.96 116.05 
-182.12 336.26 
227.68 243.84 
448.03 128.43 
170.96 402.56 
-24.85 40.23 
-387.50 343.87 
-48.41 448.00 
243.73 -500.62 
152.21 -301.51 
-41.28 395.93 
-518.28 244.80 
424.30 -397.65 
-387.10 248.21 
-33.39 -432.38 
-90.96 -233.32 
311.50 -164.73 
369.22 402.33 
363.78 218.30 
385.78 385.82 
-466.31 -196.83 
-124.08 553.48 
262.19 -445.26 
553.72 -112.30 
-256.42 -438.69 
299.04 -0.56 
414.07 173.44 
156.58 237.53 
-495.05 -191.16 
-360.03 -103.50 
-43.87 -415.98 
259.32 -231.72 
-393.10 -375.75 
145.14 -346.87 
409.12 364.46 
-386.83 360.55 
503.41 259.70 
431.85 -100.24 
191.45 -121.99 
-328.35 -499.66 
-81.90 146.78 
-180.68 -406.38 
275.56 373.01 
-439.44 279.64 
-63.93 -407.04 
283.55 78.75 
-63.81  4.40 
222.91 -527.81 
448.91 21.12 
-290.01 175.25 
408.60 -74.82 
-455.96 218.67 
