283.87 313.80 
137.12 241.71 
173.30 -527.03 
314.27 -305.25 
305.88 -185.86 
-411.52 141.12 
373.12 330.19 
287.27 491.99 
46.97 428.64 
47.87 349.49 
-13.47 -121.00 
-41.24 309.60 
575.31 121.11 
-470.91 -264.98 
243.09 275.25 
-261.57 418.55 
-78.29 -98.49 
483.13 -95.62 
508.61 -112.96 
-187.82 248.10 
-325.00 -487.32 
362.03 203.89 
414.74 -162.77 
360.63 150.53 
-55.54 -295.81 
-585.87 95.47 
-88.40 351.05 
42.41 43.62 
105.86 -186.09 
-99.35 -407.57 
393.86 138.66 
295.96 -107.16 
41.05 388.08 
 0.03 391.70 
422.24 312.53 
222.13 261.84 
-133.21  2.50 
48.31 -509.32 
110.87 268.11 
261.53 418.71 
464.00 -313.70 
205.09 305.30 
269.68 -154.68 
538.34 -5.44 
-138.81 -469.09 
476.76 -214.29 
481.78 -176.22 
-257.34 132.84 
-146.22 249.68 
33.63 149.22 
-24.63 552.57 
37.07 -137.92 
38.34 314.67 
379.64 129.52 
220.58 -181.45 
166.37 -350.19 
