-25.63 -224.51 
260.03 -285.80 
-105.87 416.13 
296.28 252.44 
164.68 -309.94 
-370.98 128.25 
136.00 -264.74 
125.08 458.54 
-31.01 -308.17 
286.18 -359.43 
37.38 -100.15 
-320.70 196.79 
30.67 359.51 
128.44 389.41 
157.17 43.20 
390.62 -313.76 
152.76 -163.28 
-245.08 68.85 
490.56 127.10 
472.95 167.52 
-43.61 336.37 
191.92 152.33 
-63.62 -570.91 
-234.52 258.15 
247.77 84.05 
226.28 -63.38 
-102.97 -392.35 
-179.15 -533.73 
-412.45 -115.52 
-281.98 -426.65 
534.75 179.96 
-347.62 332.39 
38.87 539.83 
303.43 -297.25 
-349.07 439.18 
-81.76 -456.08 
-118.60 388.85 
-292.85 -200.04 
131.94 43.63 
40.10 171.63 
281.81 -106.04 
-485.86 25.34 
-492.99 -280.09 
311.62 190.74 
27.88 20.48 
132.26 -110.03 
-440.56 -283.07 
-273.96 -17.49 
403.17 382.41 
50.25 525.13 
-317.68 -406.26 
232.12 150.62 
459.28 -231.56 
-395.58 -185.48 
-204.86 -237.76 
234.37 -91.59 
