81.51 13.45 
418.70 382.36 
209.53 -41.46 
-422.85 163.44 
339.17 -13.95 
-129.23 191.97 
-455.03 -246.25 
-521.46 42.83 
519.78 -107.69 
487.03 319.25 
-231.78 -162.44 
-340.12 -331.23 
-211.20 60.25 
546.32 -113.10 
-366.32 421.42 
-1.01 -385.74 
242.57 -274.19 
275.82 -173.19 
-73.84 -125.43 
-127.11 -336.06 
229.39 -479.55 
-365.13 263.63 
-584.34  7.96 
23.85 -157.28 
-208.21 54.35 
-18.27 244.56 
488.58 -291.41 
316.81 -187.17 
-111.54 436.92 
167.94 -488.92 
-43.71 135.90 
-18.68 -194.61 
-78.53 -392.82 
-93.32  3.77 
484.85 -284.98 
-394.76 -353.72 
209.77 -389.23 
363.63 -222.71 
541.92 229.06 
125.14 474.54 
-540.46 -29.52 
33.16 61.60 
-21.95 -76.35 
-133.87 228.37 
-322.90 -52.69 
-557.76 -156.90 
262.76 -231.46 
22.27 -227.49 
-192.89 -219.21 
-312.98 -23.97 
142.78 -444.93 
282.18 -400.01 
-35.66 74.59 
331.01 -94.66 
223.18 -276.69 
-383.84 179.48 
