-120.80 -301.53 
31.60 -120.47 
-272.23 -175.96 
-58.70 493.13 
-487.10 -259.64 
147.23 418.59 
-297.13 -277.82 
-435.28 87.79 
31.74 147.67 
-35.88 -278.29 
-140.80 -31.60 
213.70 -393.29 
-327.65 489.17 
-453.90 -251.84 
203.04 -540.75 
33.95 307.08 
544.25 55.63 
433.90 -192.14 
310.00 498.29 
471.04 -370.41 
344.26 -247.91 
97.19 -444.81 
119.63 98.31 
283.55 109.32 
217.39 534.03 
132.90 341.25 
240.00 -449.21 
61.56 124.71 
557.58 -124.97 
541.63 -249.68 
451.64 -51.76 
-117.57 549.21 
-251.82 228.78 
439.19 87.33 
-306.11 -175.49 
116.43 -413.39 
-482.06 56.90 
135.29 155.45 
-424.56 49.81 
-375.76 147.11 
292.32 -4.39 
167.46 435.21 
-492.83 -275.74 
-158.71 -73.48 
597.65 34.29 
-110.39 74.69 
-367.01 377.45 
-382.69 -12.27 
 5.60 -149.24 
400.19 -115.21 
342.81 -324.51 
73.02 403.26 
-190.79 19.26 
-354.88 207.49 
-457.61 -370.59 
301.03 29.97 
