166.97 -540.65 
-101.16 589.67 
-480.50 -86.91 
379.05 -300.82 
-97.99 -355.75 
-341.02 -108.66 
222.62 402.67 
-302.93 279.92 
437.14 -9.62 
237.87 -493.11 
54.17 -133.92 
-85.23 -579.52 
88.41 362.94 
146.42 20.66 
-174.27 454.28 
507.33 113.10 
197.43 27.75 
-262.14 -328.97 
-410.47 436.44 
521.10 -17.34 
-45.31 -299.38 
-48.96 -224.12 
-182.88 40.43 
298.05 269.53 
30.32 -287.17 
185.36 -511.45 
455.16 302.13 
203.09 312.49 
-82.01 120.23 
67.99 586.43 
-25.00 297.31 
-167.10 -499.10 
-83.18 -591.60 
18.78 584.42 
-242.09 -43.21 
-252.15 383.19 
-114.30 181.65 
-394.54 419.18 
-464.39 286.46 
-305.96 -24.33 
30.71 457.70 
-54.25 -66.17 
-515.51 -287.28 
-111.68 331.69 
312.03 147.97 
191.45 -77.99 
-220.92 -150.53 
-115.46 146.01 
282.94 149.23 
288.31 460.97 
-496.94 -319.43 
-23.54 466.87 
-115.44 505.70 
-537.15 237.73 
-3.25 -29.18 
-191.44 206.06 
