-414.08 402.62 
180.92 350.48 
-276.03 -446.37 
-125.58 293.78 
-168.92 375.30 
367.18 16.57 
-328.76 -279.99 
-215.95 -418.10 
404.90 -184.24 
-67.81 -513.40 
210.88 65.98 
-78.69 -283.01 
-368.20 449.36 
-213.33 -508.58 
310.82 -245.63 
22.75 -122.20 
82.07 -407.60 
54.37 588.23 
-189.82 101.46 
391.46 -106.56 
521.65 259.56 
-150.66 -527.28 
-396.41 67.83 
504.81 -95.21 
-145.80 -274.56 
42.23 331.54 
541.46 10.63 
549.07 -179.72 
-63.83 546.19 
147.43 182.53 
-210.91 509.38 
-146.48 77.66 
-461.12 303.25 
273.01 529.90 
128.53 -442.44 
-432.51 -45.09 
-285.62 -199.35 
140.81 247.98 
-319.42 -110.02 
340.56 -447.20 
156.79 15.07 
-244.35 -20.95 
-93.75 -488.29 
363.54 248.90 
-434.42 271.52 
567.21 171.69 
258.73 -418.35 
-255.45 -224.04 
-124.88 461.50 
-407.65 -335.68 
102.57 110.49 
-4.69 159.79 
425.05 -18.38 
449.85 10.77 
565.73 54.34 
-306.74 -443.44 
