244.77 357.47 
-348.79 483.39 
107.95 463.76 
-545.32 -203.19 
375.00 -69.74 
231.73 312.53 
-500.13 -214.66 
-118.65 -77.91 
152.96 -182.32 
-32.08 116.13 
434.46 -88.24 
-234.49 -25.67 
-301.43 -428.62 
-155.52 506.47 
244.76 -106.22 
94.87 238.25 
-474.88 -45.62 
-230.08 -441.15 
-481.77 250.75 
348.32 48.33 
40.61 -441.43 
-248.77 -158.97 
205.18 11.89 
-468.09 10.94 
-251.89 325.44 
-136.94 10.45 
-409.46 -306.41 
-174.86 504.43 
189.01 302.21 
153.65 -192.33 
-410.15 -180.03 
207.14 99.74 
-262.24 -323.69 
434.15 -263.18 
-407.13 -198.99 
317.71 498.57 
424.25 -66.32 
-116.04 121.15 
523.35 149.60 
-243.62 36.85 
-54.07 514.34 
329.69 115.09 
-214.27 -30.91 
87.60 -289.85 
444.47 -268.26 
-267.74 -59.81 
91.46 -241.87 
-496.80 -163.22 
-70.69 -580.72 
-220.37 -87.24 
98.48 406.10 
-414.58 -106.68 
252.86 -133.74 
-537.35 230.51 
100.42 -558.65 
-473.51 -209.70 
