427.86 -139.89 
447.22 26.51 
-10.58 -538.05 
77.99 -247.49 
-406.93 411.39 
-21.11 116.49 
-28.01 -318.11 
-230.79 -506.01 
-142.32 -536.79 
22.09 381.80 
-52.62 563.34 
-28.76 -80.06 
-53.60 307.67 
128.99 228.03 
-277.67 446.90 
21.85 -161.19 
-160.88 217.56 
-170.13 521.64 
-195.89 400.04 
442.98 -237.44 
549.58 165.57 
-46.89 -403.34 
-338.21 -389.66 
-214.52 529.73 
-569.77 137.03 
117.94 -145.38 
-273.54 147.01 
178.50 -64.88 
488.19 -339.14 
-245.77 315.79 
98.19 -531.34 
-263.18 -521.47 
-499.62 -91.26 
251.02 340.97 
-288.97 -506.73 
23.74 -272.57 
-83.05 542.33 
-135.39 162.14 
486.35 185.02 
-108.15 -288.22 
-194.42 165.10 
-247.05 -545.06 
-543.67 223.59 
-448.09 78.18 
-173.61 86.34 
306.67 466.08 
-17.15 277.55 
333.06 409.79 
319.23 110.10 
250.01 -417.43 
-406.27 207.28 
-174.22 -437.66 
-142.83 17.23 
-42.88 344.54 
-443.10 325.41 
308.36 292.12 
