-393.37 -236.83 
-170.49 -338.46 
55.78 410.28 
-408.59 -55.32 
249.33 -222.68 
159.32 249.51 
-495.42 -114.55 
384.24 89.49 
24.76 378.41 
-159.05 285.07 
349.20 -207.72 
564.98 -15.92 
-37.07 -53.81 
-228.97 -31.82 
578.97 -134.80 
446.27  5.34 
267.40 535.92 
-75.23 -72.97 
478.39 -130.04 
169.05 -9.52 
-55.53 -510.29 
-282.73 49.40 
-261.16 230.56 
207.90 -74.26 
275.48 164.05 
354.80 -289.06 
438.11 -70.22 
-258.74 142.97 
591.74 63.38 
-285.39 -124.77 
253.87 103.26 
193.78 -283.70 
-294.56 518.87 
-469.72 -40.38 
-250.81 -249.23 
351.08 203.20 
84.93 -586.23 
-120.53 182.00 
140.11 -193.13 
176.74 480.16 
-391.35 160.11 
415.14 62.56 
-435.23 -165.36 
408.30 -337.45 
77.12 -217.66 
-388.97 311.63 
-199.51 321.32 
-338.82 -459.04 
173.45 -71.99 
151.47 123.27 
-29.35 -519.10 
255.57 -97.37 
192.05 -6.04 
-91.56 468.98 
-311.67 381.71 
-499.36 -202.59 
