-67.11 -181.23 
-352.95 -14.94 
61.99 260.49 
-456.71 -374.36 
-109.87 -560.48 
220.01 -497.41 
-236.95 -517.17 
39.95 416.37 
-307.81 316.04 
-383.80 -198.00 
46.55 371.40 
-362.80 -438.99 
-274.20 13.69 
-106.48 250.71 
407.16 -182.84 
-501.19 -244.47 
45.64 -383.99 
 3.02 478.76 
-474.80 226.35 
70.55 -521.00 
41.16 342.17 
-255.32 -58.91 
-123.38 32.90 
437.72 27.41 
-146.09 555.42 
173.77 -273.48 
139.67 -287.15 
238.27 251.17 
-549.60 150.63 
-514.50 153.94 
-310.42 -279.71 
262.79 73.48 
-85.86 251.86 
-87.66 -184.29 
270.73 158.41 
68.72 143.67 
94.56 -542.94 
-90.04 -240.27 
390.24 -217.49 
-55.44 121.21 
-192.85 30.62 
-183.40 -150.89 
-356.47 338.81 
-191.91 436.00 
469.22 -241.86 
561.22 -112.40 
547.03 150.24 
-252.28 -386.23 
-322.80 -41.50 
-131.56 164.66 
-428.20 -158.77 
-121.64 222.02 
240.47 482.43 
-192.59 153.84 
115.93 545.50 
414.42 -90.98 
