-473.91 312.57 
158.91 -297.64 
-594.99 -15.26 
385.91 264.10 
-185.66 -25.32 
-202.65 322.40 
202.74 298.67 
-61.49 -300.23 
223.30 508.62 
494.23 -88.72 
-445.70 -289.31 
309.95 -229.73 
-115.95 154.62 
-124.49 -229.11 
132.63 -191.29 
123.17 -314.48 
-407.25 418.84 
202.16 -322.64 
-13.05 -476.30 
199.99 357.43 
253.91 -523.48 
-484.92 250.29 
-367.17 250.23 
145.73 375.83 
-147.99 -323.54 
14.46 -63.67 
-300.04 -85.43 
412.60 356.15 
191.76 508.12 
205.27 -520.24 
-57.11 -258.24 
-267.04 -27.06 
38.33 267.03 
 9.93 212.93 
385.05 84.33 
178.21 275.08 
-584.89 -115.91 
-104.24 -366.75 
-314.10 -26.75 
-238.72 -70.32 
-89.51 -163.10 
-385.81 410.33 
-118.62 -73.09 
315.73 -110.36 
383.25 79.49 
-0.97 -96.48 
360.97 -176.67 
481.98 276.54 
-86.33 -587.38 
-307.58 -178.52 
383.91 417.50 
131.64 466.09 
-110.53 -565.31 
-139.18 471.90 
-170.47 129.41 
66.42 -329.07 
