-235.88 -56.20 
265.36 97.14 
-55.96 -543.70 
429.03 -201.58 
-85.43 -226.52 
220.99 62.80 
-366.71 350.64 
474.66 -57.20 
240.61 303.52 
-525.13 169.27 
347.93 -26.14 
-304.28 500.86 
72.74 -204.02 
70.45 545.71 
-214.68 510.72 
-328.56 394.21 
404.39 342.48 
111.59 -203.96 
25.18 -85.80 
-380.02 -337.08 
431.61 -294.63 
551.75 157.88 
337.32 -489.91 
417.39 -55.01 
-110.18 254.02 
302.07 -287.28 
-141.12  6.25 
511.10 -195.25 
10.48 -247.18 
-141.02 -192.06 
36.41 404.04 
214.18 84.73 
-346.82 -273.97 
343.36 66.65 
-287.41 88.72 
417.11 82.85 
-92.13 -176.85 
-54.74 308.12 
105.68 355.60 
-150.48 174.31 
150.13 48.93 
-102.25 174.23 
40.45 -218.85 
116.09 86.72 
-271.06 116.98 
428.95 128.44 
244.57 -507.57 
-337.64 -211.31 
-436.92 -76.60 
140.57 486.27 
-289.17 249.67 
-100.85 -479.96 
-470.92 -265.29 
-270.93 -307.54 
61.93 -509.94 
-271.19 -389.83 
