146.22 -32.22 
-146.91 -479.81 
-157.18 -242.62 
329.92 -213.72 
-80.87 -571.28 
-75.89 407.93 
-387.10 158.31 
-159.51 -282.88 
311.06 450.17 
63.18 205.02 
122.07 28.20 
-266.29 -297.13 
269.71 -26.78 
-113.05 -313.16 
-12.17 -170.58 
-408.85 -104.83 
-9.94 219.69 
373.96 266.93 
415.17 -394.90 
-269.20 54.35 
190.38 -434.17 
83.63 189.20 
-555.08 -52.97 
63.91 335.70 
145.19 -398.82 
48.39 -452.95 
77.93 -136.07 
250.34 77.71 
552.95 21.10 
-248.64 -206.19 
348.24 -389.02 
-560.55 131.51 
-183.32 289.74 
154.53 69.22 
-160.62 -174.38 
-164.52 262.59 
-193.45 135.27 
-486.50 172.82 
-44.94 452.02 
578.02 92.61 
-172.59 205.79 
-451.51 -171.52 
-51.14 525.54 
-158.15 -465.73 
544.28 193.97 
-357.75 192.63 
-256.43 143.95 
-227.16 -350.32 
-260.57 -384.57 
-311.10 -189.34 
-373.15 -56.50 
177.70 -507.96 
-80.37 -443.42 
535.79 194.72 
-383.60 22.38 
509.88 -53.59 
