314.96 257.34 
320.82 159.32 
-226.88 548.92 
444.13 93.68 
351.37 -480.19 
-141.67 430.88 
-94.44 237.90 
402.44 -134.51 
255.45 -222.22 
-363.39 -160.91 
228.77 -534.54 
-50.50 -586.95 
496.66 69.79 
48.54 -148.62 
314.18 -129.55 
-112.20 -310.36 
149.59 524.28 
-544.61 -56.56 
466.76 305.64 
449.25 -366.13 
345.24 15.84 
271.14 122.95 
80.23 284.33 
133.30 -483.28 
-82.47 -436.35 
-138.79 235.87 
-104.36 395.00 
-160.58 148.01 
337.97 -188.58 
194.77 -419.75 
262.41 -82.23 
-356.62 71.66 
239.51 -514.42 
-372.86 -313.88 
344.12 -153.56 
-513.31 241.85 
-111.96 486.97 
88.85 262.41 
-134.97 418.91 
497.88 277.44 
239.69 -438.06 
-115.67 -65.03 
-75.71 125.95 
320.86 -213.70 
-520.82 210.15 
-201.27 -414.42 
20.71 -160.15 
-393.53 422.64 
-187.56 -117.45 
-272.04 62.21 
-438.57 294.79 
-535.99 -40.84 
-75.06 525.49 
161.78 -254.73 
 8.14 -128.78 
-162.32 -80.92 
