-420.58 -348.05 
205.91 58.53 
89.25 -35.37 
223.53 -442.96 
-57.31 249.72 
32.47 -314.13 
273.05 53.76 
518.22 222.14 
234.70 172.14 
148.05  1.07 
-206.81 -151.57 
212.05 342.76 
413.18 -286.15 
42.56 363.84 
-120.31 200.24 
-164.55 -190.57 
272.69 -12.54 
142.81 321.24 
548.92 -190.09 
277.18 -193.31 
-455.68 -347.84 
-410.46 210.49 
-236.01 -30.34 
77.29 440.36 
76.43 50.04 
477.06 -287.44 
-446.31 214.74 
-76.35 417.99 
252.51 -177.75 
-58.48 -309.23 
-164.10 -182.14 
-296.24 421.31 
503.76 -289.18 
-381.93 -421.44 
-11.17 -85.47 
-546.88 -80.49 
-96.27 463.71 
393.74 -395.25 
-427.08 -212.74 
391.80 -55.76 
-75.30 224.66 
-317.04 -412.96 
153.20 -239.36 
-97.52 -431.37 
-579.05 45.13 
-101.96 -391.37 
-141.21 193.08 
118.03 -413.80 
-189.91 184.89 
-13.14 -291.39 
-133.15 -9.47 
-500.53 33.61 
119.77 296.41 
-138.14 -250.97 
-78.43 -424.43 
-45.19 63.29 
