180.10 146.45 
-280.03 503.44 
398.00 -205.72 
-48.23 -514.01 
-54.70 533.16 
292.55 -256.59 
-107.64 -516.49 
-156.99 -311.62 
-118.77 -582.64 
-264.45 129.24 
495.09 289.44 
-102.24 -509.08 
138.35 260.14 
-461.08 245.55 
246.85 -85.09 
-425.58 76.27 
388.42 147.21 
236.48 -402.60 
566.55 -76.28 
447.13 299.16 
-39.38 -295.10 
-17.87 -204.55 
215.64 -41.30 
-279.20 -233.16 
182.46 -313.89 
289.33 -88.00 
531.21 -99.81 
-179.31 -569.62 
-395.64 165.10 
-509.31 67.60 
-478.10 -135.60 
-452.72 254.23 
538.73 -23.07 
313.68 -329.39 
557.51 -62.53 
84.73 -202.78 
13.89 -172.78 
-302.37 438.47 
170.75 -351.58 
380.72 -173.26 
55.23 -542.67 
112.28 -370.39 
-504.79 -27.01 
272.10 422.87 
277.59 -304.59 
-459.68 156.80 
-19.20 -6.16 
-328.22 379.15 
160.39 94.21 
-208.86 231.58 
145.32  1.93 
223.80 -399.66 
-46.05 -202.72 
-84.07 -30.31 
-116.21 -139.29 
-74.23 28.80 
