-265.67 106.73 
-318.28 -468.68 
277.36 -315.11 
331.43 282.95 
299.44 -435.39 
-300.07 -280.90 
-372.30 -391.43 
244.24 426.25 
-103.64 -377.48 
124.33 -81.37 
224.54 68.94 
-124.88 -440.46 
359.94 202.77 
-245.79 394.71 
123.07 -421.31 
-92.93 -259.61 
-125.86 365.88 
143.40 209.01 
33.29 476.20 
173.95 -477.52 
-548.37 179.87 
37.89 532.57 
33.10 541.28 
57.51 31.51 
126.86 360.05 
57.91 382.71 
-142.21 -447.59 
-172.09 -275.75 
175.19 200.89 
-98.22 -463.45 
-143.76 -369.03 
-422.77 -141.93 
62.42 122.39 
-171.22 371.11 
-581.50 -13.05 
286.43 -318.82 
497.95 302.79 
-51.49 -544.44 
-542.44 52.98 
-549.78 -210.62 
244.86 -487.86 
-70.74 -60.99 
396.57 -66.90 
536.28 267.30 
-176.19 -358.67 
-374.52 354.17 
47.43 167.44 
116.93 -67.75 
377.85 -351.02 
34.67 -254.11 
-240.77 -28.67 
-274.68 -157.71 
 1.46 -91.29 
-122.40 434.86 
-112.60 -343.92 
143.86 -229.56 
