-526.72 109.59 
431.61 250.32 
-52.46 535.89 
-245.77 63.89 
309.94 230.62 
-88.10 514.11 
-75.30 66.89 
280.87 261.42 
-199.18 179.80 
-43.06 102.16 
-270.18 134.62 
-436.46 -228.12 
410.26 -121.26 
90.72 -114.65 
-435.57 -309.61 
-231.30 -528.08 
-106.50 559.46 
408.00 -184.39 
110.20 -5.11 
233.58 217.67 
214.10 -293.89 
168.99 487.12 
-165.06 -0.89 
74.19 -12.58 
-553.67 -51.43 
263.30 -415.68 
90.78 438.70 
166.09 233.90 
280.84 75.56 
-339.47 475.80 
186.16 380.53 
-309.80 -110.55 
-277.31  7.55 
203.70 -295.30 
58.69 -423.19 
-421.06 -8.36 
-385.54 -63.09 
84.89 529.55 
-107.13 -244.46 
-380.29 335.25 
121.02 197.37 
62.36 -221.75 
-84.45 -226.52 
569.16 -59.13 
133.76 539.58 
-172.98 -267.64 
141.00 317.26 
-118.99 28.64 
114.11 -175.06 
-52.22 -18.10 
-47.66 -183.29 
-212.92 36.67 
-581.55 137.83 
-93.05 149.61 
-572.13 161.57 
-204.58 271.59 
