-246.49 370.61 
235.32 318.35 
260.47 493.34 
379.73 434.35 
-100.65 406.14 
516.22 -294.80 
-154.12 -97.88 
-0.77 435.43 
567.38 144.69 
113.24 68.29 
390.38 320.43 
-111.75 365.68 
-173.33 -14.68 
-269.25 -205.74 
526.96 -6.84 
-1.86 -513.62 
-429.23 -48.03 
-8.27 49.94 
-404.56 -171.78 
-56.56 536.45 
257.09 110.39 
437.38 -124.75 
-163.23 -57.99 
296.80 168.57 
-333.18 -140.65 
229.86 212.50 
149.82 -539.73 
193.53 -63.54 
384.00 -22.85 
487.55 154.29 
129.07 -90.11 
-273.49 -254.25 
-405.28 -399.99 
-186.68 263.91 
-574.83 164.93 
-216.62 515.97 
-192.99 71.04 
367.51 -17.42 
-335.74 270.21 
282.42 487.29 
60.46 -258.56 
-243.50 -341.78 
486.61 195.31 
418.42 315.68 
-304.38 425.55 
-255.78 17.55 
-142.85 -573.99 
360.01 327.91 
330.12 377.05 
240.84 419.12 
146.88 -524.63 
-171.25 80.20 
-220.25 80.05 
-26.78 246.96 
176.71 -124.34 
-363.65 42.23 
