484.67 166.60 
217.10 190.88 
-196.97 -297.58 
453.19 44.73 
80.62 -507.42 
16.54 -149.17 
-18.70 421.59 
 0.52 330.93 
-162.62 41.46 
-231.30 36.45 
-487.19 204.44 
-182.51 -483.52 
358.41 -125.27 
25.11 -127.22 
-265.09 -101.13 
97.38 -328.77 
31.27 -481.19 
493.18 239.75 
-26.01 132.38 
-5.90 143.00 
470.76 188.08 
330.67 -224.38 
560.25 -175.31 
-134.03 -584.44 
-288.10 -106.03 
552.02 -210.75 
245.94 125.73 
301.26 -44.45 
309.29 -12.67 
133.89 514.68 
123.48 536.80 
15.12 564.81 
-133.28 371.75 
391.12 -264.01 
285.20 450.53 
-176.98 469.64 
137.19 11.09 
-340.95 69.97 
-63.87 -353.73 
219.01 340.48 
372.42 -34.48 
340.62 344.27 
533.06 -110.86 
360.23 94.38 
181.48 199.15 
-232.14 -335.53 
-70.77 424.67 
-233.02 370.35 
266.10 327.85 
-135.70 -37.08 
293.18 58.35 
-281.86 481.60 
93.76 -141.97 
-213.56 520.08 
-131.18 368.43 
-12.49 482.51 
