-331.63 -1.06 
-383.31 -200.37 
276.46 -505.41 
367.09 85.23 
-45.33 582.17 
-445.31 -47.58 
521.39 226.22 
-258.22 -484.05 
266.39 212.63 
221.76 -49.09 
117.88 -278.26 
287.69 -21.68 
-476.23 -209.09 
-39.04 412.47 
-56.96 -491.35 
29.05 274.72 
-419.41 -13.74 
-271.81 240.54 
-487.00 149.76 
529.04 -270.78 
-404.30  2.82 
-330.24 -167.39 
-332.21 209.25 
48.47 313.63 
399.36  0.75 
430.31 -329.56 
-88.52 -271.60 
-12.47 -276.29 
259.09 422.24 
-331.41 -214.65 
-428.93 -186.56 
-470.54 109.90 
-82.36 -109.93 
43.53 -400.15 
-379.08 -345.10 
369.99 116.86 
-75.66 545.87 
-314.31 413.23 
-291.60 323.66 
25.73 85.62 
166.66 -321.58 
203.71 -484.46 
190.46 336.68 
-89.50 137.07 
271.70 -150.92 
-117.32 -53.93 
122.52 234.90 
-26.24 263.75 
222.28 534.04 
-436.81 -364.76 
-215.81 195.96 
405.49 205.74 
-127.80 -491.16 
-26.31 249.57 
-338.46 288.62 
566.68 106.79 
