-43.65 -149.51 
-320.86 -315.17 
-208.65 241.74 
-50.07 140.08 
275.10 -29.37 
-182.90 -183.80 
128.17 -442.60 
274.56 -492.47 
12.19 124.57 
-135.63 356.09 
426.48 -338.66 
-190.71 -380.17 
320.83 -296.70 
91.27 334.70 
555.03 104.63 
64.69 -140.36 
373.75 208.59 
11.39 93.76 
144.28 -192.06 
152.89 345.85 
-183.63 -358.84 
-62.12 -92.89 
-476.69 -283.09 
129.03 -438.84 
194.49 359.33 
-528.44 -202.00 
484.28 -88.60 
52.80 -343.40 
-123.06 144.71 
-130.25 143.18 
65.34 244.05 
-295.58 -369.70 
-92.78 -154.55 
14.04 -53.54 
-94.89 -474.68 
353.96 -220.26 
69.58 -448.08 
57.07 -157.91 
457.99 307.40 
-381.38 231.08 
-18.42 -575.42 
35.76 -12.08 
358.77 156.62 
-176.05 230.60 
498.74 181.78 
-198.31 -189.43 
211.35 -355.00 
-571.42 -174.45 
98.29 -356.66 
-81.90 -83.42 
-409.83 -388.61 
181.20 -482.69 
-501.98 -55.95 
-199.54 -283.73 
-0.85 -55.98 
514.47 -130.72 
