-25.02 87.37 
182.36 119.83 
114.15 244.96 
-148.70 -21.40 
-125.56 195.76 
-6.30 -42.90 
28.03 -80.11 
-357.52 369.40 
-160.62 34.03 
200.89 -27.06 
314.22 173.27 
-306.46 -151.07 
-147.09 534.08 
-232.52 84.27 
 0.59 251.16 
-52.35 -235.83 
325.49 -6.03 
332.83 -223.75 
-131.68 -492.93 
-534.86 161.97 
251.28 -303.07 
318.07 117.41 
-266.28 447.84 
-114.05 -579.71 
-231.48 183.69 
-36.39 523.95 
445.69 -397.37 
51.92 -530.20 
-54.28 42.69 
125.88 -309.26 
-565.01 -139.23 
-7.95 536.08 
33.10 -217.32 
-214.49 -288.43 
81.72 480.43 
217.34 151.72 
-507.98 -7.10 
389.26 46.14 
40.62 -441.59 
-198.40 526.39 
-552.68 -19.67 
252.31 65.23 
-526.38 18.56 
-454.68 -45.83 
389.03 -390.87 
-366.70 -414.54 
-303.31 248.90 
-319.70 140.97 
77.52 330.93 
186.04 -503.19 
-30.71 42.48 
143.44 -53.32 
-404.67 47.60 
-77.89 -593.82 
-130.77 -289.11 
356.73 110.62 
