-92.26 -99.82 
-583.24 -86.37 
349.68 213.13 
63.23 -370.82 
144.88 396.61 
539.24 -25.00 
-169.82 -455.22 
-434.29 81.77 
99.70 -572.22 
-193.15 322.74 
525.92 -91.10 
-461.48 -337.55 
86.72 205.34 
376.47 173.00 
33.31 198.28 
-88.78 -244.90 
-310.53 152.00 
176.55 393.51 
138.78 500.03 
261.64 -366.26 
-100.99 60.02 
435.61 -236.77 
14.49 373.65 
-427.13 272.27 
310.62 -411.42 
-126.87 432.66 
-75.48 -439.96 
436.16 -132.93 
188.38 241.89 
-209.04 383.84 
-107.52 -94.53 
-65.68 444.15 
-151.64 -239.83 
-272.34 37.28 
448.61 266.33 
-294.63 -240.65 
72.84 354.98 
39.38 149.97 
83.74 -242.92 
161.01 -368.61 
156.08 139.07 
134.00 418.05 
229.30 47.45 
-105.28 -421.32 
-297.48 -123.18 
323.77 375.71 
444.38 371.20 
-75.65 194.26 
108.23 -160.05 
-521.62 -206.26 
-134.51 103.83 
125.82 197.54 
409.24 229.37 
 8.16 -377.08 
-91.27 432.42 
-583.31 -59.09 
