245.84 -135.37 
148.39 -426.81 
-430.54  9.89 
72.53 -471.90 
253.08 -496.95 
-103.87 574.46 
418.34 175.07 
80.26 -42.93 
-236.60 -465.31 
-214.63 -52.04 
111.49 -401.29 
148.97 -120.21 
37.62 137.49 
-518.72 95.19 
433.99 -403.71 
-161.08 198.58 
384.06 -287.30 
494.23 -324.71 
37.63 -265.30 
225.90 -80.22 
-463.13 358.06 
-349.46 185.56 
581.89 25.85 
-330.70 -439.00 
96.64 -360.85 
-471.11 248.17 
-257.88 259.23 
-226.54 473.14 
395.24 179.41 
459.10 -51.97 
-359.86 30.44 
-528.16 69.00 
-146.49 -60.01 
-73.22 61.03 
-57.93 76.83 
150.35 98.07 
181.78 -529.92 
370.71 -318.79 
404.77 152.99 
-399.36 -388.85 
-511.07 -172.11 
-344.53 -136.12 
357.72 374.69 
375.06 39.76 
-465.06 342.23 
313.16 -430.72 
-21.71 -60.13 
322.64 -406.81 
12.60 -490.18 
-145.46 -233.64 
310.99 44.34 
-444.78 284.51 
-380.72 -202.64 
-483.35 -78.61 
-110.93 -19.89 
88.20 -481.11 
