554.87 102.41 
-432.10 202.29 
-410.76 140.06 
-368.23 -326.65 
-547.71 -170.48 
-154.32 354.12 
-508.47 17.38 
-323.16 318.22 
477.52 -174.14 
-554.64 200.60 
57.72 309.53 
53.02 149.02 
-175.52 402.02 
-396.23 157.94 
-340.12 -264.99 
40.92 -562.57 
-197.39 201.42 
-380.83 29.94 
445.14 -223.97 
-15.26 -170.08 
-186.14 -227.36 
526.41 -263.78 
117.45 62.51 
-101.77 363.41 
-173.76 -314.99 
-523.02 -147.50 
176.94 -124.69 
-265.13 -537.62 
-270.29 -269.47 
391.81 172.51 
-256.84 -215.97 
576.14 -64.37 
508.23 259.52 
50.44 -170.37 
258.57 -169.57 
461.92 -357.80 
-319.19 501.30 
250.03 -243.28 
281.01 -227.95 
-468.79 -336.36 
40.61 337.15 
246.28 341.35 
-284.99 402.48 
-433.71 -207.17 
-445.37 -89.04 
533.19 245.13 
-468.63 -27.03 
-169.17 17.11 
87.49 37.89 
-23.17 -28.57 
408.34 -363.71 
551.94 -229.65 
-214.76 -522.10 
415.54 -388.41 
-6.27 419.97 
73.43 581.45 
