-235.57 -118.71 
-385.13 -100.47 
-590.01 -49.37 
216.54 218.23 
-11.93 137.95 
220.63 214.19 
-194.19 525.15 
-434.67 148.68 
-117.76 449.16 
-386.36 325.94 
65.49 32.70 
-88.21 139.77 
-53.19 466.48 
-351.02 -229.11 
-375.05  2.81 
-414.28 -144.70 
107.76 -248.35 
72.59 15.04 
-255.43 489.87 
-275.42 -423.49 
-466.09 67.43 
520.68 -36.80 
128.55 -217.89 
-31.93 303.08 
128.44 516.66 
340.10 -43.16 
-31.39 -331.11 
-31.03 488.38 
-509.86 -115.83 
-408.43 -195.03 
-220.56 336.49 
131.22 -17.28 
400.75 -176.78 
-328.89 126.04 
-293.16 339.78 
209.62 -284.52 
-313.21 -258.48 
268.32 -107.91 
368.24 447.61 
-484.61 264.33 
208.84 478.20 
267.76 -492.63 
-99.93 -313.66 
-10.88 432.17 
-281.58 129.89 
-243.41 45.75 
-286.67 90.95 
-88.20 -206.08 
-41.93 -51.50 
108.11 107.73 
223.58 -264.88 
339.38 -344.72 
-110.88 -479.70 
-137.16 -139.88 
494.33 -43.69 
337.59 391.53 
