66.92 -330.85 
-176.93 87.07 
434.86 113.52 
459.59 -345.27 
129.45 -418.46 
456.16 338.77 
-334.17 -171.97 
398.72 134.48 
453.87 242.13 
195.09 -409.14 
528.57 100.12 
344.22 -63.78 
-142.50 -569.87 
-76.83 -329.34 
-66.87 -166.70 
354.22 -258.24 
-450.72 -178.89 
-145.64 383.16 
494.59 126.67 
-325.38 -304.07 
271.94 -188.26 
151.55 -344.84 
-305.77 251.43 
-366.11 438.94 
204.50 515.11 
-201.93 261.03 
-190.64 277.32 
-87.86 -256.10 
 5.11 -527.01 
496.50 237.95 
-74.71 -441.48 
204.04 264.65 
90.55 -184.07 
-78.46 -93.81 
577.04 22.07 
-251.08 -515.30 
-115.88 -375.35 
349.35 255.08 
395.82 -193.56 
158.62 -148.70 
-448.60 294.29 
-398.23 -34.94 
-28.25 145.10 
385.47 -90.91 
-310.21 -502.46 
-205.19 178.53 
-548.88 -156.81 
-270.71 365.02 
-491.95 -196.43 
-183.34 260.18 
-390.79 202.54 
467.66 211.87 
22.51 -552.02 
285.60 90.92 
326.67 -250.44 
-333.73 -349.96 
