-212.95 -54.32 
-262.81 227.07 
63.83 522.33 
61.85 -329.54 
73.07 249.07 
-356.76 412.28 
407.62 -79.63 
-257.32 181.47 
35.90 -492.11 
-7.96 440.02 
-179.25 278.10 
-386.57 -252.49 
294.13 -505.64 
403.37 389.78 
56.95 -464.68 
-286.46 421.42 
255.07 -117.45 
446.19 306.03 
32.62 190.00 
-382.22 -158.69 
127.01 -268.51 
-321.67 502.81 
222.40 -550.89 
-377.06 -165.16 
-30.30 -64.56 
57.48 363.77 
35.39 -220.47 
58.91 179.57 
-375.11 -456.88 
-214.14 247.25 
98.29 537.94 
427.26 -0.30 
156.67 -552.82 
75.43 -588.86 
-420.51 184.95 
-334.45 283.60 
-39.32 242.89 
193.13 -312.43 
372.78 360.61 
-119.00 136.24 
-141.14 -5.52 
-266.88 308.88 
-373.05 166.88 
-288.00 -505.39 
133.51 342.19 
-260.84 449.70 
367.11 206.62 
245.33 -256.35 
281.88 483.95 
-85.65 -252.44 
-448.36 173.52 
-344.02 307.29 
-127.00 -334.02 
166.07 -267.08 
249.33 -107.90 
220.52 -467.85 
