-83.99 238.97 
445.18 272.79 
390.05 -152.45 
503.71 25.28 
234.78 536.66 
-253.34 -393.99 
-213.55 -260.68 
108.40 -359.54 
-510.02 -101.42 
-169.93 -447.94 
293.33 -373.74 
237.25 85.71 
-146.00 175.07 
256.40 -311.33 
-277.90 344.19 
-509.94 174.79 
175.40 361.79 
-329.33 -346.96 
250.90 -317.52 
108.90 -425.75 
447.84 -31.11 
204.24 111.78 
361.03 -449.04 
-96.51 -11.11 
-31.23 45.96 
304.14 350.92 
263.78 510.05 
96.47 -2.25 
544.82 79.32 
141.27 -51.72 
-448.97 248.39 
218.14 245.92 
-345.27 169.30 
-417.76 -301.52 
-215.01 326.83 
-127.00 512.26 
-183.91 453.41 
161.75 -44.06 
-104.16 177.64 
299.39 -200.63 
112.09 -71.59 
-46.10 -493.03 
39.01 -10.05 
307.70 -259.24 
406.87 216.53 
-330.63 -334.10 
235.17 -309.16 
269.65 332.98 
-307.20 -61.58 
-228.43 -311.93 
240.19 -477.82 
-90.54 526.10 
55.69 -321.61 
-398.98 126.52 
-555.58 -44.21 
425.71 -171.00 
