-27.15 -348.47 
-79.42 86.29 
-73.39 209.76 
303.16 -467.51 
-243.85 -390.72 
-262.15 -152.96 
-594.65 -36.39 
85.01 254.68 
-179.07 251.21 
-187.14 -115.95 
-294.57 -494.50 
361.64 387.17 
369.22 153.87 
-258.71 -470.55 
490.12 -121.22 
276.73 39.09 
568.07 185.24 
-94.11 -378.98 
110.40 -454.88 
-590.15 32.83 
329.97 373.07 
-148.24 -464.50 
89.50 -82.12 
-91.69 -24.59 
-100.32 -395.30 
254.88 -404.51 
369.91 -398.30 
-433.13 -370.67 
-99.87 17.35 
-156.64 -550.90 
-23.36 143.76 
-35.45 -278.19 
-54.95 -540.65 
-377.48 117.64 
-262.96 -211.49 
-421.96 38.66 
-213.86 -375.78 
-571.43 15.55 
-163.11 -110.93 
385.54 159.85 
-61.30 123.78 
-189.21 -413.54 
134.42 329.22 
471.51 68.11 
13.61 -375.85 
-399.81 392.16 
-463.04 302.33 
98.14 51.65 
447.39 399.43 
-565.49 113.36 
-253.24 -288.01 
-393.96 -147.06 
292.82 78.64 
-20.76 -356.89 
-459.77 179.65 
197.04 -539.74 
