392.65 179.19 
-577.48 23.32 
-494.67 312.20 
585.79 10.68 
-235.50 373.43 
-323.97 -428.66 
-54.65 -161.14 
103.51 -56.20 
-341.51 -77.82 
568.05 186.39 
-146.56 -332.18 
400.23 -417.04 
-128.81 523.25 
-53.22 -69.90 
-224.52 -170.71 
-406.31 179.21 
226.96 108.05 
403.05 -17.12 
-404.61 -112.79 
-498.72 91.49 
205.73 -365.70 
107.70 374.86 
531.86 -264.00 
-38.32 -236.58 
-155.31 -275.43 
-42.02 98.62 
-205.47 -268.84 
 9.81 348.20 
103.53 109.78 
32.11 -329.24 
166.71 389.68 
261.63 319.03 
21.12 527.10 
-100.58 574.86 
-514.94 -271.21 
-455.05 -306.26 
318.54 -369.13 
66.74 -468.25 
-377.39 -83.42 
-318.12 -384.63 
-485.82 246.52 
-465.08 -356.51 
-381.98 -315.25 
-339.95 -462.41 
-131.23 -561.48 
178.96 -567.59 
-58.21 -246.36 
507.81 12.70 
-42.52 -247.73 
-320.15 -58.26 
258.08 -389.17 
369.13 -184.29 
60.55 286.82 
-422.46 -101.72 
-356.79 379.66 
176.14 -85.57 
