37.39 276.97 
-368.32 -456.85 
273.31 -249.49 
-178.25 -527.72 
-40.86 268.83 
351.32 342.18 
-475.26 -340.03 
401.13 301.85 
-75.70 -116.85 
-109.17 -538.30 
-305.86 -25.22 
59.21 -363.25 
261.89 -133.71 
-195.59 261.74 
379.55 96.21 
-189.31 -368.91 
270.26  9.69 
26.97 146.35 
324.20 -451.27 
-295.48 344.56 
-33.20 311.47 
-196.67 263.30 
-409.06 86.95 
349.17 -410.81 
261.75 243.56 
-139.15  9.03 
-44.23 151.91 
-398.84 -3.42 
-108.27 396.82 
-576.82 -92.77 
352.06 -216.94 
-33.82 -317.77 
-336.64 385.52 
164.39 434.20 
300.89 -35.06 
-319.18 279.75 
-350.46 -426.29 
28.51 581.96 
-261.45 -257.67 
-218.50 479.58 
530.08 -76.77 
119.68 -244.95 
-331.93 -208.60 
286.71 -90.57 
-314.58 -380.97 
-77.12 506.09 
228.07 121.23 
-217.02 -253.96 
109.18 -364.71 
327.38 151.27 
-520.97 -164.05 
-237.63 364.35 
-45.12 -326.02 
393.42 294.51 
-328.73 375.72 
-448.29 -345.19 
