117.34 422.60 
-270.45 383.36 
79.77 -230.38 
-496.98 -204.35 
437.28 181.13 
-130.72 -517.08 
-12.21 569.51 
200.70 -543.05 
165.79 191.52 
-229.36 -234.17 
480.35 262.38 
-64.27 -131.32 
143.63 -291.48 
-100.82 -98.21 
-203.94 456.20 
350.23 201.29 
-146.36 267.24 
-134.83 -263.39 
79.86 -535.97 
-112.21 54.24 
-83.99 187.93 
88.75 126.81 
80.03 239.37 
19.50 -57.62 
-16.25 -14.89 
-182.79 562.40 
276.83 33.49 
-221.45 20.05 
-348.04 285.57 
-148.65 -517.39 
-30.16 -419.55 
225.04 14.45 
-361.86 -85.82 
-13.84 -561.96 
-446.28 -289.63 
-498.19 80.15 
-27.44 -493.35 
-368.90 86.66 
-495.13 -155.74 
-229.80 326.54 
219.53 -50.95 
168.46 -250.69 
-38.52 486.93 
-404.57 75.77 
-19.08 -324.13 
455.51 -70.08 
377.75 136.08 
-557.81 70.03 
162.82 168.59 
251.79 65.75 
-403.90 -78.56 
-353.75 377.58 
-303.65 -347.44 
-115.29 -114.02 
271.93 -154.95 
-493.33 319.07 
