-140.29 -51.19 
103.60 -65.99 
251.62 248.01 
123.97 229.64 
271.44  5.52 
-394.72 210.51 
525.45 173.38 
439.72 40.34 
121.80 125.77 
-154.02 565.32 
119.22 340.69 
-40.98 -360.23 
-294.26 436.99 
-374.35 -308.16 
206.72 153.56 
427.21 -71.34 
-84.36 18.23 
345.55 349.21 
-156.37 -361.35 
-83.75 -121.80 
-426.67 48.21 
97.60 301.71 
-456.90 314.13 
-307.21 91.42 
-180.15 -432.06 
69.82 455.44 
388.74 -380.88 
-34.80 -228.97 
 8.78 -303.41 
-24.19 524.44 
-173.85 503.10 
-63.00 406.80 
109.44 -158.74 
176.91 68.74 
-164.27 -38.10 
571.07 -86.91 
-238.62 320.58 
-123.90 473.90 
234.66 292.42 
-78.50 -314.20 
-95.10 120.64 
496.87 168.57 
-142.47 507.80 
-505.13 -256.99 
-412.56 222.84 
-563.11 -8.01 
228.01 -358.03 
269.14 -446.27 
86.71 -428.82 
58.03 -365.35 
-397.84 272.81 
-285.71 -247.08 
-282.05 -87.50 
403.73 -265.77 
262.94 -430.38 
-49.82 -517.12 
