502.77 -42.88 
409.92 80.53 
-124.59 -23.79 
222.28 -68.01 
-167.78 -123.27 
-375.07 -44.52 
-5.81 -357.52 
-198.85 -424.40 
357.80 -65.86 
111.88 -34.93 
568.70 179.34 
91.41 -367.74 
-308.82 -400.60 
-283.39 -8.50 
378.32 262.43 
-360.26 410.97 
-398.61 -233.78 
-299.05 63.27 
-172.40 122.40 
325.49 -133.49 
-534.73 260.64 
-148.29 -228.84 
-4.42 192.01 
409.23 359.47 
135.37 -68.57 
368.86 -292.05 
-270.10 142.01 
-157.56 -297.14 
402.19 389.64 
117.35 392.51 
118.43 -15.45 
-388.18 -262.35 
-466.74 358.68 
418.45 130.64 
468.15 214.19 
498.56 24.00 
464.02 -212.09 
102.99 553.72 
466.22 -27.84 
-411.70 22.40 
-15.65 -375.11 
-216.29 -460.26 
-491.19 239.14 
-64.45 -537.55 
154.63 -350.19 
345.26 36.91 
258.55 405.78 
329.61 -40.99 
-243.39 30.35 
62.72 -337.10 
321.51 275.60 
-170.95 490.63 
-432.17 -313.36 
-384.40 391.86 
386.10 242.94 
502.40 216.62 
