120.33 -86.47 
-155.40 -567.75 
110.48 231.15 
271.86 505.86 
-310.23 161.89 
31.76 -374.83 
410.89 170.19 
-272.46 -521.55 
583.25 121.19 
264.05 -287.08 
-386.57 -46.81 
-432.95 260.61 
314.39 -349.58 
-135.16 385.42 
-389.90  3.17 
342.91 29.98 
318.99 -145.21 
-409.65 -137.67 
315.69 -131.50 
-218.49 195.78 
433.92 -27.14 
66.81 97.26 
-64.23 -341.69 
-511.93 249.09 
-297.83  9.04 
-183.02 -516.85 
509.45 -222.84 
-448.91 240.56 
-333.42 155.72 
71.46 -69.57 
342.17 -8.04 
84.10 -524.26 
-335.43 302.41 
246.60 338.18 
17.07 -258.51 
-393.00 263.39 
-22.95 -78.22 
377.33 -353.73 
171.56 456.83 
-481.01 203.73 
295.90 205.38 
-546.58 -40.60 
-93.59 -335.14 
-260.56 109.81 
-412.30 75.57 
-48.35 -131.24 
 8.91 -271.20 
480.95 -217.71 
-447.87 231.71 
92.97 -136.20 
43.47 -294.33 
-100.80 80.03 
39.46 69.34 
274.79 271.60 
204.22 84.65 
-300.78 158.32 
