467.01 -344.16 
25.66 -519.61 
-90.86 -290.27 
-497.12 -256.82 
-310.13 -9.98 
219.73 508.02 
-465.19 -60.08 
388.15 -214.62 
-104.13 -367.97 
329.42 307.27 
170.15 -415.75 
-61.65 -531.85 
357.54 134.68 
429.76 275.63 
-176.27 530.87 
-443.07 122.51 
62.94 -13.78 
122.32 285.49 
402.62 26.29 
271.18 246.13 
17.76 386.12 
115.57 -384.04 
-165.70 -180.70 
-125.70 355.90 
-423.44 387.62 
-73.84 -543.62 
-21.76 -210.47 
-261.34 80.24 
101.11 150.43 
-408.00 377.26 
345.60 438.63 
365.97 -424.40 
-324.99 -315.58 
16.52 111.28 
-186.69 235.82 
-506.54 202.46 
375.76 464.47 
-153.92 477.33 
-122.72 356.19 
-425.65 -359.22 
-303.61 25.96 
318.96 -168.93 
-204.38 372.18 
-229.40 136.39 
-284.44 -398.35 
-302.10 289.12 
-56.47 -580.05 
76.44 192.09 
-56.90 19.96 
25.08 -552.84 
-139.73 -363.34 
157.68 -154.46 
-301.85 54.30 
-115.94 -280.04 
392.84 -205.09 
-155.24 171.02 
