-515.79 -50.58 
-208.28 491.21 
-58.27 491.87 
222.38 530.34 
135.33 -128.84 
-189.40 -284.73 
234.02 502.22 
-271.83 -269.50 
247.26 -7.69 
-78.18 181.87 
496.78 10.79 
-488.05 -323.94 
-8.92 520.57 
-148.80 -558.16 
-238.51 -285.18 
89.18 -130.35 
106.02 -125.21 
90.79 559.23 
-143.93 28.62 
415.62 357.85 
397.44 322.94 
467.30 -204.87 
-161.48 313.68 
-401.35 -10.05 
-266.59 -125.29 
101.16 550.60 
406.42 -251.12 
-465.51 -329.58 
-326.31 -348.59 
97.32 -574.36 
 1.33 -123.11 
-126.87 29.16 
331.60 427.87 
362.71 -139.65 
-80.90 494.12 
-196.28 457.16 
-193.22 -130.54 
122.26 -158.36 
267.82 286.79 
74.25  8.68 
-138.04 -66.37 
-257.68 231.00 
-138.71 388.58 
38.61 97.80 
562.05 -199.39 
-99.68 293.00 
152.81 275.68 
242.98 118.93 
-412.62 -142.37 
-166.34 -378.87 
588.14 88.65 
161.27 -70.32 
-9.03 -266.39 
128.26 -13.01 
35.76 508.57 
55.72 177.56 
