90.49 -40.94 
188.36 -302.62 
-551.07 -3.43 
525.78 58.54 
-519.41 284.13 
86.01 -342.03 
142.27 -177.48 
-492.85 177.07 
157.08 -375.40 
-409.96 -79.86 
142.71 103.70 
230.89 420.10 
-365.21 200.87 
307.19 -35.27 
-517.11 -185.24 
-464.92 -136.75 
16.98 29.87 
-52.52  3.59 
-111.00 402.56 
-145.17 496.72 
-189.77 -288.34 
 3.82 -559.07 
305.25 -186.75 
-384.46 87.62 
413.94 21.82 
349.23 -212.91 
-77.02 -389.07 
278.77 -67.31 
147.53 85.65 
-517.99 -166.99 
-170.23 -211.42 
67.65 116.73 
222.61 555.06 
25.51 -558.90 
-26.79 -513.97 
-437.55 -155.67 
114.79 -175.90 
237.18 110.06 
-256.65 -299.20 
127.38 -214.71 
-146.82 -450.09 
-269.42 152.42 
-66.16 -260.79 
-541.53 -162.94 
 1.64 104.80 
370.77 -439.29 
-355.74 184.38 
-448.18 -275.64 
-196.50 344.95 
-60.04 234.28 
-410.13 -285.44 
-271.62 -414.07 
202.26 254.49 
141.45 -238.64 
279.41 -26.64 
419.06 179.17 
