10.43 -470.84 
-577.66 121.74 
507.75 -162.03 
-436.48 -165.09 
-482.36 238.50 
53.32 -80.96 
562.85 -59.66 
167.68 58.22 
106.67 483.16 
41.61 397.42 
306.26 350.52 
507.71 -195.99 
-548.07  8.41 
-334.56 100.00 
-379.67 -93.45 
29.30 196.92 
-126.06 -155.37 
157.59 31.47 
169.80 -390.37 
73.94 -365.97 
-65.22 538.92 
254.35 -86.83 
427.98 333.00 
-403.71 -58.02 
-210.65 -197.07 
-150.12 -126.53 
-79.91 297.23 
-49.68 -546.69 
-463.19 -367.06 
13.18 -61.08 
133.07 -580.51 
455.19 80.78 
-189.00 -306.36 
-216.26 -407.83 
-148.89 -508.79 
373.40 -388.46 
345.18 -85.78 
500.10 -296.25 
148.90 -561.79 
156.26 565.14 
142.08 138.07 
-58.19 -105.26 
307.19 -175.36 
295.19 147.67 
547.68 -83.61 
-433.49 -89.89 
-281.64 -27.14 
-20.47 -505.46 
-132.87  7.39 
-598.76  4.18 
58.46 -314.39 
-225.29 508.05 
-434.05 94.58 
-118.54 -292.58 
515.99 -51.55 
-9.53 344.89 
