-356.64 131.61 
-203.66 -333.43 
-221.85 213.38 
-56.08 529.21 
-524.29 -100.18 
-93.03 307.28 
-315.07 -224.85 
519.12 -139.04 
-173.75 266.93 
-135.50 410.52 
-17.20 -533.08 
439.00 406.92 
-574.13 -130.43 
349.20 300.27 
153.56 148.21 
321.08 138.17 
-313.77 -406.00 
73.24 520.91 
194.22 441.92 
-9.98 -8.33 
-291.24 -264.41 
59.03 572.51 
-221.21 -124.24 
-319.52 -409.63 
26.96 -190.10 
165.75 -225.30 
148.60 -151.20 
13.12 359.25 
265.72 67.48 
483.53 -208.05 
-563.53 14.92 
466.40 183.07 
76.43 -212.12 
410.06 -235.13 
476.32 245.07 
230.33 464.84 
105.04 555.56 
-108.49 -139.95 
-103.00 -277.78 
124.20 280.43 
-99.51 239.71 
457.12 344.35 
248.87 525.63 
-176.46 -258.14 
-3.27 -70.96 
251.23 -52.21 
151.53 41.22 
39.46 -252.67 
-491.59 -164.95 
-433.48 58.59 
247.73 233.81 
-208.42 435.94 
-26.87 -553.67 
-364.82 -221.63 
-376.81 -134.99 
-111.06 -583.67 
