100.61 -253.55 
295.45 127.95 
 8.01 235.90 
-66.12 596.01 
-108.52 98.92 
247.22 121.81 
549.69 -98.62 
304.37 -36.50 
-19.33 197.43 
-113.03 -295.48 
-233.94 -307.25 
171.22 224.82 
-4.91 -515.20 
 3.19 -75.77 
27.63 -567.77 
-235.43 -419.03 
374.56 320.64 
169.19 -349.72 
452.26 -82.25 
508.83 -306.80 
490.96 -183.56 
429.47 30.80 
394.33 192.74 
-316.96 347.72 
-124.45 503.51 
213.85 -282.26 
367.11 -406.91 
180.85 538.22 
-50.84 502.32 
73.92 -181.19 
-421.52 364.92 
155.64 402.44 
83.53 264.10 
-22.37 -463.97 
24.37 364.09 
241.63 40.11 
432.08 -311.36 
540.19 -52.68 
-488.37 153.75 
-381.81 430.25 
321.15 429.58 
-199.94 493.40 
-177.87 -218.98 
-64.15 -349.87 
349.37 40.91 
-378.13 108.23 
348.42 -353.93 
-498.51 -232.64 
228.33 182.73 
-445.65 203.44 
355.14 74.83 
-31.80 -71.67 
-33.87 499.93 
-280.86 298.47 
314.98 133.33 
322.90 445.29 
