113.75 -522.53 
469.00 346.00 
-158.73 -316.15 
-421.96 -142.68 
-345.67 -253.93 
561.90 109.71 
25.05 -565.85 
204.69 343.63 
-25.13 337.64 
-70.40 451.65 
-8.05 -416.32 
396.70 63.23 
-283.10 320.25 
-563.74 74.65 
30.96 399.00 
80.12 333.71 
91.43 75.56 
166.21 509.04 
-536.27 130.01 
-95.81 401.85 
31.32 -22.61 
297.38 231.35 
-44.66 -293.45 
449.47 293.01 
-341.63 -10.28 
169.30 -493.82 
-274.75 -280.48 
-52.98 -282.53 
-342.53 -275.83 
-8.93 258.08 
-287.52 -415.05 
-310.96 305.11 
39.61 31.37 
-33.91 423.67 
-44.64 562.11 
-258.86 413.97 
383.07 -29.91 
323.87 -71.33 
402.27 48.22 
10.00 -398.60 
365.87 407.33 
295.36 -388.01 
219.19 -154.28 
-466.82 83.26 
279.37 -201.61 
20.54 260.67 
-330.91 361.93 
-175.61 -233.65 
119.58 -297.11 
-68.24 -103.04 
-20.79 516.89 
-146.85 299.02 
108.32 372.71 
176.74 470.18 
321.80 435.17 
-124.92 -501.63 
