69.42 -353.41 
264.83 -225.77 
-330.65 453.27 
168.23 170.45 
-308.13 504.37 
-399.60 -158.75 
36.05 -364.88 
442.81 -201.20 
-469.38 315.13 
-267.06 272.30 
450.03 176.67 
573.02 -54.78 
-65.87 531.85 
-248.96 98.84 
252.08 -477.43 
-69.69 53.84 
-581.79 61.68 
127.96 -81.46 
418.95 -240.05 
397.76 -238.59 
-215.16 -307.89 
461.97 -269.77 
-345.27 -224.08 
-521.85 235.86 
-468.20 -205.90 
379.89 -0.81 
99.56 133.16 
231.10 -192.72 
-6.45 80.13 
-22.76 -338.14 
-152.57 237.23 
220.46 71.61 
344.06 456.32 
123.36 -401.92 
-370.41 110.42 
253.88 259.79 
-65.32 -442.08 
54.56 43.61 
-238.07 298.79 
-53.59 -216.39 
371.32 197.24 
-398.08 228.34 
-204.21 143.53 
473.27 -45.51 
-407.14 -430.47 
344.66 -220.54 
-535.62 15.74 
-71.54 -144.24 
-370.60 453.08 
182.48 163.71 
40.77 97.67 
-24.91 -454.14 
269.36 -10.40 
269.49 -379.08 
384.50 430.10 
20.31 99.09 
