-4.48 -406.78 
425.55 357.13 
251.95 340.52 
68.78 237.88 
-226.82 474.72 
295.42 -407.08 
-210.12 -124.03 
197.77 -198.34 
-482.19 -205.62 
-217.59 -261.72 
224.83 -244.01 
-252.39 223.15 
26.36 333.71 
47.22 -312.58 
425.50 -118.91 
-84.45 35.63 
-172.24 247.70 
-376.02 -394.47 
261.63 -357.79 
-458.34 35.78 
440.51 231.66 
-248.60 -270.64 
-514.24 63.25 
475.15 -178.58 
-513.24 -93.41 
420.68 317.04 
-212.68 -222.63 
24.15 -280.44 
421.65 301.72 
324.39 -132.43 
-485.69 57.33 
57.24 279.78 
346.42 -448.71 
-213.87 -165.96 
395.52 -260.65 
257.41 -23.81 
-33.95 -493.47 
-454.42 275.53 
173.19 60.65 
-203.23 317.27 
90.26 -25.97 
-88.27 -21.65 
-101.63 132.81 
-204.63 -220.16 
-167.88 172.62 
15.46 -287.72 
-444.72 -121.57 
58.75 -585.21 
-132.97 436.72 
-118.39 112.08 
62.86 -568.63 
536.76 -201.07 
-529.49 169.75 
-180.13 448.06 
-405.15 299.38 
-170.69 360.64 
