-13.89 -420.32 
210.36 -447.30 
67.77 -471.43 
49.34 -475.04 
31.97 -344.30 
131.05 -489.93 
478.23 -165.17 
346.59 -462.40 
16.22 -32.00 
207.92 384.14 
-123.24 -256.32 
-503.51 252.03 
-401.68 -67.94 
145.28 -27.15 
-310.91 61.87 
-472.12 53.74 
-373.38 -328.60 
-456.38 263.93 
419.79 120.00 
455.28 -317.83 
276.74 -320.68 
296.79 389.23 
69.52 -411.09 
383.45 -294.23 
199.89 62.40 
477.01 -206.86 
-221.28 -390.24 
 1.13 -167.06 
-324.66 463.05 
-353.57 196.54 
22.33 -0.02 
316.36 429.23 
562.73 41.91 
143.41 -561.09 
20.45 287.29 
-44.00 -321.35 
-329.11 -466.93 
451.24 -258.81 
-125.38 498.87 
151.62 180.44 
447.44 -44.15 
428.12 -387.22 
-65.14 -172.03 
-147.31 533.54 
-398.02 388.31 
-387.51 342.97 
181.03 -217.91 
395.92 99.67 
210.92 64.27 
373.47 -44.76 
370.99 -142.49 
577.83 -95.61 
16.72 485.90 
-323.30 -437.17 
-337.03 208.73 
-225.84 -184.46 
