264.83 -296.19 
266.02 506.44 
528.64 -237.45 
329.77 -469.07 
371.22 -399.53 
471.86 -80.43 
-466.86 367.90 
-486.87 288.20 
375.97 173.35 
376.11 298.71 
243.48 257.77 
386.02 69.45 
-10.10 -598.18 
450.54 -380.14 
-222.50 -478.09 
-286.58 -489.66 
 6.06 458.09 
32.37 -469.56 
-375.09 -426.70 
465.23 146.87 
304.85 304.97 
-495.67 198.85 
-12.69 400.52 
-543.25 -223.11 
-156.26 -89.22 
-47.56 -286.01 
593.16 -5.41 
-50.93 519.13 
126.12 -462.20 
-109.38 -353.14 
-94.90 438.97 
-224.96 48.58 
193.08 468.35 
-428.06 -166.80 
-147.87 246.85 
111.22 -239.80 
-42.43 83.25 
-45.12 -183.80 
-433.72 108.63 
-454.84 221.70 
-235.48 155.05 
-69.93  4.43 
-203.20 -134.66 
494.21 -314.25 
191.83 82.25 
505.04 282.66 
-438.67 124.76 
396.42 -291.99 
-412.53 46.95 
423.92 -118.25 
104.21 230.25 
416.32 -132.16 
-555.42 92.21 
-546.13  2.41 
-35.33 -493.46 
-145.30 291.60 
