139.54 -100.13 
-566.71 -189.80 
369.65 -435.71 
-118.91 96.90 
132.20 -98.33 
-163.87 332.46 
251.11 -279.64 
515.15 -220.25 
-229.12 -15.94 
-580.70 -60.80 
-72.92 -421.69 
-439.82 307.56 
54.60 277.37 
-73.10 -163.67 
439.60 369.18 
 1.23 88.90 
-274.45 -223.28 
-262.24 319.63 
-590.10 -39.84 
-333.14 -11.04 
-527.40 -40.66 
145.49 332.65 
444.13 301.55 
-252.81 406.92 
 7.62 353.34 
 5.16 473.57 
155.10 -255.92 
-28.35 -565.76 
-493.09 -143.30 
-141.13 114.42 
89.54 153.60 
139.19 -151.98 
-82.22 487.58 
-211.27 -414.83 
323.96 48.75 
318.08 -117.21 
-515.06 -152.87 
-24.83 -322.46 
-294.24 -441.34 
-0.94 292.55 
-14.32 127.29 
-33.66 409.34 
352.16 -13.35 
136.35 146.29 
140.91 -353.97 
-65.76 516.80 
316.00 -89.22 
-556.24 22.11 
181.93 -566.01 
-473.23 150.27 
-424.21 -81.19 
120.70 -482.13 
-29.15 -62.69 
-58.05 435.23 
318.01 -76.13 
374.44 -225.56 
