-326.43 109.38 
575.50 37.27 
306.25 203.46 
294.99 -277.26 
95.90 -553.00 
-27.51 124.53 
-281.50 -518.71 
-211.88 -316.26 
-327.97 -43.80 
132.30 -290.13 
89.42 24.21 
 0.73 165.96 
490.99 -327.73 
-177.66 -156.07 
-449.12 -344.40 
386.39 289.76 
249.09  5.57 
-174.96 86.34 
347.03 -355.09 
-253.19 304.14 
-76.03 291.56 
139.40 383.91 
171.73 188.53 
-384.24 -18.48 
417.37 287.76 
201.30 -212.31 
-199.12 423.23 
-253.15 -107.86 
438.64 49.19 
366.65 -457.53 
289.15  1.96 
178.34 -429.36 
255.45 -163.43 
30.13 -303.16 
14.77 -132.37 
-560.23 -82.03 
-536.25 -100.07 
-76.03 -412.80 
333.67 -212.10 
-183.36 -232.56 
-92.39 33.03 
540.45 -243.82 
-55.26 -179.00 
324.50 -158.20 
-81.93 330.06 
-8.90 -290.01 
152.09 208.75 
-420.01 93.94 
540.77 -167.89 
418.85 -339.14 
-546.29 -122.97 
315.52 187.61 
252.05 -502.15 
297.29 511.17 
-238.62 -209.52 
-376.99 -294.56 
