-31.05 380.86 
370.27 238.59 
-256.71 402.91 
115.72 31.35 
-408.28 -91.40 
-462.09 -317.08 
-104.16 92.45 
-207.95 193.00 
70.58 -359.13 
-121.70 -527.92 
296.07 521.77 
-139.41 -71.19 
-342.10 385.90 
-180.54 -107.80 
-308.61 -345.18 
559.25 -42.08 
378.33 -263.30 
-117.78 -479.97 
-84.36 558.74 
-113.21 151.06 
-115.71 317.77 
195.33 483.91 
-112.24 -125.70 
105.94 57.06 
-440.58 117.13 
480.31 281.30 
155.49 -371.66 
367.95 -371.32 
-118.44 -120.24 
180.55 310.31 
144.82 -514.66 
-179.54 -222.38 
269.48 495.10 
-113.75 -460.97 
483.27 -152.32 
166.34 167.71 
-126.24 -298.39 
-449.34 -366.05 
-411.55 -245.51 
-63.34 410.15 
376.24 444.61 
-518.59 86.24 
224.69 -518.31 
147.77 -570.17 
204.39 150.65 
550.31 -6.87 
-193.62 -433.44 
282.44 -496.97 
-120.92 -311.52 
 3.50 414.34 
64.43 -149.04 
-205.00 317.72 
-119.83 536.35 
302.23 356.01 
-521.27 93.28 
181.54 -48.26 
