 1.43 314.27 
37.29 -94.91 
-37.44 -132.62 
123.13 -6.98 
-148.86 -238.76 
-182.48 66.84 
-71.75 59.19 
194.41 340.17 
-33.70 330.66 
328.40 474.83 
-237.38  6.35 
231.27 313.14 
-394.49 -95.36 
-208.80 234.01 
303.44 485.05 
-136.58 359.99 
270.79 133.74 
-478.14 156.76 
183.97 206.78 
172.27 84.82 
-17.15 -383.70 
332.33 -413.00 
-388.02 282.00 
210.83 -296.21 
349.63 372.94 
362.44 -138.64 
-70.55 -225.43 
216.63 36.31 
110.94 -156.74 
73.36 104.58 
-183.10 505.42 
-490.20 -187.52 
256.00 -440.76 
320.66 -437.83 
132.71 -193.32 
535.78 196.59 
147.91 576.36 
-431.81 167.53 
-448.90 -334.99 
239.90 -191.52 
117.15 -301.67 
535.25 192.67 
287.71 80.57 
-37.35 325.18 
302.33 -94.67 
-451.41 20.15 
91.54 -5.14 
-78.86 -311.22 
-403.55 -214.36 
-202.27 -285.13 
27.00 362.38 
505.04 -55.21 
-209.48 464.87 
91.84 131.28 
345.94 -58.08 
275.42 -326.24 
