383.52 -356.89 
-92.53 -358.42 
-329.27 75.13 
394.96 -393.84 
293.69 489.86 
-439.24 -170.42 
446.36 340.51 
328.77 -401.09 
511.12 210.22 
-141.46 -270.26 
157.46 -390.05 
150.19 -503.67 
-540.69 -66.05 
484.80 123.11 
211.84 163.72 
-97.82 -198.27 
39.23 74.50 
-132.73 524.41 
-45.11 149.21 
377.55 47.08 
23.28 352.22 
81.50 572.09 
-242.71 -547.59 
-487.82 198.84 
-404.35 73.88 
233.37 545.37 
-109.75 -185.12 
-131.03 -538.51 
-37.31 258.27 
-237.45 125.44 
-341.42 -377.18 
-230.00 493.49 
-466.40 -238.28 
-14.58 61.90 
534.76 -72.31 
338.66 -215.46 
-285.87 -109.69 
-212.01 251.33 
416.78 150.49 
-257.15 -526.86 
186.35 -410.32 
-211.65 517.77 
-395.97 141.91 
215.23 180.04 
149.14 68.40 
-166.28 -230.58 
-370.89 373.45 
245.89 134.88 
514.63 -71.22 
247.83 316.26 
-278.65 -245.69 
-21.49 -297.58 
63.21 439.59 
322.41 163.73 
-74.93 -443.21 
158.30 525.99 
