19.51 533.85 
201.75 -115.98 
-514.17 142.31 
33.24 -457.69 
-409.73 127.02 
-180.23 518.85 
48.70 152.50 
134.18 339.92 
61.24 -590.94 
-165.58 343.89 
-384.67 357.13 
451.88 -113.63 
-317.15 503.93 
-190.15 -192.06 
-43.27 259.90 
-132.00 -173.79 
50.13 -94.87 
536.56 -28.00 
476.58 -37.46 
-214.78 394.35 
288.79 14.71 
53.12 237.14 
234.46 -445.43 
-376.99 -424.20 
118.23 172.35 
14.00 -89.56 
194.66 -385.19 
-51.30 -161.50 
-17.87 432.28 
-490.61 65.34 
158.26 401.59 
339.26 129.22 
-34.64 -87.20 
218.12 -540.74 
275.35 158.95 
410.32 -434.71 
-244.93 141.32 
129.31 367.19 
-238.74 -36.57 
-225.97 -44.05 
-124.47 255.67 
469.66 -313.45 
61.67 -195.07 
461.25 174.90 
64.60 -465.60 
259.89 -523.13 
147.44 416.24 
-72.52 421.61 
375.49 -22.28 
87.24 -504.88 
-370.72 195.54 
 2.69 311.07 
-69.44 95.33 
-225.44 -477.77 
-157.37 -42.66 
104.03 -65.61 
