288.42 380.25 
302.67 -15.69 
539.00 -250.02 
335.12 55.53 
303.95 -6.85 
-489.70 69.42 
235.43 62.66 
-202.47 -62.52 
 1.61 -57.35 
-141.86 144.76 
-31.17 -560.40 
-163.22 -283.02 
590.67 75.16 
-318.08 -99.03 
219.10 -211.82 
-282.47 -467.94 
233.52 -232.20 
-125.14 -328.10 
92.44 171.47 
-227.20 -42.20 
-57.76 35.26 
-260.70 -501.37 
-183.21 -340.87 
-559.67 38.42 
-381.84 -212.80 
582.99 -104.20 
-421.71 343.84 
-48.24 315.82 
-451.43 167.61 
-349.21 243.43 
497.18 -121.02 
299.48 244.76 
-480.01 181.61 
173.31 -201.65 
-234.96 -349.38 
249.94 -217.35 
24.11 -306.84 
-86.79 270.42 
-327.77 -284.80 
-331.10 14.79 
-193.59 165.54 
-182.93 -214.09 
-317.52 -337.78 
50.91 -590.18 
283.27 -102.97 
400.48 -406.28 
-147.84 272.77 
415.84 58.00 
16.62 -7.88 
92.68 36.92 
430.89 262.24 
-56.99 -130.18 
-266.65 178.17 
-440.69 344.79 
-528.80 -113.21 
251.43 -201.95 
