169.52 354.42 
-426.96 109.60 
134.45 -519.65 
-82.38 -219.20 
-146.09 -340.20 
-381.35 52.74 
305.73 -407.06 
-340.86 330.79 
 3.50 182.00 
-223.81 529.21 
207.66 526.19 
101.05 -492.33 
-124.61 466.46 
-435.50 -179.80 
337.48 -390.12 
-517.95 184.60 
431.09 -148.05 
84.63 -141.24 
141.25 410.02 
-87.69 -427.44 
-351.41 423.52 
-165.84 562.10 
-167.66 381.56 
-221.67 42.56 
401.47 -75.03 
493.12 310.45 
348.46 340.02 
-580.05 -5.59 
195.22 128.79 
25.35 41.19 
157.33 -351.59 
263.66 -276.61 
-329.76 -404.84 
-478.47 310.94 
-305.61 -73.57 
332.57 -387.61 
-324.58 469.75 
-272.52 -305.64 
20.31 269.87 
153.97 -377.64 
-163.29 457.08 
-141.34 432.57 
-389.17 392.34 
-344.45 -10.19 
114.02 414.63 
-352.90 -25.78 
-572.69 -26.85 
-169.89 164.09 
418.38 261.08 
65.43 399.94 
-235.00 147.18 
85.42 531.11 
500.33 -191.34 
111.65 131.10 
77.19 -426.46 
-201.95 -242.80 
