409.83 231.78 
-173.43 423.86 
-30.78 481.37 
-514.35 -268.44 
-449.94 -377.11 
-74.05 -148.75 
165.90 58.77 
375.91 117.08 
261.77 -445.90 
-68.91 75.88 
554.73 160.56 
-291.57 389.53 
319.58 -406.66 
10.18 346.13 
344.25 173.06 
250.78 14.26 
-102.18 -231.97 
-179.25 -420.86 
-102.10 -224.85 
78.81 369.51 
104.90 120.64 
211.63 285.34 
-187.03 147.80 
310.94 -42.94 
184.01 122.90 
53.62 378.43 
-513.72 121.34 
-228.84 -254.67 
-167.97 -511.10 
367.56 -245.14 
-353.61 183.75 
-32.94 412.40 
-343.53 -223.88 
42.76 317.92 
-86.25 430.22 
446.52 -202.35 
58.98 -438.42 
189.45 158.56 
-183.07 -566.87 
-5.83 513.67 
150.13 376.03 
-536.90 -35.30 
378.13 49.87 
103.52 398.58 
-107.75 -167.63 
-194.55 -359.26 
-152.30 41.67 
15.73 -387.06 
275.93 527.61 
-199.00 -324.16 
-191.79 435.23 
241.08 191.32 
39.82 377.08 
432.92 -190.53 
-488.25 -258.35 
61.64 376.82 
