-540.74 242.32 
 7.01 237.91 
283.11 75.32 
 2.70 -0.03 
-47.95 -489.64 
-129.44 -71.95 
-353.91 -475.10 
441.03 -207.48 
-235.99 322.61 
-367.36 112.91 
338.45 196.01 
309.45 -54.24 
 3.99 -79.21 
259.60 -227.71 
-10.65 310.65 
-20.24 -137.65 
61.65 -582.45 
355.53 277.31 
-175.86 446.26 
-4.70 178.54 
-337.43 -212.37 
215.41 344.78 
-104.99 110.23 
-43.20 598.12 
431.96 -309.70 
168.34 -217.37 
337.40 17.58 
-226.99 -292.96 
-39.49 -374.02 
323.87 -96.77 
524.45 57.87 
403.21 338.29 
-463.82 -138.01 
304.70 411.43 
-268.79 -246.87 
288.41 183.39 
-179.87 379.15 
-62.59 -473.02 
-293.63 -430.92 
-299.30 -513.13 
72.17  7.99 
-350.33 124.41 
408.87 -307.41 
-25.81 -302.37 
 3.14 102.18 
-423.80 -66.43 
433.37 101.59 
285.56 288.51 
-529.75 72.70 
-113.24 302.47 
-294.47 65.35 
280.94 -311.84 
-252.55 -502.59 
-545.95 75.48 
-388.53 152.69 
-410.62 431.90 
