270.17 -382.81 
436.72 77.49 
-40.15 -117.44 
-548.10 -217.34 
230.67 -292.12 
-439.69 -279.38 
565.96 174.05 
-465.54 -205.94 
75.32 -200.22 
-336.90 228.78 
-42.71 530.11 
-366.72 274.69 
-372.30 -188.37 
-509.71 164.43 
423.33 -54.60 
193.93 122.63 
-339.35 406.93 
563.44 -80.87 
583.99 -31.89 
374.65 76.66 
441.52 -169.36 
-385.47 -105.28 
278.45 -97.39 
-35.43 -195.44 
-126.05 -581.55 
502.52 -312.92 
389.01 224.15 
536.04 -235.54 
-385.54 285.39 
32.79 -91.17 
-416.23 -283.25 
347.98 83.65 
-83.28 -293.60 
405.06 -115.58 
-81.38 -445.88 
-63.58 -99.06 
81.37 -80.80 
-253.37 93.20 
124.33 182.79 
-172.66 79.45 
-164.21 194.22 
50.10 -255.31 
76.81 -88.08 
539.39 107.48 
-184.75 -65.65 
-116.14 -453.65 
310.78 -175.34 
 9.04 93.41 
324.86 -382.38 
186.12 502.06 
-418.33 250.50 
163.58 519.81 
402.02 11.88 
-354.42 -118.97 
489.93 335.85 
-52.08 -223.38 
