-136.16 262.49 
-261.04 -329.53 
 8.56 -258.61 
455.69 330.61 
-376.07 439.30 
-317.90 -64.35 
88.14 -420.97 
220.71 -18.12 
-443.52 160.15 
72.87 65.61 
-287.00 -82.80 
-18.45 550.23 
 5.58 62.31 
418.79 -423.18 
-33.60 388.23 
169.19 398.10 
67.37 -381.44 
187.22 508.88 
459.50 -265.95 
313.83 492.57 
-35.65 41.01 
87.69 293.91 
83.39 -392.63 
-184.91 136.73 
25.07 174.93 
266.55 497.88 
-257.59 -515.16 
431.51 -119.56 
247.66 315.16 
-44.44 -140.52 
-130.42 -319.45 
324.19 -159.00 
-381.23 -97.34 
-525.79 202.16 
97.11 -252.40 
-201.12 345.38 
168.81 500.39 
-305.06 -58.29 
15.76 482.85 
-250.89 -518.62 
290.57 465.07 
-580.29 53.69 
99.69 -299.24 
-403.02 -333.54 
277.31 -160.44 
56.81 -431.88 
295.61 406.32 
-143.67 -349.72 
-552.03 114.82 
-8.20 -402.80 
-332.02 489.76 
-165.86 -537.00 
-269.53 270.12 
73.66 571.07 
-460.76 259.30 
-397.00 -66.05 
