-448.00 -95.42 
204.73 -296.59 
-110.08 -338.06 
196.88 -490.76 
94.19 133.50 
-15.79 -499.59 
-468.63 299.04 
180.14 -4.22 
470.26 -55.71 
-339.01 88.92 
11.79 16.55 
63.71 -109.69 
15.90 369.95 
58.62 -310.26 
107.20 -385.57 
110.02 -81.37 
277.32 124.51 
138.60 -583.58 
509.61 211.36 
11.35 -159.74 
522.83 -51.68 
223.97 246.16 
-472.56 12.16 
268.70 -17.58 
55.55 363.84 
201.92 528.64 
-515.44 274.21 
-195.85 -94.96 
-123.63 -218.27 
460.31 189.67 
-399.62 -216.16 
-242.94 33.71 
29.70 -285.37 
290.89 -319.66 
-425.12 131.46 
-118.88 -64.18 
-186.34 359.63 
-319.99 469.90 
373.91 -159.95 
-208.26 -252.37 
-342.28 119.08 
192.96 406.53 
-243.06 175.49 
-231.69 -201.40 
-425.61 21.67 
454.96 155.67 
43.11 -302.85 
452.57 -177.38 
-519.87 277.16 
427.11 -400.89 
-113.80 -423.18 
442.67 265.36 
-273.42 450.76 
109.52 355.56 
-61.59 14.14 
558.72 99.69 
