276.03 323.73 
-442.64 -381.10 
249.76 197.74 
176.98 -479.67 
65.04 364.55 
-90.85 -248.98 
-201.27 310.43 
180.61 278.62 
77.24 -115.41 
-324.92 422.16 
-412.62 -345.51 
-239.64 332.36 
-179.59 91.23 
-136.41 -4.11 
-40.36 568.31 
-324.44 -419.17 
139.89 -293.32 
-27.07 -569.01 
-0.42  9.69 
-230.21 -114.79 
-1.41 -38.63 
-267.75 56.54 
-14.80 -444.64 
-54.42 -170.55 
194.29 -206.52 
10.20 352.66 
-352.70 -70.25 
152.07 491.23 
-450.93 118.02 
-448.30 348.26 
400.02 174.70 
394.87 -135.86 
124.11 -176.48 
 2.57 590.69 
245.91 32.77 
-133.58 298.89 
-152.20 -196.28 
189.53 106.51 
383.83 186.81 
-174.33 31.13 
316.88 -25.83 
219.47 293.70 
383.78 -108.66 
-65.87 248.99 
-186.77 -411.51 
96.03 -188.13 
-240.94 136.98 
-150.42 -452.60 
-35.37 -25.77 
-183.50 487.42 
181.97 186.76 
-351.72 -252.27 
264.75 337.74 
219.40 -385.83 
197.65 340.67 
117.61 134.38 
