418.55 22.41 
171.99 -32.33 
-230.91 -435.27 
-111.55 126.99 
-417.60 -7.68 
-149.91 -383.38 
-241.13 -453.58 
-40.18 -362.45 
-226.20 355.68 
47.47 -482.15 
147.79 399.09 
-241.18 61.68 
-53.43 -314.06 
245.29 55.27 
591.03 -16.01 
-253.22 342.02 
-500.68 219.03 
-274.13 236.15 
18.03 222.31 
-346.30 38.72 
273.18 -173.30 
-91.81 -486.81 
-258.64 338.90 
-142.55 -539.03 
-204.76 184.30 
-21.57 -364.61 
163.18 -185.19 
-115.90 -221.20 
68.03 170.39 
122.45 -432.14 
354.96 -112.68 
-57.49 352.51 
265.02 -507.58 
-450.42 89.71 
350.01 458.21 
351.50 203.24 
321.98 -361.05 
222.52 458.62 
167.59 -10.78 
-208.36 -258.82 
-145.59 395.12 
-133.93 48.91 
486.00 -57.33 
247.10 399.89 
-494.88 112.67 
408.49 305.91 
-232.40 -502.83 
-356.28 -102.15 
573.56 -8.97 
171.01 214.33 
-78.60 234.30 
23.98 128.54 
282.53 384.93 
-498.87 307.38 
-297.27 -325.32 
39.49 -351.48 
