-99.31 115.27 
212.89 -86.94 
-118.51 553.17 
364.94 204.04 
-123.97 -59.24 
-250.85 -486.91 
433.99 -401.95 
-379.61 -368.54 
-88.66 107.99 
-369.90 -465.78 
-300.76 -503.96 
402.83 96.21 
96.93 539.05 
263.37 234.83 
160.66 -320.46 
163.00 -560.53 
-336.13 364.10 
395.16 416.61 
-432.12 174.10 
-236.05 358.26 
354.49 -103.36 
378.72 446.14 
-265.45 -262.72 
-335.33 -162.65 
94.23 -326.52 
-513.80 71.69 
317.48 -228.18 
353.29 448.04 
-422.58 258.14 
-165.47 -132.91 
-210.22 180.40 
-404.31 332.48 
77.14 -573.04 
-156.60 -112.20 
460.40 -334.98 
416.46 29.83 
-444.71 -56.73 
282.99 -426.34 
-508.17 -209.81 
-113.63 544.72 
280.84 235.76 
-407.40 147.67 
578.11 41.61 
435.96 -0.03 
-176.30 -168.60 
-44.55 434.57 
108.54 -342.53 
281.98 -295.48 
-148.80 -159.08 
314.76 229.20 
462.89 249.10 
-395.57 -219.87 
562.48 -29.36 
426.14 -203.72 
200.62 398.92 
10.76 180.57 
