336.79 -426.74 
276.79 504.52 
236.39 -298.97 
279.52 -40.95 
271.84 -450.63 
364.02 -197.14 
472.21 65.27 
-232.28 -8.53 
312.31 -60.57 
449.60 -167.62 
-86.56 -203.78 
-193.12 123.00 
156.03 65.70 
-282.03 -135.20 
-508.47 -38.49 
-179.62 -406.34 
-439.60 203.45 
-185.63 267.52 
-52.02 438.12 
160.66 -99.20 
15.26 -87.85 
-452.66 -136.68 
559.11 79.41 
158.67 -259.06 
297.40 439.49 
-344.45 -85.37 
-13.20 467.33 
-529.61 246.49 
356.96 204.63 
172.23 359.41 
 7.28 -593.71 
-454.73 234.16 
-491.07 283.66 
457.68 -70.13 
-279.46 -239.03 
113.88 -524.53 
373.24 190.22 
40.60 443.32 
116.50 445.04 
493.66 284.49 
94.14 319.40 
361.64 -235.92 
-212.93 59.56 
-2.52 411.84 
383.36 -348.13 
-360.93 470.64 
60.79 380.05 
-107.67 -174.15 
428.68 -128.44 
 0.71 -443.14 
 0.72 16.27 
530.10 122.47 
288.37 173.19 
-134.55 182.46 
-50.77 83.16 
411.03 382.42 
