-59.92 -157.28 
-277.21 -219.33 
461.52 -163.68 
-339.90 -446.60 
-81.70 496.42 
44.41 123.78 
-592.62 36.87 
318.81 -264.61 
314.69 484.37 
-91.94 553.35 
52.59 41.72 
467.11 -57.88 
-555.24 -100.92 
179.91 -244.62 
-386.93 -292.90 
-49.64 -538.46 
352.12 195.97 
263.43 -259.37 
-73.97 -421.34 
395.98 -243.07 
361.82 429.93 
405.98 39.70 
331.31 -437.00 
-298.21 -462.40 
-222.24 -359.28 
97.78 -547.21 
386.35 -46.11 
-440.27 -60.07 
66.58 455.92 
-28.26 272.52 
-48.39 -273.25 
245.53 -21.97 
-64.47 -33.64 
 2.63 356.12 
39.09 -171.31 
536.25 40.50 
238.68 -430.23 
49.30 -279.45 
-114.23 -426.15 
-335.50 -85.74 
375.55 -112.63 
361.38 174.71 
151.69 491.40 
-515.64 253.20 
-404.18 -194.24 
401.78 -383.21 
467.29 -107.00 
151.69 -525.15 
-42.61 -351.11 
464.68 127.53 
-108.39 486.83 
11.65 204.48 
-181.44 -533.91 
-370.48 29.55 
-187.86 498.32 
63.68 -45.02 
