-357.11 -4.92 
-168.46 -520.94 
-344.49 -451.98 
130.78 -467.82 
305.82 -43.40 
303.45 187.91 
-233.10 -27.84 
540.98 -92.31 
250.39 470.31 
453.16 -346.78 
477.52 176.51 
-65.90 -309.03 
453.69 259.03 
-247.07 44.27 
187.17 85.58 
135.09 -183.87 
-221.00 418.24 
139.96 -353.98 
-227.37 -364.99 
246.54 117.38 
-281.39 201.31 
-363.00 -273.81 
542.08 -51.82 
-547.20 105.36 
254.51 -263.16 
-312.05 12.38 
59.47 -324.98 
556.80 -202.88 
-442.23 -403.83 
-2.22 -362.98 
-374.38 -172.65 
-392.40 154.87 
-123.64 -303.63 
298.34 141.12 
300.65 -410.12 
-337.07 -16.96 
210.85 -153.92 
19.40 -242.33 
300.40 247.93 
232.45 281.29 
-37.08 -560.71 
303.42 -38.23 
579.10 63.82 
-224.80 294.54 
-216.47 -543.85 
-36.92 396.77 
-202.47 -275.23 
-326.84 16.12 
-461.39 -156.68 
449.85 333.31 
107.96 48.76 
-134.48 -529.73 
289.23 -290.34 
-118.42 -389.74 
358.66 318.78 
-134.96 -120.85 
