-183.55 -170.06 
-200.07 305.97 
-395.98 -324.51 
-368.60 -169.93 
257.76 28.94 
490.25 -200.87 
-367.97 -29.65 
-145.89 -163.82 
254.13 310.26 
-425.81 337.67 
-526.33 -72.84 
244.05 16.41 
317.67 442.66 
386.39 -385.80 
365.91 -204.45 
568.36 180.56 
-238.13 -318.41 
-271.86 -432.05 
-215.17 322.91 
83.42 152.90 
-158.26 125.40 
-105.67 426.97 
-477.79 190.27 
199.93 -336.92 
-53.69 -9.61 
-489.66 -69.91 
-25.66 -174.88 
-178.36 198.59 
228.83 219.61 
483.34 317.97 
-139.44 544.52 
-263.33 351.93 
-151.06 109.71 
-184.41 -430.74 
-349.11 322.64 
232.39 -358.86 
-561.10 16.59 
330.42 468.20 
-105.25 -19.00 
95.34 33.48 
133.04 53.08 
-445.76 327.94 
28.86 536.91 
256.27 -529.92 
-270.10 -177.73 
494.73 -211.04 
487.17 -293.35 
-192.56 19.10 
130.20 -330.07 
-197.10 -57.06 
279.06 17.33 
-295.30 95.50 
424.74 -222.12 
496.72 136.66 
242.56 272.86 
159.71 220.01 
