-358.47 281.18 
-348.91 398.86 
-396.39 -304.90 
-88.51 -208.70 
-32.86 -74.11 
251.78 487.56 
-290.35 -114.33 
-195.12 293.95 
49.05 120.04 
549.97 128.74 
-143.95 506.65 
-126.28 495.98 
468.56 -244.99 
139.73 440.57 
-375.20  0.63 
-287.96 434.71 
267.91 -251.80 
221.43 205.20 
316.51 -121.42 
343.97 -268.70 
425.50 -379.62 
-397.27 -193.07 
502.69 162.44 
-36.17 21.55 
365.16 173.17 
38.56 478.57 
294.43 -354.78 
-206.03 77.13 
160.36 -365.94 
-281.35 -414.77 
467.52 -333.84 
87.73 -474.36 
-369.76 61.21 
177.33 85.75 
180.38 159.00 
416.36 269.86 
 5.26 -96.15 
325.13 311.23 
-435.15 274.55 
-39.39 -68.95 
131.38 117.40 
156.77 -321.91 
476.97 -183.67 
-139.80 -16.46 
429.40 -200.60 
326.54 -467.12 
-41.94 -137.80 
-332.19 -142.53 
216.84 -139.52 
-556.36 -171.23 
-302.06 -74.75 
446.38 364.01 
-498.09 39.88 
-139.09 -352.00 
231.20 341.30 
-267.86 476.79 
