538.48 -83.14 
506.29 -250.41 
-305.97 140.42 
-59.25 34.37 
-231.54 108.29 
42.12 -591.19 
319.55 -141.63 
-13.17 -488.04 
362.73 -219.63 
357.69 -16.62 
483.18 -256.85 
299.11 -295.63 
 8.44 271.10 
-201.68 15.81 
-8.17 419.14 
-71.58 -187.98 
-350.91 -326.97 
-38.61 -211.47 
-147.71 -442.30 
-440.80 -326.00 
573.89 30.26 
316.38 -456.89 
-41.40 -434.14 
297.28 467.07 
291.59 -168.89 
 4.00 122.43 
69.72 -300.74 
417.55 317.80 
471.41 251.39 
-23.64 122.69 
-69.12 444.78 
-10.72 577.22 
183.62 482.30 
-133.40 24.21 
-135.76 324.07 
-23.97 444.50 
-105.30 428.80 
180.74 -524.01 
-417.94 336.38 
-95.81 -146.15 
57.46 -129.00 
-302.79 237.34 
76.04 -57.29 
132.51 515.63 
433.56 160.28 
18.43 581.81 
147.10 -398.16 
594.77 -68.73 
392.80 -166.18 
-79.04 508.22 
-271.44 177.72 
81.03 105.88 
378.60 -447.02 
-278.11 275.28 
-246.90 221.72 
340.17 -66.04 
