352.31 -393.80 
-312.04 144.05 
500.14 286.46 
74.34 122.16 
139.11 50.49 
99.24 18.62 
140.86 225.97 
70.58 21.71 
164.41 461.89 
575.96 -115.55 
265.95 -488.58 
12.57 246.48 
265.52 -98.05 
70.76 377.70 
37.26 -297.16 
487.07 85.46 
-451.94 350.10 
-108.81 -136.05 
197.90 461.11 
361.31 179.46 
-313.18 227.15 
106.33 -166.32 
211.73 167.60 
-74.15 409.14 
48.73 -96.72 
50.23 496.10 
-450.16 -5.45 
-596.70 37.19 
329.67 -482.07 
-461.36 -124.21 
550.07 126.58 
345.20 139.16 
272.82 -249.57 
-325.02 216.72 
208.59 -471.44 
-72.61 -369.79 
12.62 471.83 
-141.01 142.45 
544.48 -86.79 
-90.34 -413.77 
344.36 293.59 
485.24 -145.01 
-427.31 210.00 
-105.10 -587.74 
469.74 -318.03 
340.45 -69.08 
-237.95 -343.78 
-473.49 183.96 
-143.56 -328.10 
460.33 -250.49 
96.12 -143.39 
-486.76 314.88 
-264.51 -298.49 
-418.39 -279.91 
-10.06 457.50 
284.61 -103.63 
