56.96 62.81 
-518.71 102.15 
-94.92 290.53 
140.98 -105.41 
-45.89 -60.68 
227.90 326.55 
-54.62 101.34 
109.52 -418.35 
 6.23 -520.74 
-230.21 251.83 
-259.17 352.86 
-28.35 -262.56 
-32.33 257.08 
-410.77 -425.72 
-220.05 -456.30 
299.80 -284.09 
547.63 -180.45 
374.44 -71.44 
76.99 -242.47 
-401.31 79.22 
248.81 149.39 
-450.04 -83.43 
-206.37 -405.81 
-212.48 474.09 
146.53 -34.43 
-212.90 -531.08 
-59.07 -352.62 
-316.33 -113.33 
65.85 218.59 
574.76 108.19 
-204.58 482.76 
-405.02 -244.19 
-379.38 -384.28 
41.57 -189.80 
245.55 271.00 
-38.90 -336.37 
-127.44 -438.59 
395.06 88.42 
-1.49 26.38 
-430.15 -62.08 
42.68 219.85 
-257.59 335.69 
-89.98 369.08 
184.43 181.95 
191.10 498.11 
438.04 402.18 
-260.00 329.87 
224.22 -339.74 
-162.43 -567.33 
114.39 443.69 
-364.43 253.98 
133.91 442.28 
-176.17 -546.62 
-218.28 413.28 
-240.62 -28.59 
-299.02 -88.75 
