-3.89 -342.61 
-342.58 294.92 
-74.84 -172.95 
454.58 140.84 
322.10 -441.50 
280.11 -40.38 
322.26 -355.42 
-191.36 267.57 
105.34 -248.29 
-549.88 30.87 
-115.24 440.44 
-82.02 587.13 
-33.88 -501.04 
-445.37 -332.44 
272.10 -105.43 
-210.51 37.23 
-16.19 288.63 
293.10 178.55 
263.64 463.35 
562.48 -146.73 
-327.93 427.98 
147.49 376.28 
-380.90 21.99 
-219.61 80.88 
159.24 140.00 
191.35 479.79 
130.22 556.45 
-480.15 -161.88 
-359.42 -85.93 
-32.96 31.19 
-230.90 -472.22 
201.43 -179.59 
540.78 -167.16 
192.64 557.07 
-522.80 -40.97 
-323.23 282.65 
212.25 430.24 
-138.61 -452.48 
-53.88 -242.07 
516.39 -22.33 
337.62 -27.26 
156.84 183.49 
456.86 -288.48 
518.78 104.92 
591.87 -2.38 
72.69 -451.84 
-369.01 -396.95 
-205.85 383.93 
-510.41 -204.18 
130.74 -510.84 
387.58 -91.56 
-313.52 -19.53 
-34.53 -410.73 
-185.74 249.00 
-431.73 303.09 
-209.43 58.23 
