576.47 83.74 
-193.77 528.23 
269.81 467.47 
200.54 -237.92 
13.49 302.80 
-239.31 -411.51 
-530.37 255.45 
391.45 386.19 
-1.65 -335.44 
-51.23 214.90 
78.18 -222.96 
-91.56 303.48 
260.88 -31.99 
-215.76 377.35 
442.01 -161.81 
252.31 320.61 
-201.31 60.88 
432.09 -386.70 
-55.60  8.95 
260.74 147.50 
-178.40 82.13 
503.85 -121.62 
-154.67 -278.23 
222.29 -198.55 
112.64 322.99 
-129.90 585.37 
299.62 -484.91 
235.86 59.53 
-574.80 -42.82 
-484.49 96.49 
54.10 -549.08 
25.43 286.77 
-217.15 227.85 
176.65 -114.43 
226.11 67.73 
438.13 -192.53 
-228.56 -247.45 
293.89 75.09 
-212.66 -335.35 
-416.13 -4.00 
-73.25 -66.53 
132.72 538.08 
-147.65 -160.69 
182.60 -178.06 
-145.60 478.58 
343.01 -306.60 
414.72 382.27 
59.52 537.87 
 9.54  8.62 
-89.73 93.50 
66.18 -561.13 
-292.98 -217.90 
373.15 252.40 
238.84 -325.28 
-146.21 -410.09 
346.94 -124.68 
