126.37 232.66 
321.28 -480.56 
10.32 407.89 
311.01 -467.63 
458.14 186.08 
294.36 228.77 
138.15 225.82 
-354.77 107.58 
-373.33 -455.87 
-342.57 -340.46 
209.90 307.75 
23.83 -549.69 
147.56 430.04 
-191.73 475.28 
371.29 -119.91 
-360.97 46.08 
38.94 -482.63 
274.58 166.13 
189.39 -274.83 
-289.64 -206.68 
-227.72 -86.10 
424.19 140.18 
397.11 131.00 
-47.01 423.04 
-312.71 118.31 
-279.31 -436.73 
-395.35 313.22 
85.39 -40.54 
-263.52 50.37 
132.77 151.79 
31.55 540.62 
-489.22 -272.86 
271.21 283.56 
185.48 -328.24 
509.36 -106.22 
-239.74 -386.31 
-331.58 334.06 
43.39 -562.19 
212.58 -438.16 
-450.40 -96.92 
417.78 118.09 
532.49 78.27 
-369.15 -81.49 
478.81 71.59 
-32.86 -544.03 
-131.16 271.14 
-353.05 -16.23 
173.90 -9.21 
55.26 -213.55 
-176.89 323.95 
494.98 -223.29 
-363.21 263.25 
-238.92 288.77 
141.68 81.12 
-234.77 -526.80 
173.76 -241.17 
