10.07 -402.78 
376.92 138.17 
534.99 -157.89 
467.46 13.92 
-239.57 55.16 
167.31 -461.33 
-233.73 115.23 
-306.42 -257.98 
288.52 -272.37 
-278.18 500.71 
466.54 -288.86 
-117.87 398.68 
-501.24 112.81 
-557.18 208.74 
-446.96 374.15 
-8.87  7.74 
18.41 468.35 
-8.21 -471.67 
-48.40 326.20 
437.45 58.02 
-365.10 134.38 
428.04 -186.27 
-113.53 -575.79 
-87.06 -132.89 
-115.86 351.45 
279.68 260.00 
-100.73 -292.10 
442.61 119.90 
-335.68 -310.71 
544.75 -223.83 
194.84 484.62 
334.85 307.12 
46.51 103.34 
-388.41 -436.30 
-253.30 409.92 
184.71 -291.93 
-276.06 -228.41 
113.20 -174.68 
276.06 -192.34 
-282.19 356.11 
-10.31 -239.28 
-36.91 153.95 
312.95 -375.09 
-335.66 -88.59 
253.41 466.47 
52.80 61.04 
-466.47 13.84 
-216.46 418.81 
385.16 -62.33 
212.21 536.44 
212.01 -415.34 
226.70 -468.70 
-83.99 300.95 
-242.59 -396.32 
-127.01 -434.02 
-243.84 -532.08 
