-253.36 -385.79 
432.43 -305.67 
231.32 -1.39 
-428.85 -85.20 
362.24 391.05 
-64.94 -214.87 
33.29 -100.23 
-23.31 -426.15 
271.98 443.16 
566.81 45.13 
-121.68 311.56 
344.50 -49.86 
-445.36 -283.85 
244.79 -414.84 
337.98 436.91 
411.41 156.48 
404.62 -258.86 
564.85 -135.83 
-321.22 340.96 
353.20 -259.13 
342.85  8.18 
-389.22 50.17 
440.62 -134.77 
-236.12 181.99 
-91.43  2.29 
-107.54 -341.43 
-263.31 -155.39 
97.98 -464.24 
-308.56 -111.30 
-373.54 -41.58 
-219.99 82.99 
144.05 513.18 
-520.11 -23.78 
-249.01 -203.82 
491.07 -52.11 
-37.92 -124.26 
29.78 19.74 
-329.36 -13.84 
-359.55 368.46 
-193.06 369.75 
-77.32 -347.76 
545.56 -141.54 
-199.03 -242.57 
-240.54 -256.43 
-587.60 -70.64 
-386.80 -226.74 
202.86 269.79 
102.87 569.24 
-337.18 -481.88 
-29.70 431.84 
-465.01 85.87 
-213.67 -193.87 
-177.87 -54.94 
14.98 554.63 
-117.50 412.19 
36.93 29.70 
