-293.85 -291.51 
-277.38 67.32 
-38.51 495.76 
-120.02 -113.67 
492.74 49.07 
-293.09 492.62 
-196.06 247.51 
-182.53 -486.67 
-156.82 55.33 
75.73 -528.38 
279.15 87.72 
516.79 25.09 
125.96 128.61 
594.07 -5.35 
-57.27 -585.60 
213.88 248.82 
544.01 -155.73 
191.55 42.29 
110.03 111.45 
-436.40 -176.75 
108.21 -314.78 
317.94 478.82 
-85.74 525.19 
272.58 -342.20 
27.66 375.97 
94.57 33.77 
287.19 -189.26 
-20.28 431.04 
153.49 -476.05 
84.93 -53.57 
142.57 -116.57 
-550.86 -195.66 
-418.81 358.23 
363.41 327.62 
35.31 137.82 
81.25 -202.21 
345.61 -296.13 
202.23 -273.24 
-17.34 243.71 
68.17 -89.31 
-397.47 -327.89 
56.67 422.11 
104.07 -183.24 
279.05 23.93 
-238.91 -297.35 
11.45 453.11 
-289.40 -212.69 
498.30 279.65 
-133.63 -477.61 
17.23 380.29 
-449.74 -1.31 
477.56 -151.43 
-248.73 -223.40 
249.00 166.45 
125.27 -453.89 
477.54 -275.86 
