585.71 14.87 
-42.25 -540.99 
-49.33 -583.84 
307.54 -388.37 
23.34 260.92 
335.50 195.20 
-23.44 40.99 
-428.89 -7.68 
-83.86 544.06 
410.81 345.60 
-61.35 -180.14 
403.05 -239.70 
114.69 -9.70 
287.13 -340.64 
-384.41 -222.62 
86.66 312.60 
-221.96 -55.97 
-259.74 -69.72 
71.78 -515.91 
206.42 422.36 
-472.95 -203.46 
-133.32 -438.56 
58.06 51.08 
44.60 114.28 
295.81 -424.35 
-237.32 -266.39 
84.70 45.69 
-133.94 -67.31 
182.67 -183.59 
-196.51 75.18 
173.59 -142.96 
-4.21 -589.16 
258.36 192.20 
57.20 -257.13 
97.91 -98.56 
159.04 -397.28 
-25.42 343.81 
-41.05 -349.10 
507.58 276.66 
95.05 -495.96 
-163.12 -86.11 
-126.11 -468.71 
96.76 -455.89 
17.30 393.73 
69.24 280.34 
543.66 34.59 
580.83 -92.97 
-111.20 -77.10 
121.70 -359.72 
311.46 -496.36 
-110.37 77.83 
-398.67 -386.90 
-385.05 201.26 
-168.61 260.38 
-32.63 144.32 
-317.57 -250.66 
