-495.43 -181.43 
119.55 -246.86 
-207.10 108.68 
373.27 -308.67 
463.49 -20.13 
-186.54 303.73 
447.91 -301.94 
-125.84 -331.46 
-509.36 -269.43 
119.32 -233.51 
-25.56 -581.73 
557.83 -219.08 
304.79 29.93 
159.92 -403.37 
353.90 -166.38 
-512.04 -286.22 
144.82 -373.23 
27.67 -30.35 
538.62 113.17 
-274.62 193.95 
-77.88 525.71 
230.36 238.11 
-187.71 365.25 
376.91 466.61 
 8.47 -464.58 
29.24 231.62 
56.27 -7.79 
-103.58 -573.19 
213.61 199.22 
397.79 -126.58 
357.00 446.76 
-283.31 -131.98 
130.28 190.58 
80.50 387.07 
-83.20 456.51 
-46.13 -1.49 
180.75 -122.80 
-47.30 -351.19 
-396.02 -163.61 
158.38 230.49 
-272.40 -217.07 
377.87 -256.08 
-44.22 -269.56 
-133.65 163.00 
-27.33 189.51 
-219.46 203.60 
226.97 344.78 
-166.87 -65.67 
-296.07 -60.61 
33.85 -511.46 
-315.21 -392.43 
-473.85 -367.89 
262.55 -516.85 
64.30 -79.65 
-393.59 -72.98 
584.47 -94.28 
