252.39 -361.42 
-302.04 -338.33 
389.01 -337.50 
-326.10 -387.26 
-299.87 236.75 
477.63 -165.59 
-355.29 268.36 
516.43 159.79 
-24.19 -451.90 
-392.86 248.93 
533.91 25.43 
303.72 -20.53 
-160.57 -42.26 
401.51 -158.46 
325.32 -97.16 
-254.28 -270.88 
41.78 345.55 
-123.55 -7.25 
-167.98 312.91 
248.19 417.48 
-39.25 308.04 
166.54 -409.28 
-466.59 -307.89 
-500.80 100.51 
488.72 -145.41 
451.52 -123.52 
172.59 263.73 
-459.56 -242.07 
239.04 360.67 
-285.27 -505.33 
267.00 269.47 
64.47 256.41 
337.00 -476.64 
425.89 -185.42 
97.07 -383.99 
506.91 207.98 
-23.90 -130.91 
-210.26 -182.04 
575.68 -73.68 
230.66 101.70 
99.36 -447.26 
519.19 -255.12 
243.29 -304.58 
-64.85 66.48 
-9.52 583.36 
-265.87 438.68 
30.08 511.39 
27.18 374.37 
-505.43 -291.16 
 3.97 -107.27 
446.06 196.32 
-400.67 -141.97 
518.27 26.74 
-39.12 -20.69 
131.03 62.46 
15.02 165.56 
