331.71 -274.51 
529.76 -150.69 
-513.26 185.52 
406.12 279.02 
255.28 -201.24 
-246.73 417.81 
123.98 358.62 
-164.38 -511.58 
-340.75 418.43 
-223.71 -268.76 
256.94 -111.76 
-421.06 353.67 
-347.90 131.78 
-190.14 -262.23 
-100.99 -543.73 
-40.31 572.65 
454.62 348.92 
313.07 338.19 
499.99 -151.69 
555.51 -152.14 
521.53 -9.58 
284.50 63.10 
-216.07 47.59 
-231.42 -525.24 
-589.74 40.65 
-225.54 337.43 
420.58 388.62 
292.04 97.50 
490.06 -312.49 
45.71 -332.72 
-80.10 -523.40 
-153.67 -398.58 
-31.25 -27.49 
322.79 80.64 
-260.93 -384.05 
274.86 267.49 
273.77 -63.19 
275.37 -101.30 
574.59 -170.88 
117.33 -206.27 
169.14 -497.26 
22.36 -7.60 
-233.14 369.32 
251.95 68.93 
-248.35 -69.75 
-445.23 21.65 
227.35 -172.90 
314.47 350.62 
-556.99 195.68 
56.89 -523.30 
268.56 -500.21 
188.53 462.17 
216.55 427.73 
229.59 314.97 
470.78 369.80 
-238.00 -247.89 
