239.31 477.85 
-41.27 -549.55 
53.17 -277.99 
405.90 -185.47 
-193.61 -466.08 
512.98 -205.20 
-451.23 16.02 
-355.98 433.28 
474.97 -317.95 
343.46 182.95 
419.04 -26.46 
-260.94  8.76 
218.44 106.15 
-85.93 -249.90 
537.43  1.88 
-344.89 -48.75 
-339.52 -119.56 
-266.09 -120.65 
242.23 89.02 
327.32 -273.81 
167.93 271.98 
139.23 481.10 
-191.11 -273.57 
271.10 -527.03 
-267.96 527.91 
131.29 68.01 
511.65 78.50 
-74.43 -54.90 
401.55 -62.90 
-66.33 18.40 
236.76 177.96 
64.56 505.22 
-294.95 18.85 
-307.42 177.99 
55.77 -424.07 
310.83 -450.94 
-359.53 -53.38 
444.37 -369.02 
75.57 -3.31 
-438.66 84.77 
328.98 195.40 
-71.51 172.27 
64.12 -34.97 
-226.36 220.41 
-92.65 -275.23 
106.82 -462.35 
-286.07 -125.81 
67.99 -207.74 
567.19 -48.21 
32.92 437.70 
313.69 376.93 
208.34 374.58 
-402.96 -86.44 
-525.20 -177.43 
-187.42 -230.67 
-233.21 -215.15 
