-1.83 -297.37 
-52.38 270.11 
 2.69 118.70 
441.23 -41.44 
149.34 -338.71 
141.26 203.04 
-125.08 -535.71 
388.12 -0.72 
108.90 30.33 
581.27 114.90 
520.54 124.81 
-161.15 -546.51 
150.92 271.36 
188.46 -433.32 
-495.35 133.53 
456.62 95.56 
151.71 385.80 
-97.07 -215.83 
398.70 -393.64 
-405.35 -354.48 
208.62 -35.47 
-267.17 -323.41 
388.39 301.03 
-425.79 33.72 
-519.62 -150.34 
-169.37 323.72 
500.21 115.50 
-395.56 -320.57 
378.56 -257.75 
429.44 92.62 
-142.10 368.20 
353.43 -358.37 
-153.17 -498.41 
-345.49 220.56 
-301.80 -164.08 
258.87 -257.11 
-179.66 -174.86 
216.00 -471.49 
579.04 -51.79 
359.40 282.00 
118.98 -232.46 
184.25 -372.84 
59.26 -44.56 
224.29 -383.29 
-51.42 275.91 
29.12 -513.07 
-535.28 -158.10 
-110.02 115.22 
-159.10 251.28 
282.61 -305.02 
-376.09 -404.92 
500.30 -194.55 
-143.21 95.08 
62.82 -13.39 
-473.47 13.15 
231.31 -221.33 
