-326.87 -292.13 
296.59 72.88 
120.53 -119.93 
385.83 274.81 
-124.86 212.86 
221.63 100.92 
-208.58 494.98 
38.79 -316.95 
-201.88 -195.46 
-204.25 -530.54 
-216.17 303.37 
-38.64 -157.69 
297.94 468.09 
22.71 -66.13 
-473.47 365.65 
-63.89 443.25 
122.66 151.75 
-438.13 -275.68 
-206.44 -310.56 
304.27 -303.32 
-22.30 168.35 
-379.95 -454.70 
-125.79 -199.92 
537.04 225.70 
-470.23 33.49 
222.11 172.40 
-68.52 469.71 
-265.72 -395.02 
-69.98 264.34 
363.66 -262.74 
11.51 -65.52 
-90.75 -579.49 
430.21 -73.70 
-68.92 55.07 
422.28 390.62 
-194.27 -189.10 
-250.80 -310.78 
-332.85 -139.50 
431.01 -314.55 
14.70 -148.80 
-312.18 433.08 
405.80 304.77 
46.17 374.67 
-369.61 242.73 
235.96 498.15 
-157.01 98.47 
577.92 72.54 
102.08 84.81 
-323.01 -397.88 
262.48 -49.23 
188.90 -543.12 
350.40 401.10 
134.10 486.77 
389.52 156.39 
-88.68 -287.17 
-308.21 48.74 
