75.72 64.81 
294.71 470.15 
336.99 51.55 
-291.34 486.49 
432.51 32.11 
435.44 125.08 
208.87 -321.31 
500.99 157.51 
224.77 -382.36 
133.25 105.62 
48.94 -260.59 
-94.90 -201.91 
-105.31 21.13 
-346.05 398.20 
 1.13 574.04 
181.20 -136.67 
195.21 -326.72 
109.99 -103.44 
263.85 -150.02 
-288.02 201.32 
-46.99 105.93 
-448.65 -130.01 
159.36 -385.60 
535.75 -50.89 
67.96 -147.91 
-106.44 -304.28 
339.92 150.05 
-155.55 -495.58 
294.42 -480.78 
390.76 129.66 
-146.45 136.49 
-17.54  8.81 
-94.05 129.18 
342.85 -203.62 
163.33 -414.35 
-569.42 125.07 
266.03 -229.14 
281.62 350.75 
301.13 -85.55 
-276.63 38.94 
-116.52 -115.04 
57.10 -137.03 
235.10 435.76 
-443.93 332.41 
320.78 -486.39 
494.25 316.55 
256.20 -314.90 
-155.46 -112.86 
-329.04 -228.22 
 8.61 154.77 
-549.35 116.53 
471.20 30.28 
443.11 -206.64 
-54.95 453.77 
-24.22 183.83 
-243.71 207.53 
