346.64 417.36 
442.44 387.05 
-181.96 12.42 
-485.30 -276.65 
130.36 -68.84 
-57.96 -212.66 
88.45 197.50 
104.11 -277.37 
-162.25 -494.49 
-250.20 178.92 
238.55 86.12 
-176.00 268.60 
-364.75 -278.44 
388.38 -11.69 
532.53 -186.08 
-398.19 442.24 
478.57 -166.56 
-174.84 -457.50 
527.79 171.80 
-531.57 -44.74 
 8.24 195.36 
-367.60 -319.79 
-431.70 264.92 
283.11 477.53 
-360.93 -57.28 
361.71 -16.28 
-246.98 441.05 
169.52 -269.59 
-471.52 -101.27 
-11.88 -463.69 
325.80 -12.72 
362.98 428.69 
373.40 -311.18 
-250.13 -398.70 
125.93 376.40 
64.55 364.00 
204.00 -383.28 
338.76 -226.84 
-156.62 -5.41 
-104.86 460.22 
-319.71 -227.77 
282.36 171.13 
-230.87 -347.50 
454.05 -3.44 
369.29 345.73 
-375.37 -157.91 
-100.65 -86.85 
-400.36 360.21 
428.58 -46.30 
-9.21 363.36 
128.47 42.68 
246.52 166.47 
-363.77 264.99 
-154.72 -179.50 
-62.34 -95.78 
-470.37 -238.26 
