-310.23 -86.98 
-37.17 -172.44 
163.82 543.31 
466.58 210.59 
167.58 -382.10 
-16.72 -282.68 
-297.33 368.58 
-363.12 -332.37 
62.04 515.49 
-98.92 422.97 
280.69 -285.50 
481.31 209.55 
-115.98 241.77 
-204.94 295.87 
548.23 -57.32 
278.99 388.35 
-172.28 -290.67 
236.53 -281.61 
-55.68 120.02 
177.33 538.32 
-326.22 -291.95 
-322.82 -101.83 
-563.02 114.24 
-462.25 -131.50 
-117.38 -72.48 
-236.81 308.12 
-219.56 486.08 
337.22 322.02 
-63.19 -523.28 
-334.11 11.94 
104.33 -565.60 
431.78 -130.01 
-279.23 373.87 
-540.56 -209.60 
442.70 -31.53 
-23.17 -362.90 
165.86 -92.06 
-239.11 -307.63 
-270.87 -137.40 
-36.57 243.72 
486.88 -25.82 
383.44 -32.47 
414.12 254.14 
209.26 -144.57 
252.30 -135.74 
494.83 172.19 
32.33 76.05 
29.08 -465.66 
-244.15 -466.19 
-201.81 -114.99 
-274.81 -517.91 
25.98 -6.51 
-310.58 -223.85 
-420.27 -44.40 
498.02 -90.01 
-525.08 -78.12 
