21.53 153.41 
-39.89 531.64 
-17.55 12.75 
-530.50 187.17 
-52.55 -181.75 
481.63 -162.78 
498.67 327.04 
152.70 207.94 
-192.45 -328.46 
-49.71 -11.89 
-457.13 109.05 
-425.55 201.79 
-253.59 302.68 
-79.60 587.70 
-243.45 487.83 
78.15 -36.93 
-232.20 -48.68 
36.69 64.58 
32.47 -209.48 
258.99 128.56 
395.62 359.15 
-385.62 111.81 
152.82 -234.08 
134.72 15.84 
313.61 214.51 
-293.17 401.16 
-10.41 595.51 
-2.87 329.91 
243.31 -411.23 
-126.73 -167.86 
-505.63 241.83 
253.81 56.54 
41.47 -432.06 
452.41 254.15 
-103.53 294.48 
-446.14 189.21 
-59.76 -469.35 
552.57 -185.73 
54.54 16.96 
357.95 474.85 
232.37 -275.38 
363.53 -162.95 
-143.30 415.67 
151.67 -323.74 
-254.90 528.32 
-393.40 -407.72 
565.05 44.44 
301.81 331.85 
-5.85 -506.46 
-33.38 -115.88 
-130.02 42.47 
-170.90 432.72 
 8.17 -158.24 
138.49 568.29 
-513.03 -94.19 
-143.29 363.50 
