-133.11 150.93 
176.36 450.80 
383.83 -185.25 
-58.15 -293.39 
57.87 396.06 
-556.52 48.14 
-401.26 -116.51 
-503.43 157.82 
152.91 385.04 
56.93 -201.18 
126.26 -13.22 
-207.99 -8.59 
431.22 -258.73 
-295.08 -388.51 
-234.80 -273.67 
421.11 286.66 
-379.52 237.70 
107.14 -556.33 
487.34 -219.48 
-83.02 -261.57 
70.83 -333.50 
-341.73 -476.17 
291.73 470.94 
136.01 181.76 
-183.20 -350.34 
-444.73 -352.05 
-444.41 -20.48 
349.33 313.55 
38.58 -431.39 
234.20 514.13 
-175.67 222.43 
-296.99 504.68 
51.18 105.24 
-422.08 39.23 
-392.71 15.81 
184.37 265.50 
410.90 355.42 
244.58 315.47 
-73.95 594.77 
-24.96 -212.17 
-348.72 -160.40 
123.00 -521.07 
-290.01 468.90 
-478.04 -141.19 
-423.13 27.15 
-243.42 -11.96 
448.68 158.56 
-293.65 100.52 
120.85 326.04 
-212.70 471.12 
384.49 402.76 
291.63 -34.91 
-318.71 223.59 
515.45 49.35 
-294.16 -328.72 
43.79 101.81 
