290.09 -504.96 
-217.13 465.26 
-8.84 -421.47 
-512.30 90.89 
-386.59 442.54 
-79.74 405.09 
325.26 -103.78 
-93.73 483.42 
493.47 -198.56 
569.09 -33.39 
442.38 -149.36 
-584.81 35.01 
228.97 261.97 
-50.22 -242.89 
54.60 -39.18 
193.50 177.00 
450.06 -63.20 
351.00 -30.11 
582.47 -142.13 
231.66 -311.43 
-203.64 -449.88 
-433.51 150.06 
492.35 -242.83 
580.46 131.96 
29.79 511.20 
435.99 61.80 
65.86 236.16 
-92.50 -577.63 
134.28 276.29 
133.32 -366.70 
57.07 214.20 
274.79 68.85 
-218.65 377.93 
-245.95 -459.90 
-74.98 -511.50 
-213.82 -39.28 
539.78 22.64 
244.55 131.62 
-367.12 170.19 
72.96 -489.67 
-180.55 438.86 
456.18 50.08 
488.06 149.56 
238.21 -110.43 
219.72 133.62 
-263.68 -168.68 
-193.47 357.95 
-427.02 117.57 
194.78 541.49 
150.65 314.06 
-143.03 97.78 
-112.91 -509.85 
-365.08 -175.22 
-212.29 -384.11 
-230.98 -177.53 
-69.19 -175.23 
