218.76 -358.50 
302.36 19.65 
-397.03 150.20 
-284.88 -502.15 
-188.85 333.69 
339.27 -99.32 
332.98 32.89 
192.54 -192.73 
-120.59 37.31 
-324.21 -23.94 
469.87 75.38 
268.74  2.42 
559.85 -8.06 
44.90 594.68 
278.21 -13.35 
176.79 -287.51 
-245.92 521.62 
254.47 -303.70 
19.76 156.85 
204.11 68.35 
36.97 -244.64 
39.52 -158.59 
-242.16 477.31 
-95.05 41.65 
-1.75 482.84 
263.86 360.29 
203.43 470.05 
-475.31 74.14 
321.49 395.16 
189.73 -361.56 
11.04 -570.60 
-276.39 36.33 
-294.45 -139.38 
-571.68 123.52 
408.87 -72.81 
481.33 -165.54 
12.38 345.49 
433.18 -269.31 
396.11 295.92 
-521.41 197.51 
26.76 -430.19 
354.30 116.78 
561.85 -64.78 
-295.63 -427.63 
-83.72 -372.70 
-454.43 -91.05 
-262.66 524.85 
277.23 -252.66 
-561.77 125.63 
-254.00 538.96 
-210.79 -270.12 
-271.31 -458.56 
296.77 -309.09 
-318.25 -150.35 
137.59 -80.71 
17.64 -545.57 
