-111.83 56.40 
188.16 -147.32 
-497.85 -69.01 
263.61 -126.79 
382.38 -54.33 
-462.03 162.45 
-267.72 274.65 
-3.67 210.58 
 6.71 281.03 
424.91 -392.90 
234.26 -547.59 
16.66 346.92 
299.04 -355.89 
51.83 -288.78 
145.36 -44.14 
-5.19 -177.21 
-154.24 -443.73 
188.90 -181.84 
-249.40 -67.64 
220.43 -289.01 
550.10 94.98 
-298.01 -143.16 
-15.04 -428.93 
230.46 295.63 
260.09 81.06 
-465.54 -227.94 
545.45 -12.49 
290.74 421.54 
-262.07 -205.50 
-3.36 -243.04 
-356.17 -154.17 
170.53 -516.48 
-419.41 51.66 
-136.95 -60.53 
451.43 -363.29 
190.71 -21.28 
446.11 192.07 
318.70 397.23 
-225.98 486.50 
373.40 139.64 
93.34 -442.85 
-103.79 163.88 
-77.65 329.02 
-208.39 90.18 
359.60 245.73 
426.51 -294.01 
-477.95 -361.70 
268.76 -7.51 
-399.91 194.84 
116.05 76.15 
211.65 -216.92 
-108.42 -33.98 
113.57 -113.19 
16.67 -114.40 
-48.72 -112.70 
370.32 144.23 
