-0.89 -311.43 
208.46 -107.22 
400.79 226.58 
386.10 163.51 
-419.56 384.63 
72.49 35.57 
328.42 -351.83 
-515.77 45.34 
409.01 161.34 
-62.39 -210.33 
-25.01 -204.38 
278.52 355.48 
344.84 70.99 
-181.61 -114.33 
-120.88 429.80 
-80.08 485.31 
-142.57 -547.60 
-407.09 283.51 
513.14 306.43 
470.51 176.65 
-470.88 -125.48 
453.49 -326.17 
411.36 -287.26 
-17.09 364.50 
274.14 -424.39 
-52.61 176.58 
368.85 -36.93 
49.24 -389.66 
-268.68 -344.28 
547.20 214.12 
247.49 -452.12 
381.04 -42.85 
159.94 491.44 
288.53 -379.47 
495.26 38.57 
-451.61 124.76 
200.01 458.66 
65.54 -123.25 
85.54 -180.01 
262.87 -205.24 
35.92 454.79 
484.05 -35.93 
364.37 201.76 
258.21 -409.49 
173.96 -117.78 
343.91 -405.05 
251.85 -1.93 
206.38 167.51 
-355.27 -237.60 
209.40 421.22 
-382.62 400.67 
-373.00 270.95 
-324.40 -301.51 
63.31 -497.57 
511.37  1.34 
318.04 127.00 
