31.85 -55.74 
323.69 482.29 
136.61 386.47 
69.14 131.23 
-483.21 -326.03 
-265.68 21.72 
-344.09 468.52 
-312.48 296.11 
108.73 -424.07 
-2.36 -134.19 
64.94 -128.86 
-50.67 -33.95 
260.03 413.81 
559.65 -1.77 
521.41 131.41 
-342.83 -298.66 
-587.38 -49.92 
516.15 -182.92 
-552.90 34.27 
312.01 -334.01 
-179.30 69.45 
-14.77 -149.35 
-6.03 564.31 
413.89 193.20 
-473.35 134.27 
396.47 162.81 
-460.43 -28.89 
-487.67 -211.13 
223.84 234.09 
-81.29 310.57 
-498.10 134.51 
395.97 -294.41 
-273.33 524.50 
138.05 -467.67 
-177.88 127.87 
-503.28 -16.40 
223.37 293.04 
-38.10 401.49 
-461.99 281.98 
427.83 115.10 
-93.54 -103.45 
46.04 83.42 
-273.61 220.70 
-181.78 536.80 
209.10 -198.01 
339.88 325.40 
263.16 -342.46 
98.93 278.05 
-254.38 -187.16 
-139.49 223.34 
-134.83 329.68 
20.03 -482.67 
71.18 -384.69 
430.04 -174.63 
-434.30 -234.45 
-341.06 -460.30 
