200.44 356.52 
241.15 -508.58 
501.74 41.61 
212.84 -252.40 
-201.62 -551.72 
285.58 526.79 
195.10 43.83 
19.35 149.00 
-345.68 -333.22 
-403.27 120.07 
296.69 191.93 
-509.10 -221.75 
147.98 265.35 
81.29 -4.36 
-278.51 95.71 
-123.95 -17.09 
-197.41 -298.31 
460.99 -336.70 
519.28 -176.66 
156.43 -498.45 
148.51 -398.04 
-363.38 -162.23 
296.77 192.76 
246.86 198.37 
-387.05 -350.28 
111.00 179.38 
169.86 331.49 
476.39 -99.87 
257.10 464.48 
-231.17 -276.18 
-356.92 -240.41 
-536.20 -121.11 
100.55 363.76 
106.37 432.27 
446.69 -278.32 
135.06 575.18 
266.48 -513.00 
 7.97 -143.82 
15.98 -268.12 
32.36 218.94 
201.46 212.06 
50.17 59.89 
41.83 128.74 
247.99 -157.26 
221.14 451.36 
285.72 -286.16 
-371.23 -316.40 
241.93 -151.21 
112.65 75.85 
209.89 449.71 
-105.39 -486.28 
368.75 77.35 
-208.58 -304.57 
123.69 -386.17 
211.44 -470.57 
549.00 -240.51 
