116.28 166.94 
-122.65 227.47 
-186.95 320.30 
-289.13 -70.60 
-553.12  9.49 
-237.85 396.17 
135.55 -295.11 
394.33 183.70 
-413.64 -384.35 
135.85 181.23 
-407.28 -143.72 
-1.63 221.04 
-420.93 -165.03 
189.59 388.22 
-177.19 -34.26 
-200.39 -4.01 
-237.58 203.81 
11.98 27.84 
-3.74 -283.70 
331.82 -400.70 
65.55 240.80 
 5.74 -511.65 
-191.86 -185.89 
-103.91 -401.39 
120.61 244.85 
50.20 -367.64 
14.24 -328.79 
-112.60 -529.61 
-254.76 -226.81 
206.54 412.42 
427.46 -233.53 
332.45 -239.87 
186.88 -431.73 
-382.98 -309.34 
-294.50 -165.74 
-303.52 500.98 
-264.52 -287.75 
-8.64 82.61 
196.50 -322.39 
-499.54 164.64 
-79.41 18.86 
-339.90 -409.32 
431.33 241.95 
-293.14 333.60 
-193.24 -543.38 
-128.49 186.96 
-24.62 412.34 
-72.26 254.37 
68.45 427.02 
163.83 -502.03 
164.30 51.79 
-342.49 205.52 
398.45 439.90 
502.51 -248.95 
190.11 -478.65 
121.60 533.37 
