505.25 -48.98 
409.83 330.28 
355.42 -358.63 
123.47 -573.06 
558.28 -11.39 
-403.88 350.46 
-212.29 469.06 
-88.95 126.00 
19.27 -407.74 
375.14 46.85 
509.23 -214.20 
443.80 -112.04 
-537.06 114.23 
-368.25 -327.53 
-177.44 443.65 
113.11 268.98 
-161.06 -253.00 
449.99 -29.96 
455.25 -181.83 
-169.69 -211.72 
-132.20 259.40 
317.18 -246.23 
464.37 -307.46 
-254.67 -447.74 
22.67 -369.12 
207.89 -474.35 
420.18 43.69 
279.82 211.61 
361.73 26.20 
91.22 -408.34 
421.92 -5.89 
226.11 -175.86 
10.97 476.88 
-95.94 -320.62 
100.82 -102.49 
-10.89 -288.51 
324.73 -272.13 
394.40 399.35 
249.01 144.95 
-578.79 -71.25 
126.44 -121.67 
213.65 -27.91 
-416.59 112.90 
-175.37 -252.25 
412.01 -385.61 
147.20 369.56 
-140.45 -151.98 
12.67 156.81 
119.58 -317.07 
-37.71 -79.25 
568.77 -2.19 
309.25 77.34 
-220.44 28.15 
-130.09 -464.92 
155.90 -464.34 
323.25 496.16 
