-147.96 260.17 
479.24 184.41 
-440.70 -392.09 
-152.58 -120.68 
119.30 384.46 
-401.62 -229.51 
-126.41 115.17 
-70.14 417.42 
108.91 -294.96 
342.57 -131.43 
316.49 119.47 
382.36 -330.68 
536.35 199.14 
101.68 279.77 
591.89 26.83 
-134.21 260.45 
-257.16 224.98 
435.30 52.32 
370.16 -378.26 
-560.37 -29.33 
-594.57 -40.95 
233.02 -70.32 
376.23 249.99 
378.93 115.80 
-167.76 530.57 
364.31 -391.75 
-383.04 -413.30 
401.47 227.33 
-138.17 290.13 
-273.30 207.13 
-28.82 532.74 
-36.91 -294.02 
175.55 522.12 
-98.70 -11.91 
47.52 532.90 
275.36 291.78 
-246.01 462.55 
558.13 202.98 
-31.74 -245.83 
-324.90 -88.87 
82.38 44.87 
-2.30 162.59 
185.26 -415.29 
-568.24 44.58 
457.95 200.69 
96.18 292.11 
-268.64 157.08 
-297.38 312.98 
-424.02 -205.18 
-87.51 319.67 
537.25 -38.32 
-345.13 -200.78 
-7.91 -130.99 
-485.65 129.83 
-271.29 332.02 
-423.64 -96.20 
