308.17 238.17 
122.74 76.46 
-332.09 144.53 
-385.24 453.98 
147.52 -19.01 
-108.66 57.55 
 7.10 -474.75 
-376.14 167.67 
358.62 112.52 
-303.90 -31.97 
-363.28 345.84 
348.04 -432.25 
116.16 412.48 
87.18 -307.25 
268.05 304.48 
-157.88 -266.73 
319.34 -96.45 
-46.94 590.69 
-347.76 277.71 
195.10 -397.52 
42.28 17.17 
-414.51 -83.52 
462.07 213.97 
-235.03 321.60 
158.00 -547.18 
-535.18 175.06 
-155.70 101.34 
-315.80 -233.66 
-282.30 -46.86 
-112.23 189.25 
85.92 109.31 
-501.21 226.00 
324.43 217.95 
-37.95 346.66 
337.37 391.65 
-439.74 45.45 
-20.60 -495.62 
-420.39 280.78 
489.46 265.70 
-108.81 555.38 
199.95 -8.15 
75.04 -185.30 
-348.17 405.08 
-170.02 147.02 
-64.25 348.31 
-88.88 -577.61 
-141.58 -470.05 
-69.29 168.04 
-168.56 -573.99 
174.03 -560.51 
-320.87 -270.83 
-182.00 109.52 
27.95 -492.08 
148.73 521.45 
-207.25 514.54 
-375.13 28.47 
