291.18 15.94 
355.03 100.93 
198.32 347.75 
-18.75 306.87 
-75.45 -528.88 
253.19 -191.32 
-499.21 -197.54 
-332.08 268.79 
416.32  6.48 
-325.13 415.12 
-231.85 -224.42 
-96.56 -211.43 
39.14 -363.74 
167.31 114.93 
140.96 -326.09 
49.84 197.48 
-596.97 -12.62 
-480.28 -122.00 
-178.83 -247.56 
374.66 385.31 
-409.07 328.73 
-104.28 186.88 
442.61 294.08 
-109.69 -373.27 
-37.87 -389.61 
66.24 -392.43 
72.55 317.90 
-48.42 -74.86 
503.67 -39.35 
-63.85 -366.36 
129.89 356.97 
386.13 -124.03 
-18.15 274.07 
161.01 -270.01 
-73.77 504.38 
142.13 -571.88 
-386.83 -331.43 
20.85 -450.30 
-62.32 -561.83 
448.95 152.87 
572.41 -5.37 
223.71 163.30 
-354.21 -28.97 
221.35 -298.44 
146.66 469.64 
 8.99 -328.72 
-191.32 -67.69 
-531.24 180.15 
-27.12 -21.16 
-547.69 96.33 
-562.94 173.65 
 5.89 520.35 
335.10 392.50 
106.77 360.15 
-322.44 -66.22 
434.39 293.26 
