262.13 376.91 
-467.80 98.22 
216.91 -252.24 
-420.70 -357.00 
-357.97 -188.03 
-436.47 -157.64 
51.38 -489.28 
150.23 -43.73 
-499.44 44.98 
-136.68 117.58 
456.51 200.93 
-139.65 -276.18 
153.02 554.45 
142.18 275.06 
-205.87 269.70 
-196.47 348.60 
-24.60 -187.79 
385.14 -26.04 
538.89 -71.08 
197.67 -187.31 
-464.39 167.61 
-394.92 -412.13 
312.70 35.02 
147.82 59.02 
-186.88 -418.51 
-325.59 -407.33 
-164.23 -194.52 
-256.85 229.08 
-399.93 -386.30 
-25.24 427.67 
103.25 399.94 
283.49 491.00 
-257.89 -515.80 
-415.82 263.67 
546.48 -29.93 
-158.52 -118.98 
189.82 -60.89 
-328.80 -194.20 
 4.44 -456.28 
-33.33 59.00 
281.00 -340.13 
-56.21 -496.88 
77.24 119.15 
-588.23 88.71 
-584.67 -3.74 
453.28 -247.02 
-115.12 524.30 
-243.11 -197.34 
315.59 -310.54 
516.37 -46.24 
324.83 154.13 
-254.96 -266.29 
-393.12 -155.11 
395.76 -391.57 
159.01 106.08 
508.48 32.07 
