220.04 -354.64 
-343.62 272.20 
-74.80 -2.41 
-129.29 -26.31 
190.86 446.39 
-168.45 372.88 
-131.99 486.63 
258.86 299.47 
-45.91 -182.48 
238.13 -508.83 
398.27 -400.45 
-212.24  3.79 
66.84 -185.98 
 3.93 200.80 
-520.05 -265.56 
-497.62 -25.09 
-75.80 -364.16 
390.10 154.83 
251.41 33.87 
146.00 -164.75 
-177.24 291.94 
148.95 133.42 
34.66 -468.99 
-8.48 27.32 
-343.99 447.98 
317.75 -508.91 
-237.54 -231.99 
257.07 -321.20 
163.33 -119.62 
-529.35 12.25 
-326.58 -455.37 
26.39 386.82 
11.46 573.55 
-163.51 441.44 
481.74 -66.36 
-467.34 -339.83 
-106.03 -237.17 
-415.34 -247.58 
-347.36 77.43 
146.28 -218.88 
388.92 415.68 
-249.30 -400.74 
-372.77 109.52 
176.42 -273.55 
-193.78 -179.85 
67.54 -567.93 
-240.38 20.80 
-512.17 -185.56 
59.86 206.00 
-313.31 -409.18 
-207.28 488.24 
-525.29 -132.65 
-198.78 105.99 
476.97 158.50 
286.23 131.00 
96.15 -577.63 
