-194.37 459.85 
334.20 -353.44 
24.56 -566.16 
399.95 -258.99 
329.46 -481.70 
-440.63 -110.13 
-150.67 163.41 
447.87 336.76 
37.19 -30.59 
406.75 25.05 
-171.04 -441.61 
93.25 -298.24 
174.24 -102.38 
-148.72 549.71 
82.12 -28.03 
-178.59 15.90 
500.82 168.60 
-287.45  9.83 
-221.54 470.66 
416.17 -219.05 
-216.89 331.42 
96.39 266.95 
347.74 260.46 
-332.36 -292.56 
216.47 -435.64 
508.96 311.96 
175.30 326.71 
-394.54 403.84 
53.37 -246.70 
-324.57 302.59 
243.46 -255.34 
227.24 396.23 
469.59 138.08 
123.05 -79.59 
244.44 -178.51 
459.18 -27.48 
-342.21 -279.15 
-241.30 110.72 
-172.22 538.81 
464.60 -120.46 
-495.11 -26.52 
388.10 237.77 
382.74 453.41 
-239.87 277.82 
68.43 360.94 
-520.07 102.70 
253.07 -31.17 
128.98 -117.36 
-345.15 76.79 
-143.47 548.91 
-48.53 -475.20 
-170.78 -506.25 
 8.18 -290.94 
84.79 77.55 
240.70 -36.19 
-147.16 -539.47 
