-390.59 -193.10 
-464.27 276.48 
80.10 -42.64 
-205.60 -329.99 
355.65 436.53 
-255.27 21.08 
-459.15 318.18 
430.60 -243.21 
-546.73 216.65 
158.05 -544.50 
-317.89 -156.83 
-245.71 -541.39 
430.53 405.60 
368.27 17.92 
-223.64 168.12 
182.59 -172.14 
571.92 -139.92 
-214.23 379.73 
43.23 -557.22 
-376.42 90.44 
51.29 -59.12 
437.55 -149.95 
31.20 -156.46 
-413.96 -260.45 
-331.70 -130.78 
184.34 -532.18 
263.22 -103.87 
317.98 193.72 
-335.46 -473.12 
-584.44 56.88 
-354.00 199.03 
-315.56 -490.19 
463.08 169.09 
-339.97 317.05 
-377.65 169.76 
180.73 -450.17 
-526.26 161.49 
165.49 -197.69 
363.37 -131.12 
565.83 -138.60 
277.40 -435.56 
-197.88 -480.64 
-415.91 -226.53 
-116.26 -457.13 
55.18 -316.71 
-290.66 280.29 
410.86 273.83 
-85.36 -489.82 
-383.22 224.42 
-46.84 -470.90 
15.31 413.08 
118.56 490.51 
470.99 -292.44 
-25.12 229.95 
-411.00 323.66 
-223.01 24.87 
