398.22 121.20 
-426.68 409.68 
-17.76 332.67 
379.29 -191.61 
219.10 -515.40 
-491.03 -197.55 
-315.64 -99.70 
279.51 -42.10 
381.78 -462.07 
-197.48 -346.74 
-270.19 -496.02 
-245.13 23.58 
-10.00 -529.49 
110.76 104.09 
448.11 88.74 
-243.60 -413.65 
117.37 393.90 
116.62 -10.20 
-202.47 25.82 
80.26 -134.83 
126.81 25.36 
76.78 377.36 
251.64 -508.41 
-236.74 155.86 
-338.46 345.96 
323.77 168.14 
-475.07 194.99 
136.82 114.80 
191.45 542.50 
-143.30 -519.06 
-373.38 -201.51 
103.69 187.69 
-195.94 405.22 
-226.83 336.69 
-501.15 91.23 
-146.48 -184.61 
57.64 -72.60 
365.25 270.77 
123.57 -504.38 
-228.00 -373.01 
-291.24 344.50 
207.83 -403.73 
-381.09 -269.96 
72.25 -568.45 
-377.89 -288.71 
487.48 -62.09 
-118.58 106.38 
257.96 154.51 
37.88 537.47 
578.08 87.71 
37.19 206.87 
-319.93 -41.01 
-25.60 315.98 
-42.04 542.66 
-66.05 -337.08 
-1.78 -296.78 
