-529.16 -80.53 
17.41 99.36 
75.96 211.95 
-204.04 513.75 
111.60 -546.48 
-226.84 264.46 
391.50 -273.08 
522.15 221.45 
423.68 289.43 
-104.78 -544.36 
-126.14 75.97 
-297.76 -228.91 
409.87 -6.04 
126.05 -189.41 
398.68 -329.19 
-399.29 227.15 
572.58 135.60 
-181.09 -569.19 
476.44 82.36 
294.61 195.87 
412.56 412.98 
-424.97 -375.73 
376.28 -407.21 
-188.71 -462.15 
-132.09 194.47 
-442.83 -360.34 
-187.09 -84.03 
-151.75 560.28 
-547.04 -224.33 
-232.86 -219.19 
209.07 454.71 
503.17 39.34 
-166.22 -357.23 
-531.61 -222.73 
468.83 360.84 
357.73 255.88 
438.51 -350.36 
-33.43 -92.49 
126.15 583.94 
-261.37 135.08 
10.93 -224.01 
-4.88 53.62 
-261.04 338.17 
523.07 140.24 
-456.06 108.01 
128.90 -82.07 
149.35 450.79 
153.92 37.75 
472.67 360.01 
48.68 -384.21 
261.70 406.52 
-408.11 297.70 
-74.46 138.11 
106.05 -476.10 
-170.99 199.84 
130.10 106.98 
