258.91 -347.30 
298.59 -72.60 
-53.53 202.99 
302.13 -172.11 
-206.68 184.69 
-345.48 284.60 
-438.43 368.05 
330.07 -180.02 
-317.95 390.29 
65.24 392.89 
-273.66 -506.17 
174.15 408.20 
-182.80 -360.34 
-436.44 -242.88 
-524.61 -63.82 
-394.48 -189.99 
156.33 537.69 
-320.43 399.75 
-298.48 -399.67 
-28.93 -88.44 
-168.41 230.91 
-114.04 236.20 
-402.89 -354.87 
-62.48 438.04 
-118.70 80.40 
311.55 168.01 
-345.61 373.96 
99.20 -265.81 
-525.89 -218.20 
231.27 -213.73 
-516.18 257.45 
-226.80 -11.68 
430.37 -268.20 
-5.57 -319.20 
18.35 -110.46 
-409.02 -5.88 
-60.85 536.97 
282.65 -348.45 
383.14 274.73 
105.81 131.95 
191.17 448.89 
-112.77 -409.20 
-370.13 264.81 
-454.78 -385.61 
379.40 -33.51 
484.21 -127.32 
-293.40 -423.92 
-208.97 -53.92 
220.77 312.89 
-114.33 -1.36 
-505.75 -98.85 
335.49 -454.35 
475.37 -199.26 
-340.20 -459.93 
286.05 -438.98 
-544.51 -228.95 
