37.93 -593.45 
238.87 -297.18 
90.48 -521.20 
127.09 -569.79 
-413.28 42.97 
299.18 343.66 
-13.26 216.50 
-319.35 -490.36 
-398.85 290.54 
576.30 30.53 
455.22 273.39 
189.38 124.20 
-282.11 125.78 
15.65 -298.81 
244.48 -105.01 
-519.83 -160.51 
-545.01 -115.48 
-494.09 -312.24 
22.30 -468.08 
-138.90 540.02 
-407.94 374.99 
191.63 89.42 
230.40 160.00 
280.44 -113.89 
-128.25 453.02 
442.20 58.87 
-179.60 37.45 
332.09 376.51 
-235.34 157.07 
452.81 277.65 
-344.75 -357.34 
-103.18 285.75 
-7.94 -271.71 
-56.01 -126.82 
251.45 166.60 
404.38 -46.99 
-54.05 415.60 
-280.38 -102.96 
-18.36 -157.39 
-326.07 -477.17 
-159.11 13.42 
-236.52 -412.33 
127.64 -499.68 
-407.29 -391.42 
-93.74 -441.93 
-305.82 -315.52 
152.81 381.83 
158.13 -442.25 
-171.29 -188.71 
-413.86 346.31 
-450.59 185.24 
296.01 -0.31 
188.78 211.22 
-168.59 89.68 
470.90 -1.38 
-562.98 -128.84 
