-415.04 357.84 
57.65 31.22 
146.24 -325.84 
270.66 234.85 
385.93 -136.42 
233.63 -363.41 
-140.44 -515.30 
-374.11 30.16 
-478.58 355.53 
188.89 -161.61 
-520.90 126.85 
11.50 -297.77 
449.77 -245.79 
-270.01 533.45 
22.66 151.93 
491.24 270.66 
-383.64 -38.33 
62.60 -188.99 
-104.53 475.03 
101.12 290.25 
169.63 -471.96 
156.27 189.91 
-576.40 23.11 
-462.28 -201.23 
-167.88 358.28 
-497.85 30.66 
-505.23 -310.04 
159.50 472.65 
-400.96 294.20 
144.86 447.81 
169.85 409.29 
228.22 289.20 
-39.96 229.55 
286.43 416.17 
306.89 -347.45 
184.21 123.48 
-114.79 30.52 
23.94 -189.10 
341.76 263.22 
184.70 108.08 
115.04 -19.02 
-369.38 303.47 
-289.06 -1.68 
 4.91 -359.10 
-297.72 -251.81 
-56.37 305.81 
181.58 54.92 
199.60 204.27 
-118.43 -567.15 
273.81 -102.27 
316.23 -478.41 
-514.64 300.67 
-240.26 -346.67 
267.30  4.59 
483.76 278.76 
12.10 -213.05 
