-18.81 -463.18 
-276.64 -524.91 
 3.36 303.88 
99.92 -529.33 
-144.26 495.11 
79.54 391.33 
-7.10 499.57 
-444.50 366.54 
98.09 365.15 
31.98 115.39 
-76.79 183.81 
-386.25 34.82 
-304.12 508.37 
470.48 163.73 
-372.08 146.84 
82.15 94.55 
267.94 247.47 
259.60 -539.48 
347.29 74.65 
 3.35 151.61 
-254.75 -77.39 
-470.64 -315.51 
-328.53 362.11 
80.35 -202.79 
-290.38 283.08 
472.80 362.57 
-94.39 -227.82 
-359.58 -254.37 
-163.66 -488.38 
318.47 -443.75 
58.47 -424.76 
-9.97 536.96 
-416.96 152.00 
-450.05 302.47 
-113.13 450.84 
-5.38 150.61 
520.06 -213.82 
294.99 507.43 
125.31 -332.78 
-32.50 -313.07 
411.88 197.72 
66.12 262.99 
46.63 -180.20 
-415.50 -226.61 
127.00 466.35 
-448.27 -116.12 
-392.14 185.52 
144.73 -198.21 
-79.27 55.30 
-421.87 380.86 
-235.23 -340.52 
219.24 -132.52 
579.21 143.70 
174.87 -569.10 
223.57 344.75 
-79.34 202.67 
