60.68 -97.00 
145.23 352.51 
-288.36 -214.87 
232.89 -26.27 
425.82 90.36 
-339.78 469.87 
264.81 102.19 
165.97 -359.58 
537.83 -248.01 
440.67 -18.83 
-536.65 -88.83 
382.63 -232.57 
377.32 252.57 
-59.81 433.37 
182.44 -321.73 
309.32 -213.85 
-66.11  1.64 
-201.90 -261.99 
399.73 -418.56 
-438.20 292.43 
-322.39 -384.89 
441.62 -189.77 
-300.78 373.37 
13.27 91.13 
-190.40 296.15 
-189.91 -193.61 
-285.86 18.41 
-363.32 382.79 
493.63 155.84 
-185.24 159.01 
139.79 129.32 
-451.91 -194.35 
221.53 20.90 
-61.02 410.36 
-293.72 -39.02 
-330.51 -23.52 
232.48 533.33 
-433.20 -273.12 
-273.95 333.06 
-491.37 -338.32 
192.80 213.33 
93.78 -101.45 
353.89 -152.68 
-36.45 491.14 
440.81 -311.69 
163.90 -54.93 
-232.94 516.05 
75.55 -486.85 
241.52 123.10 
-295.71 -228.52 
-345.79 110.63 
-330.74 -222.79 
359.42 -151.21 
-80.05 -363.93 
191.79 -359.61 
172.28 86.67 
