263.20 419.32 
126.60 505.69 
210.75 81.05 
-409.97 -146.14 
-243.49 500.27 
213.26 314.98 
489.44 218.69 
-205.52 51.29 
420.17 -77.44 
67.29 349.17 
-484.92 206.37 
294.27 -43.60 
217.20 -509.72 
196.40 131.40 
435.99 -219.83 
-404.78 321.94 
-228.81 -553.30 
-8.91 215.62 
-266.45 235.07 
-110.74 -221.49 
-105.06 268.04 
211.31 530.94 
-440.86 -119.34 
35.21 -309.10 
386.64 -141.98 
-215.35 185.66 
-210.55 473.50 
366.99 289.61 
-330.31 -160.73 
344.67 -343.87 
298.52 -6.73 
264.06 -484.14 
-157.23 -251.46 
-430.84 78.78 
201.99 199.26 
-302.47 -346.64 
234.59 243.70 
-505.40 45.33 
-104.60 45.41 
33.13 -329.62 
-368.78 -234.50 
349.41 254.78 
-121.08 -326.41 
276.95 144.98 
-352.21  9.07 
268.68 290.66 
16.90 -145.29 
-32.03 -63.99 
61.72 513.52 
-465.72 328.55 
67.60 -249.96 
240.85 146.22 
155.77 -571.94 
-516.26 197.58 
-7.05 -475.02 
-384.91 249.16 
