121.72 506.80 
-291.13 364.44 
36.44 -82.43 
-68.60 17.91 
459.80 76.50 
350.51 -435.72 
-84.04 -185.83 
480.72 -57.94 
-135.03 -447.40 
69.79 -84.15 
28.99 -134.79 
-126.53 19.84 
-287.45 -397.09 
-574.10 -59.50 
432.99 389.83 
-91.65 -351.29 
307.92 -399.55 
148.42 96.93 
-111.41 -443.42 
-508.29 234.35 
348.88 -183.41 
151.82 327.37 
165.72 102.63 
459.58 -334.89 
-244.30 -204.13 
-35.44 -283.03 
152.84 -52.43 
-34.26 240.15 
-152.73 -346.15 
310.39 -454.96 
-220.94 -376.11 
-128.49 -59.96 
-567.37 148.03 
178.63 -272.78 
-60.35 -253.46 
-229.98 105.52 
339.51 -372.61 
-590.46 -64.36 
-297.07 -147.15 
-428.15 340.75 
-118.15 112.25 
378.86 280.75 
-29.69 341.08 
372.95 -323.22 
-305.88 -372.86 
382.05 -404.68 
551.47 173.16 
-100.74 -297.55 
195.61 328.05 
417.99 -411.94 
-405.74 167.37 
428.38 289.16 
378.27 -230.22 
54.04 -397.55 
512.10 243.64 
-149.86 247.82 
