250.29 270.14 
-168.16 100.13 
27.70 304.73 
-541.28 130.82 
-247.70 266.14 
-317.17 416.19 
-27.94 -295.08 
-340.99 -276.55 
-247.17 125.51 
526.94 255.88 
-113.02 10.96 
-519.84 -125.74 
582.42 125.45 
-4.81 -20.39 
-409.98 188.19 
365.82 129.62 
504.50 -138.18 
-427.69 -37.35 
-217.14 254.97 
131.59 -63.44 
32.16 297.69 
-595.33 -15.31 
163.60 -305.59 
-193.96 -18.73 
36.34 397.91 
81.05 -384.57 
-5.12 -489.87 
-377.53 -346.80 
-196.38 -295.51 
-231.11 -147.88 
-564.51 -120.97 
-165.06 -79.91 
388.17 -33.69 
429.81 -346.94 
362.63 189.52 
247.11 13.44 
-438.17 -298.29 
-202.86 -562.39 
-550.83 177.46 
-48.54 239.59 
539.98 37.52 
132.15 -287.74 
-240.91 -376.20 
598.11 33.96 
-298.59 35.32 
-157.21 281.02 
-26.09 108.84 
-134.64 -518.22 
-287.17 166.33 
-254.32 245.68 
-264.12 229.62 
575.85  4.52 
215.10 -554.11 
-271.99 -236.88 
-303.70 106.55 
-181.96 345.85 
