280.92 406.32 
-1.12 -316.96 
70.13 207.98 
21.64 373.84 
246.53 -31.63 
-23.45 -65.61 
321.42 20.98 
447.40 -349.82 
170.29 -199.93 
-384.68 148.84 
-431.65 -181.44 
447.56 287.23 
-411.25 220.06 
-154.53 -411.03 
-39.12 267.92 
-55.90 122.68 
-55.99 -374.73 
287.14 497.64 
518.22 197.76 
-133.39 -292.09 
-138.76 273.87 
85.81 -317.54 
-433.23 193.41 
-0.43 450.98 
-133.53 -260.46 
-38.67 -0.63 
110.35 -10.37 
-108.99 464.19 
-209.67 499.95 
404.41 259.34 
-245.84 510.24 
-405.61 -262.59 
-249.63 -205.04 
438.62 278.09 
317.34 198.82 
-133.60 -234.21 
-482.45 172.01 
310.89 459.51 
252.37 365.68 
486.89 -218.08 
-187.70 -337.25 
494.75 -307.38 
-451.19 -106.17 
-142.38 -406.95 
-84.92 -137.04 
-48.61 -532.56 
118.17 359.02 
198.70 174.57 
344.51 -393.35 
-236.71 86.70 
-60.08 418.39 
278.56 -372.96 
-398.68 -323.41 
-210.51 273.50 
253.42 -511.95 
-94.59 -147.29 
