45.15 106.25 
17.06 70.33 
-133.94 186.19 
-154.42 256.13 
-363.24 460.70 
-38.89 -256.77 
-57.57 232.54 
-187.55 -146.88 
332.24 361.16 
-237.14 531.36 
-278.08 507.75 
-361.54 -91.78 
-469.56 107.53 
157.10 -93.60 
527.40 63.79 
442.88 -313.89 
-486.42 179.33 
-97.33 530.57 
-171.36 -438.11 
-56.76 291.50 
-321.34  6.27 
378.07 -204.55 
33.52 596.90 
-315.40 400.97 
-352.31 -413.91 
334.89 450.66 
180.11 481.96 
64.71 -103.02 
-323.31 -289.99 
165.49 514.79 
-285.85 -341.09 
19.65 -61.99 
-147.16 397.96 
566.03 -193.68 
297.66 462.67 
-444.42 -305.18 
245.11 498.50 
406.37 360.70 
-110.60 289.77 
91.94 116.43 
195.89 534.69 
-340.50 -24.58 
21.38 -236.70 
-129.61 -570.27 
319.83 -22.61 
132.31 581.04 
-35.29 -357.30 
592.84 28.78 
-249.14 -327.33 
170.53 550.50 
-127.82 -459.16 
-146.68 -473.69 
322.19 -102.01 
-283.80 256.80 
144.77 200.53 
152.33 572.21 
