-26.58 406.28 
-283.90 -478.68 
431.40 -329.31 
107.70 -417.74 
346.38 -131.92 
313.70 -287.72 
-135.24 -33.58 
313.22 393.04 
-4.14 -574.57 
-433.05 -169.44 
71.85 319.93 
-76.52 -496.26 
-212.32 470.81 
108.55 356.69 
-313.01 -438.22 
41.18 361.45 
255.99 -26.78 
399.61 301.29 
-215.53 465.57 
393.57 -319.98 
-153.91 -193.29 
-571.72 113.12 
-131.35 -485.50 
-453.26 -209.64 
-100.04 591.31 
128.89 109.14 
246.64 -251.83 
276.02 -490.68 
-59.93 -453.30 
-226.29 194.83 
-163.49 -114.39 
-420.51 137.78 
139.64 -225.98 
-264.03 -250.10 
302.06 16.46 
-39.18 112.62 
-377.11 -17.89 
-24.17 -353.35 
328.44 15.58 
51.08 82.38 
85.86 -191.94 
-97.44 225.41 
-276.47 476.41 
-134.37 382.93 
36.74 -482.39 
11.28 -432.12 
-63.15 -64.82 
-517.22 168.84 
-73.39 -388.55 
164.36 -259.13 
-189.96 392.43 
458.20 -80.13 
41.72 410.36 
-221.58 294.53 
-82.60 -397.48 
235.69 -302.44 
