-339.60 221.61 
361.35 466.24 
-262.20 -289.91 
142.12 -515.61 
296.42 128.77 
584.33 -51.78 
58.62 266.10 
86.90 579.53 
198.76 536.07 
20.72 -373.30 
-281.18 295.15 
-51.14 232.59 
-177.83 371.06 
-222.60 -473.81 
-458.05 -31.35 
-522.02 249.00 
-324.49 -414.84 
31.65 -438.63 
-377.87 -164.89 
77.40 382.63 
-83.95 -105.26 
-170.88 178.86 
490.69 -267.47 
-91.80 -77.67 
-448.17 246.46 
327.96 475.09 
117.00 272.45 
-284.63 -108.58 
-305.29 362.70 
277.07 41.10 
281.70 339.57 
-108.17 205.15 
148.81 518.59 
-473.43 136.80 
-139.83 -447.38 
-413.17 -170.77 
340.83 322.05 
115.97 -472.17 
-36.92 508.49 
-366.78 -35.33 
424.07 -398.83 
30.06 -399.75 
97.90 579.32 
-544.19 226.84 
-45.96 -414.65 
544.72  8.67 
447.15 328.79 
-129.28 -84.46 
519.46 200.50 
-127.21 -274.45 
208.56 11.50 
212.43 -248.53 
-308.56 200.87 
351.14 134.12 
419.24 -328.41 
-407.43 240.54 
