-418.20 -390.76 
370.31 27.28 
143.65 -345.70 
-192.73 379.94 
579.14 40.67 
-303.30 -400.88 
-348.19 363.61 
-355.31 461.69 
-397.50 111.35 
-88.57 -372.33 
-66.73 559.76 
90.35 -229.91 
-169.72 468.32 
500.30 210.77 
350.25 -400.37 
-299.83 115.29 
146.16 232.31 
-420.86 -265.15 
285.19 -43.81 
225.41 -422.40 
291.63 -20.88 
-31.06 308.31 
506.25 -170.52 
534.49 -20.25 
268.18 -326.84 
-312.41 500.25 
-69.19 -309.54 
-298.58 449.02 
-143.94 89.03 
363.19 -393.61 
-188.28 -478.64 
331.62 -353.35 
-349.96 -410.41 
-203.41 278.50 
179.91 -275.69 
274.94 245.13 
231.37 120.72 
-259.31 -272.37 
113.25 -522.03 
327.51 -464.89 
448.65 51.43 
126.89 -241.66 
32.11 339.47 
499.90 -286.20 
146.55 -423.50 
-271.99 -11.08 
-214.41 -501.79 
-100.50 576.78 
150.13 -334.97 
55.88 -285.48 
-399.24 -370.84 
-405.63 -384.12 
-29.40 199.60 
-296.65 -205.77 
216.83 221.85 
-59.71 -48.82 
