293.50 88.91 
-440.55 -57.18 
487.45 -301.73 
172.21 -516.08 
-207.58 324.68 
118.97 129.43 
-6.72 273.78 
339.42 125.38 
-473.82 153.82 
-406.99 251.67 
389.51 -195.93 
422.67 -46.98 
-126.07 437.44 
-179.44 342.04 
-13.70 165.81 
518.31 -196.32 
-582.07 136.98 
-124.80 -423.29 
 9.36 -287.43 
424.65 322.86 
155.81 -555.35 
307.74 87.21 
-135.58 -54.92 
54.14 -535.05 
455.32 323.74 
-221.83 -401.40 
141.24 214.18 
-283.18 504.37 
-303.14 278.97 
-120.68 -319.76 
21.95 79.50 
290.92 297.68 
-201.67 170.24 
 6.33 -339.04 
-2.55 137.78 
185.78 -499.18 
168.49 -292.49 
418.52 27.46 
-108.80 244.82 
-234.98 -74.52 
151.57 205.50 
-152.43 207.96 
555.99 26.21 
50.03 -553.24 
473.93 351.81 
-39.98 224.19 
64.76 522.22 
-180.15 -45.81 
422.31 369.99 
-101.40 24.37 
238.31 142.13 
-204.63 -39.17 
-76.51 -96.92 
-96.74 62.44 
482.69 181.64 
-296.45 -43.93 
