-518.77 81.02 
-297.86 166.48 
143.91 256.54 
-329.77 -38.11 
-26.17 -166.01 
320.54 -406.07 
545.83 -107.85 
-390.77 256.33 
231.01 100.63 
-191.81 379.00 
-62.03 28.94 
-243.73 332.16 
-492.44 -334.77 
134.29 204.75 
407.57 -96.70 
166.14 55.52 
14.22 -357.49 
436.89 -61.21 
418.78 -321.71 
184.90 287.61 
-335.90 -19.42 
392.97 -308.84 
-368.76 -161.96 
176.33 -80.48 
119.14 208.61 
21.73 595.60 
-192.49 -384.91 
312.78 -357.06 
-45.58  2.62 
-426.06 -320.99 
-13.04 104.64 
 0.46 -24.00 
387.00 398.02 
-26.04 214.32 
300.57 490.16 
145.09 240.23 
542.64 -9.48 
568.57 -150.58 
123.33 258.43 
84.14 -567.79 
-91.13 -429.26 
285.89 -175.52 
508.58 115.33 
-545.06 -197.34 
-233.38 -320.80 
365.21 474.65 
84.83 335.76 
-27.46 209.31 
-220.39 -527.67 
192.89 69.81 
-273.78 -394.34 
14.03 361.45 
-315.45 494.16 
148.09 109.78 
-281.17 -487.76 
226.57 -206.92 
