12.58 157.15 
-368.74 -381.75 
284.84 61.50 
385.12 459.79 
-394.57 -414.23 
-18.79 -279.12 
-531.81 13.28 
-0.97 -176.30 
53.40 -480.27 
-65.03 -471.09 
-77.32 -367.97 
185.48 -196.48 
-184.46 467.22 
-218.89 112.66 
-431.78 376.07 
519.02 109.62 
-305.94 42.09 
-71.61 -46.38 
-451.61 -234.12 
-287.77 -178.89 
-116.42 -245.43 
208.89 -402.86 
118.77 134.87 
-3.95 -103.41 
403.17 -389.59 
97.65 526.16 
133.27 336.37 
-360.60 -76.68 
242.76 -538.43 
125.18  7.27 
-401.81 -339.02 
-141.96 -374.21 
-38.59 -97.25 
509.39 -309.72 
55.86 -279.82 
390.54 -262.77 
-250.41 413.22 
-479.34 311.83 
-38.12 -1.22 
-351.21 262.54 
-19.05 -11.13 
-109.18 -116.42 
-377.32 219.22 
-267.64 471.43 
172.45 -508.09 
243.92 280.97 
-65.40 -282.95 
412.38 -22.36 
-57.09 287.33 
 5.71 174.70 
-463.92 -247.05 
122.20 417.35 
-129.57 -18.60 
235.46 419.50 
300.89 236.70 
523.38 -25.32 
