87.18 307.35 
127.03 79.06 
-48.06 454.60 
128.19 578.56 
-540.63 233.50 
411.41 -38.67 
-114.95 -150.85 
223.71 -126.24 
461.74 -145.37 
518.82 -202.90 
419.21 -157.63 
240.66 -157.93 
395.61 -24.68 
-103.41 328.56 
190.46 -211.52 
337.70 43.94 
255.78 -284.91 
-519.82 91.48 
555.18 69.21 
-382.92 -86.30 
430.75 -404.28 
104.30 -151.00 
253.97 -76.47 
-364.88 163.53 
-248.32 -84.51 
-195.14 56.86 
313.69 94.26 
30.11 365.33 
-414.38 -110.29 
425.70 -267.45 
-75.82 267.10 
-312.16 -409.01 
425.14 234.21 
-89.03 -27.98 
-195.14 -148.01 
-236.26 -528.13 
-33.16 192.55 
-12.68 398.88 
-175.48 -428.69 
-472.46 -230.51 
409.61 427.52 
572.45 -170.44 
249.01 379.84 
508.93 249.28 
-404.77 -226.05 
134.69 558.89 
384.97 -313.98 
-328.97 47.78 
-514.76 20.37 
282.48 -110.94 
-165.34 574.94 
512.88 10.64 
260.09 -427.72 
-330.10 -459.33 
-227.64 -45.66 
147.98 -580.56 
