81.39 277.34 
147.85 -164.19 
302.30 369.39 
-511.43 273.29 
28.38 -125.86 
300.10 -198.99 
-158.20 -571.31 
534.18 111.46 
502.78 -151.45 
187.02  3.14 
25.83 -337.98 
-268.11 -247.42 
-420.40 271.13 
90.10 -6.67 
-528.78 196.15 
479.31  4.51 
226.10 -54.26 
-220.75 349.23 
540.78 -188.63 
-274.75 -486.77 
-395.71 178.55 
-23.30 -142.51 
10.52 -118.35 
296.35 274.65 
-2.12 -296.41 
-103.62 -338.53 
-330.69 -301.62 
174.15 302.85 
-454.90 -380.84 
215.52 79.53 
211.30 428.58 
-60.54 39.47 
-553.36 -148.70 
-89.83 -299.40 
113.63 179.67 
-483.16 -262.02 
-169.40 -374.00 
-150.38 -318.31 
81.30 -53.22 
565.98 84.02 
155.13 280.52 
274.32 347.28 
259.71 42.57 
260.56 -27.82 
-508.51 190.51 
398.58 -357.46 
137.50 357.23 
199.78 -86.26 
-164.39 341.73 
-91.65 351.46 
-85.59 -364.81 
-146.60 -388.40 
60.20 171.68 
-33.12 341.67 
515.52 -196.76 
-428.24 35.23 
