-358.21 -454.27 
-135.05 -358.64 
-109.74 484.72 
306.93 267.73 
176.82 -179.19 
146.05 -470.51 
-252.32 178.01 
-514.78 -25.65 
-343.13 72.22 
41.87 248.90 
 7.65 -57.15 
-5.28 -358.89 
-265.82 420.63 
305.00 -449.68 
-267.44 -71.74 
-95.81 -358.04 
-101.73 -365.55 
-554.36 -39.07 
-242.63 -469.78 
-460.47 271.34 
-399.91 284.62 
-237.74 -141.10 
312.25 478.08 
-321.64 478.37 
174.24 564.26 
-294.71  5.64 
-460.78 -313.49 
500.31 -325.43 
-25.80 470.21 
-248.47 -46.52 
469.78 -22.21 
421.48 297.16 
67.69 271.18 
-549.97 -203.04 
398.42 316.92 
-17.23 -479.77 
142.85 99.84 
456.05 -153.05 
127.68 304.66 
-333.94 330.63 
-182.03 -218.09 
-187.76 199.23 
-386.57 115.28 
350.34 384.88 
594.75 26.93 
-223.53 -494.98 
276.13 494.25 
-18.55 -76.26 
-352.81 -470.53 
-182.89 -341.09 
-217.25 -218.61 
138.63 -332.27 
-51.01 294.91 
236.27 -467.07 
485.81 -287.91 
292.83 83.66 
