243.01 -184.21 
302.07 67.85 
502.39 287.16 
-404.18 337.30 
-19.21 -109.64 
263.36 -221.15 
59.13  3.53 
479.51 -66.42 
-44.90 -484.03 
-103.84 466.67 
423.93 -297.35 
421.70 -212.71 
-234.73 -145.83 
20.95 -504.20 
-502.51 284.45 
358.82 -0.33 
26.81 383.49 
-509.51 -108.83 
503.58 -292.88 
203.21 -124.87 
400.17 -28.51 
32.36 -414.47 
-467.60 -359.32 
-388.42 150.30 
425.92 180.23 
-180.01 -245.35 
267.13 -527.01 
425.02 -324.34 
-87.79 177.93 
24.79 363.20 
288.89 -499.87 
-180.49 142.59 
158.50 418.58 
418.42 147.39 
78.21 -47.57 
352.47 -221.63 
-189.16 108.07 
-150.26 410.74 
156.26 256.46 
-171.18 -106.73 
-25.91 -178.62 
460.52 -307.30 
97.77 -241.64 
-5.18 365.80 
558.04 16.44 
449.43 -32.68 
-278.69 225.08 
-421.59 -366.37 
554.56 209.17 
127.44 204.50 
-398.09 -428.95 
233.68 260.52 
-293.65 -160.60 
76.28 354.90 
-259.45 228.22 
459.01  3.91 
