198.04 543.60 
-423.57 220.22 
-9.41 535.52 
-50.83 325.67 
323.35 -263.93 
-235.18 452.57 
208.03 -251.15 
-172.18 525.97 
385.24 -375.01 
266.52 -333.58 
496.08 -175.85 
-324.97 291.74 
323.57 -489.06 
-487.95 -102.61 
411.29 318.57 
-220.69 -65.63 
213.76 -476.79 
325.16 -43.83 
-205.36 -151.18 
350.35  4.69 
12.46 -498.72 
28.05 -461.61 
386.53 -181.70 
-48.70 469.53 
-268.79 170.45 
143.47 -131.23 
-71.42 364.89 
-236.23 314.24 
363.99 262.81 
-171.46 -379.70 
30.22 320.65 
-501.24 -105.42 
-441.19 223.61 
-170.89 336.84 
-540.29 -185.61 
-55.35 -57.32 
-283.86 -152.22 
-192.80 -188.20 
-358.04 321.75 
-86.86 322.80 
-156.31 496.02 
-386.73 244.27 
 1.37 -175.05 
-7.13 61.14 
453.71 298.20 
274.79 496.05 
-301.69 -429.32 
210.10 113.60 
168.09 -519.60 
237.75 318.06 
-126.08 -110.77 
65.49 58.24 
95.59 72.47 
-169.34 -319.16 
465.63 173.91 
-325.29 -267.83 
