382.18 290.67 
-346.81 168.62 
123.55 -535.75 
 5.53 -6.96 
133.90 406.38 
-94.99 -402.69 
-583.58 -77.06 
539.23 -248.91 
-144.43 86.17 
-468.48 -331.55 
-443.62 -159.43 
367.96 -472.56 
-47.64 120.83 
542.35 -196.75 
21.27 590.24 
299.42 -295.52 
-326.35 25.85 
-110.16 97.85 
398.90 261.08 
84.15 39.95 
-23.71 -233.29 
106.65 -574.41 
64.25 -307.68 
87.68 406.11 
-228.49 350.14 
-446.62 209.84 
-384.15 -389.86 
64.69 -18.61 
-424.84 125.88 
550.69 10.11 
568.85 38.27 
393.38 -63.22 
70.10 -543.19 
-326.12 -392.52 
380.20 -114.12 
-286.48 169.79 
-548.60 118.46 
71.84 433.19 
-188.55 274.85 
34.74 345.77 
-152.61 -247.06 
-36.59 303.12 
550.72 -58.96 
-27.90 -415.70 
-117.10 453.56 
-481.42 351.65 
589.26 -77.35 
344.45 16.36 
-106.55 -343.30 
244.73 -200.52 
-337.15 -480.98 
-64.25 38.75 
205.32 -254.09 
26.80 409.85 
-389.20 44.20 
387.90 -37.02 
