-415.44 -336.32 
-451.54 -280.12 
-14.02 131.73 
430.21 -293.59 
66.78 110.54 
263.52 252.03 
-357.20 87.71 
-73.65 373.08 
-153.06 -75.94 
46.85 -596.82 
242.25 120.30 
536.83 135.77 
-135.24 -428.43 
-315.29 508.74 
139.55 458.92 
106.42 369.66 
-315.76 -281.98 
298.09 -49.40 
-276.70 -112.04 
241.96 39.77 
-307.09 -91.12 
-360.38 126.00 
-348.17 -210.54 
501.17 121.49 
162.76 -2.74 
-367.54 -217.70 
-205.04 343.94 
-315.29 -237.66 
-129.56 -134.02 
-525.93 233.75 
-529.91 39.87 
-225.96 218.12 
98.45 -19.65 
-369.01 285.70 
-200.21 493.64 
-205.82 -521.63 
-495.28 -324.67 
392.18 217.26 
484.00 -238.45 
-103.81 458.19 
103.44 -238.98 
419.38 206.80 
-57.64 -366.46 
-168.30 96.59 
-190.22 -37.82 
-159.58 274.03 
-46.57 443.31 
-7.91 -378.93 
-76.39 525.35 
-576.51 125.27 
-272.27 -38.09 
566.76 84.91 
308.43 187.30 
-185.58 -61.47 
123.31 -524.53 
437.98 35.37 
