194.26 137.79 
-567.75 22.09 
27.08 102.35 
570.09 -109.31 
-446.28 -40.71 
-103.05 68.80 
-46.26 172.78 
517.57 25.29 
30.79 -471.11 
233.38 62.50 
592.89 71.31 
102.17 -260.78 
-115.47 -451.24 
176.16 24.71 
-32.13 -104.35 
-116.19  3.59 
139.70 270.39 
-156.13 406.85 
-50.97 -127.45 
-39.34 -435.21 
-128.60 -48.55 
131.49 355.13 
-89.75 224.63 
217.83 131.72 
55.74 -25.91 
-470.70 -317.13 
155.66 -222.79 
520.81 128.16 
402.63 318.58 
-29.95 39.24 
198.50 -225.10 
-10.82 544.80 
202.15 -463.45 
86.26 -497.40 
26.18 -597.58 
483.54 -141.47 
-385.18 -198.72 
318.35 300.73 
197.17 -322.40 
515.99 -195.67 
-352.64 484.88 
15.11 523.22 
192.58 -330.17 
59.08 167.62 
-511.11 -291.51 
288.04 501.35 
141.25 132.80 
-245.35 -67.47 
-114.55 -459.07 
-153.93 -542.29 
-215.12 -40.53 
-167.31 227.74 
-3.46 -289.77 
186.93 -37.78 
411.26 304.02 
-71.24 -435.21 
