-35.20 -311.41 
254.12 -58.90 
255.80 -5.00 
309.98 -50.09 
329.71 337.91 
315.83 -160.44 
-26.74 23.12 
-501.82 -236.99 
289.53 -395.82 
491.40 -157.72 
-298.00 405.08 
 1.60 77.30 
-189.96 -222.72 
-139.69 257.03 
462.66 228.32 
520.89 12.93 
-307.21 127.86 
85.89 354.46 
322.26 71.84 
263.52 -241.52 
-135.92 -171.48 
-392.88 -320.55 
-87.85 253.02 
-1.39 -578.81 
164.64 -129.34 
-37.48 -148.86 
32.96 554.98 
473.69 308.84 
-437.68 -91.75 
24.72 -455.08 
-326.92 20.82 
28.31 -330.21 
-240.24 463.22 
212.53 417.23 
-335.61 -166.07 
214.81 444.40 
-524.39 -98.03 
184.72 379.56 
297.49 -97.93 
39.94 -28.04 
264.38 -197.64 
-480.19 -331.85 
216.35 -214.89 
362.82 350.20 
-47.51 -452.36 
266.35 206.70 
133.38 -80.61 
299.91 -95.76 
-351.77 -146.33 
-321.04 -231.27 
-465.23 227.66 
273.23 86.89 
-547.57 -142.13 
267.28 -134.89 
162.44 -94.65 
-290.99 -41.42 
