30.70 401.30 
-160.54 113.32 
128.15 228.77 
-411.63 55.82 
-304.85 454.48 
-64.83 -474.03 
16.70 200.06 
41.74 443.74 
-254.43 -181.42 
140.99 147.87 
-85.68 -65.47 
177.74 570.89 
-407.72 366.20 
473.85 154.13 
341.55 273.76 
-108.69 -271.01 
-172.84 95.55 
-466.16 167.15 
-279.56 -442.02 
226.42 64.36 
-124.62 361.63 
255.89 355.08 
10.50 -453.70 
407.46 -127.18 
-205.98  0.32 
-83.74 -145.87 
448.43 -298.90 
109.96 -43.92 
270.51 353.20 
187.48 -441.56 
314.74 425.76 
-117.34 376.37 
-191.47 11.26 
87.82 556.66 
299.73 352.57 
336.24 428.37 
-102.14 181.78 
324.99 482.52 
370.39 -2.75 
116.35 -187.78 
-65.55 305.63 
-471.09 -212.82 
-73.15  8.12 
-566.21 68.54 
78.30 524.00 
104.14 -24.38 
-395.82 -91.40 
-167.19 -526.50 
49.41 -366.47 
107.29 -44.54 
233.61 -217.35 
-549.05 136.71 
277.96 190.51 
263.90 -164.69 
-162.29 -383.94 
460.35 300.81 
