175.41 -248.55 
446.16 -103.63 
394.45 141.61 
-266.51 -459.99 
-224.60 -318.75 
435.93 -216.86 
43.82 456.62 
123.83 -89.06 
-464.96 334.78 
504.68 -20.37 
-197.53 177.38 
242.71 92.43 
87.02 -564.30 
407.59 16.85 
444.98 360.35 
78.18 435.47 
-253.93 48.22 
411.31 101.56 
52.70  3.86 
-361.93 -435.50 
 4.77 -544.58 
112.65 -314.68 
-222.16 -180.49 
468.55 -34.94 
-183.63 -486.51 
515.25 81.12 
155.31 -508.83 
-31.68 442.40 
80.27 318.70 
198.06 -57.25 
-65.48 -406.92 
-3.01 343.20 
-334.62 46.21 
153.37 -391.53 
-194.97 152.38 
438.25 274.87 
211.38 -540.54 
-115.18 492.26 
303.47 -381.32 
53.18 -123.63 
-348.04 -312.33 
395.54 -199.25 
-44.32 82.79 
-480.02 172.31 
-409.61 -69.58 
-368.77 -11.81 
381.06 208.01 
-467.60 -30.21 
-20.77 508.15 
47.89 164.95 
-289.07 108.08 
-584.09 -83.13 
-279.61 484.66 
 7.32 -337.17 
70.50 -428.39 
-204.25 273.32 
