444.22 349.46 
150.80 -271.71 
-108.28 272.53 
-130.21 300.17 
-118.93 401.86 
-49.80 -186.93 
129.17 -184.52 
-352.54 -358.14 
56.86 368.01 
-7.97 -87.52 
-288.97 226.73 
-205.80 -38.80 
323.39 -455.84 
136.05 556.50 
172.53 142.18 
-184.93 118.44 
-538.61 68.18 
-313.22 395.61 
62.14 -218.21 
-529.91 -96.86 
367.72 117.74 
-124.90 181.94 
-59.12 482.56 
-332.64 326.24 
188.69 522.37 
-280.58 491.64 
-53.56 -265.05 
188.75 -109.70 
179.86 -484.87 
284.34 509.14 
-137.36 263.58 
68.23 260.18 
184.83 142.34 
268.69 82.10 
454.15 217.41 
-169.26 159.87 
79.14 -111.99 
64.24 -336.94 
485.66 -2.60 
-446.83 373.41 
26.44 -213.85 
434.32 -178.49 
69.91 -109.36 
-489.98 -322.18 
218.50 -411.56 
-251.78 -106.07 
-158.06 507.11 
-575.12 -144.13 
-165.54 175.17 
-144.57 -303.83 
53.10 -64.40 
348.46 -16.11 
158.55 -426.41 
-149.97 371.63 
-15.91  2.47 
-323.84 -374.94 
