49.10 303.09 
534.74 35.46 
-471.06 333.50 
576.77 152.59 
-151.83 365.45 
28.67 -333.16 
-171.90 -517.56 
22.44 261.97 
175.86 336.30 
392.19 -87.36 
-218.51 552.82 
59.27 469.20 
394.54 13.33 
265.34 -19.08 
205.90 391.30 
484.24 297.70 
-73.75 -594.06 
-242.39 -199.68 
-42.02 -254.11 
-439.30 -191.98 
-221.98 -399.75 
-137.99 -551.21 
213.81 370.02 
367.87 -419.80 
529.19 -252.43 
-138.87 -170.43 
502.67 -215.11 
169.80 -281.02 
121.09 -187.50 
-110.44 -322.94 
-380.41 131.52 
334.90 -403.63 
-171.98 566.04 
-133.52 -409.84 
-76.64 -586.30 
304.38 238.33 
-207.58 420.58 
274.68 275.22 
527.48 98.92 
-60.34 40.31 
-29.74 -532.09 
72.95 -535.21 
374.67 -30.27 
-568.76 159.29 
-9.13 267.30 
-492.62 269.15 
-349.91 64.93 
-333.30 -121.46 
204.82 -507.47 
-399.20 89.33 
-284.92 -517.87 
-355.01 -308.01 
-429.90 -196.14 
500.84 -80.23 
-324.17 -76.77 
-187.84 -231.16 
