-471.65 -327.12 
-302.54 175.98 
-428.98 -156.41 
-18.71 -233.05 
-466.28 16.52 
-309.37 -88.87 
348.60  6.93 
360.43 71.24 
31.14 108.92 
152.48 370.11 
-203.99 -309.87 
-33.73 -303.80 
243.20 230.59 
104.39 92.29 
-30.21 445.13 
-216.92 -200.60 
85.61 369.52 
-358.93 422.73 
-394.24 -18.85 
37.72 473.89 
-183.12 426.13 
-210.70 432.02 
349.92 -310.13 
594.18 -27.34 
-307.03 -239.26 
-66.16 -197.26 
332.04 -479.62 
299.76 26.06 
385.61 -166.42 
517.26 94.01 
-145.45 -258.35 
-16.78 137.30 
413.57 125.97 
579.71 23.70 
75.83 -158.06 
178.11 -130.32 
-223.71 556.31 
-232.36 518.03 
73.13 285.68 
42.29 400.19 
459.43 166.89 
43.54 145.28 
296.24 292.15 
-526.92 133.59 
291.64 197.34 
-194.70 17.06 
17.61 199.28 
-440.61 219.30 
-313.29 -80.60 
 0.85 235.10 
-197.57 -2.93 
-529.25 -62.52 
-450.65 15.04 
484.73 -263.50 
-76.58 237.32 
340.82 295.92 
