-238.23 -420.29 
-231.58 250.11 
120.55 490.44 
372.78 -67.50 
-6.29 -196.61 
60.75 259.46 
237.88 -95.79 
233.27 168.72 
-459.57 31.46 
-442.25 -94.49 
294.90 205.93 
199.18 372.49 
84.40 473.53 
-381.76 -283.59 
227.82 321.29 
-288.47 267.95 
-320.17 -180.91 
-342.00 -345.36 
298.03 -298.91 
265.87 316.32 
339.67 -234.38 
-492.39 248.50 
123.95 515.25 
61.70 572.62 
-338.97 -91.58 
-196.28 488.43 
350.03 -89.77 
228.69 -293.77 
54.82 414.56 
-366.02 350.10 
243.62 136.19 
-116.16 19.69 
454.12 204.50 
428.65 -139.66 
578.31 63.58 
194.92 13.96 
 8.43 211.57 
-283.62 327.25 
27.13 -47.32 
-171.58 418.81 
541.88 226.78 
184.56 -266.24 
-550.46 -123.33 
-249.24 372.84 
-353.45 275.89 
-54.64 -111.68 
-480.96 269.12 
263.46 275.15 
407.92 394.20 
-359.33 394.93 
83.29 -548.06 
316.99 -431.66 
-92.49 -268.69 
372.76 172.50 
115.36 -331.25 
105.68 105.49 
