-487.50 -146.80 
-24.07 -460.37 
12.94 -245.57 
101.98 179.01 
141.95 315.97 
16.16 -213.05 
-109.41 105.49 
-48.66 -543.46 
-556.81 -217.81 
556.55 86.20 
-370.28 466.05 
-375.62 -289.61 
263.93 -437.63 
-367.29 -103.67 
359.61 140.35 
-125.28 209.31 
-137.77 134.09 
-509.34 -226.48 
213.76 -423.04 
520.54 15.76 
-26.62 -407.91 
-30.54 -61.33 
-571.04 -17.98 
10.16 358.09 
-378.70 246.37 
243.77 -62.74 
-409.40 56.08 
-197.43 136.09 
329.89 271.38 
76.30 242.88 
-66.57 -465.58 
-370.03 -41.47 
284.20 104.71 
-455.28 -240.57 
228.80 131.86 
-248.23 389.78 
470.44 -116.47 
111.59 -259.21 
32.65 192.36 
178.89 186.80 
133.31 240.68 
-81.09 334.20 
-517.70 -63.57 
-294.55 178.07 
-13.40 -445.78 
449.02 51.21 
-120.77 220.89 
-70.94 12.56 
367.43 -414.32 
149.63 44.70 
256.58 -496.12 
-82.07 -406.48 
-118.05 146.61 
293.66 392.11 
561.82 -165.85 
-52.50 -497.05 
