-45.11 100.96 
-35.65 -540.37 
-283.22 445.46 
-135.09 168.18 
23.77 563.08 
-243.86 497.73 
533.19 83.08 
341.81 54.54 
-136.20 526.60 
492.63 247.89 
323.00 158.05 
162.29 -306.64 
-132.53 374.98 
-483.36 33.21 
333.93 36.77 
260.26 -402.09 
-70.93 -153.97 
167.93 289.35 
-202.99 -68.53 
-204.09 490.70 
236.03 -301.48 
195.80 92.62 
-69.69 35.11 
226.50 -211.71 
-512.03 176.94 
-272.94 452.43 
-145.59 -134.53 
39.04 -345.35 
-160.90 -274.39 
-73.07 115.40 
399.07 404.90 
-219.12 138.37 
476.90 211.84 
 6.88 468.10 
154.69 528.90 
-417.90 38.91 
 7.70 498.11 
42.63 -316.17 
-359.44 195.80 
207.93 -466.10 
-455.85 -264.01 
-174.41 276.52 
-293.23 435.57 
235.44 226.66 
-354.60 -232.37 
-98.21 62.62 
31.77 345.21 
522.07 233.63 
480.80 75.20 
310.79 358.72 
-546.94 -222.94 
-175.55 -132.57 
-47.30 323.53 
13.77 12.44 
-83.59 -233.92 
474.21 153.99 
