-406.90 104.54 
98.68 -477.49 
194.93 221.91 
-21.14 -583.23 
-56.35 -424.68 
-63.61 -585.76 
-317.26 151.46 
284.48 53.56 
-439.02 -52.76 
-385.50 137.50 
514.42 -151.74 
38.16 -322.62 
406.40 -425.10 
-201.95 -121.99 
217.24 -226.78 
438.61 82.16 
-242.55 -220.93 
293.92 -108.05 
202.57 -357.39 
-374.29 -333.27 
-249.48 -126.46 
-330.87 500.47 
451.12 215.44 
-17.09 -410.07 
-8.77 -483.34 
-415.84 -209.85 
280.58 -316.69 
371.37 -266.71 
-204.08 -211.34 
-278.79 -101.54 
75.92 245.95 
342.34 -386.45 
173.05 457.64 
-244.19 91.68 
458.02 -4.94 
-149.01 231.70 
-240.68 -524.25 
400.42 -242.60 
-120.37 -553.43 
214.72 532.89 
20.82 -269.66 
-261.89 437.44 
-105.99 -575.22 
-84.92 -434.30 
189.71 326.52 
392.58 125.61 
89.73 526.50 
465.52 28.49 
-445.20 347.90 
-403.02 85.76 
331.03 422.73 
-90.35 -574.15 
-424.96 -251.32 
62.77 388.67 
18.96 -344.84 
-386.26 273.30 
