-570.55 55.96 
130.19 -371.68 
-275.15 -63.06 
-537.26 -43.91 
13.28 -8.34 
433.38 -155.75 
248.67 375.23 
-23.74 -536.50 
-48.18 -389.55 
427.57 360.71 
-244.25 -169.81 
-42.92 -572.63 
-9.45 235.53 
-282.01 -135.98 
-183.66 -405.83 
275.55 -434.36 
513.51 -100.76 
38.44 -467.49 
-263.28 -519.89 
165.99 268.66 
-2.48 265.39 
-494.62 105.86 
412.88 -88.10 
-102.82 174.00 
 8.68 -350.08 
192.38 170.79 
40.27 -595.81 
-472.54 -201.89 
-416.70 38.93 
-30.87  6.56 
-366.38 -252.41 
207.74 -46.25 
62.36 331.81 
-254.43 381.42 
199.81 51.47 
-78.08 -102.90 
-184.07 377.00 
-205.42 -419.10 
-411.08 265.48 
-579.81 -46.09 
-351.32 -157.69 
-291.79 -116.09 
230.21 -322.09 
 9.83 595.20 
299.83 144.34 
-303.75 -59.96 
-127.13 -136.65 
-276.33 77.22 
200.14 -125.34 
53.23 -127.65 
214.92 -8.22 
-292.46 135.61 
-460.85 -81.31 
-102.01 -538.78 
-247.40 210.43 
-454.61 -2.41 
