-498.34 -270.87 
-63.36 -162.92 
433.70 18.58 
168.92 -377.52 
 4.75 521.40 
83.32 16.50 
369.93 -341.60 
565.79 121.98 
159.22 185.12 
-30.44 -55.26 
-145.81 446.47 
-577.59 -84.05 
361.64 -381.46 
320.16 -20.86 
 1.85 559.42 
20.77 54.84 
-332.84 336.98 
-284.97 -335.73 
523.81 -8.06 
-588.85 30.09 
-432.29 -178.33 
-468.38 -360.89 
34.07 329.28 
201.22 -241.27 
587.32 40.17 
306.25 -207.31 
-35.88 142.05 
-147.64 -491.26 
167.91 437.41 
-40.45 -27.01 
42.96 -171.15 
-141.75 159.56 
-230.97 240.36 
-146.69 334.62 
-496.24 -236.60 
483.23 239.96 
35.63 -305.09 
369.92 390.79 
63.02 361.43 
-177.82 436.50 
287.24 99.50 
196.79 -535.76 
441.51 235.98 
-191.13 -147.24 
175.14 -553.08 
-238.58 411.73 
464.76 44.91 
276.08 501.18 
316.32 -69.47 
156.51 -250.14 
453.64 -327.41 
-117.72 69.48 
593.43 58.10 
-324.89 -445.17 
163.01 24.27 
-18.57 -472.15 
