365.63 312.89 
208.00 164.71 
230.45 -510.89 
-168.94 -282.73 
81.99 -20.91 
56.47 -499.67 
154.23 -226.81 
-272.10 -322.92 
214.97 -330.98 
-360.61 31.20 
-551.23 -72.11 
287.87 -191.88 
-525.07 221.95 
149.93 -317.81 
-507.88 -300.02 
-81.36 592.57 
163.52 -216.91 
515.37 228.03 
-161.68 -272.42 
-43.54 88.11 
179.29 -92.80 
-408.39 270.28 
-416.63 -215.41 
-25.13 289.38 
315.70 235.75 
88.05 -345.71 
-255.78 438.63 
-187.54 143.07 
-365.63 -110.89 
-31.37 598.47 
112.55 554.91 
-60.73 -461.52 
-469.45 -2.91 
435.93 -130.23 
-28.34 -242.10 
-130.29 -261.80 
-549.20 -164.22 
-349.51 -7.98 
124.37 -370.15 
-196.65 436.76 
229.37 -391.18 
280.51 33.55 
297.82 129.46 
217.68 500.31 
162.18 -140.47 
-519.15 295.86 
-202.13 -112.02 
492.34 168.80 
197.94 69.32 
-99.65 368.65 
62.02 -154.93 
-179.63 -451.28 
28.58 304.07 
127.54 33.87 
39.21 226.73 
517.89 164.41 
