113.12 397.74 
-447.20 -255.58 
-521.80 -229.23 
283.33 -506.39 
-66.76 -511.51 
-93.03 -108.15 
221.33 -44.58 
-215.44 -394.89 
-191.76 98.78 
343.03 36.23 
-425.00 383.32 
-240.39 -516.69 
-566.70 104.96 
191.05 457.71 
-34.86 -196.46 
486.17 285.44 
224.58  0.89 
-144.83 131.71 
 8.68 -593.94 
-407.89 95.55 
497.78 -204.68 
-187.11 -522.21 
-491.90 -328.10 
-123.17 -451.08 
128.71 252.02 
419.12 -160.78 
470.57 97.61 
-551.61 -150.28 
-422.96 217.67 
76.49 -429.29 
-0.97 -481.20 
336.94 -469.46 
-101.65 -68.61 
259.66 52.85 
360.84 123.01 
-213.72 -0.35 
484.33 86.39 
-50.28 -263.41 
124.15 446.19 
177.09 -88.00 
-487.52 153.71 
-26.58 -136.72 
581.42 -131.74 
336.71 384.59 
577.10 -90.16 
-516.05 -216.20 
-370.06 372.23 
-264.24 192.96 
519.65 -21.46 
-94.42 182.44 
-572.68 82.09 
-242.09 418.92 
-133.47 284.56 
506.26 246.89 
544.75 -92.25 
-240.22 -128.26 
