80.70 -166.75 
-197.15 546.01 
390.73 -130.02 
-140.00 -310.77 
-499.10 113.66 
-271.83 32.13 
176.79 -15.30 
309.38 17.64 
-10.25 -483.40 
-167.28 473.45 
107.28 398.86 
50.64 366.03 
-2.03 56.53 
-376.88 -39.18 
211.16 -82.67 
-281.99 -383.24 
-115.92 -528.59 
-191.73 454.00 
-496.79 -130.14 
491.22 -221.12 
-509.66 -141.91 
416.43 295.28 
-326.24 100.96 
-162.68 -336.34 
214.60 425.35 
-111.34 -368.12 
499.68 49.73 
70.06 -460.31 
-285.55 -23.66 
-565.93 -185.10 
329.96 351.36 
-72.69 -569.15 
-143.65 300.88 
-114.82 -465.52 
-343.22 442.10 
-116.68 -469.59 
269.56 -120.20 
-207.64 304.56 
-462.20 -162.59 
-592.78 22.70 
370.18 286.60 
-242.02 41.10 
-290.56 -481.80 
553.08 202.02 
-351.28 472.04 
-497.41 -228.06 
-113.09 -300.54 
569.02 98.17 
-326.12 -333.75 
431.34 -230.26 
-582.78 -130.84 
-109.08 -526.73 
-242.64 -455.58 
-14.98 285.47 
-184.76 -541.19 
477.74 -203.79 
