-277.97 -400.38 
-382.19 250.89 
436.59 265.19 
-419.88 196.40 
-482.69 42.31 
-383.99 73.82 
-136.73 -62.70 
-535.43 88.05 
296.05 -209.02 
61.75 -266.79 
206.60 -204.14 
-47.45 -171.33 
-8.93  8.22 
281.66 511.11 
 5.64 231.99 
-544.50 -102.49 
382.70 10.19 
290.70 188.72 
-410.91 358.74 
239.49 479.07 
-102.51 366.59 
255.98 201.60 
-286.98 150.05 
-403.98 318.82 
-206.04 106.98 
-471.01 112.09 
508.80 -130.45 
-152.41 203.52 
-252.72 -301.85 
389.24 -407.92 
203.45 -473.98 
-320.22 -16.47 
41.83 234.86 
311.26 -257.14 
-39.29 -13.93 
-255.97 -290.88 
379.65 -454.55 
405.31 -267.65 
-265.64 173.14 
-2.80 -102.28 
12.20 -314.04 
174.34 371.59 
-235.04 -338.46 
138.73 128.43 
-162.06 393.54 
303.75 -199.49 
250.36 120.77 
305.21 450.22 
 4.28 -154.91 
129.60 -437.50 
-474.48 -206.25 
-84.38 524.54 
-498.87 -63.85 
424.79 290.47 
-498.36 -102.44 
-304.62 -176.72 
