222.19 112.08 
136.18 462.90 
-375.95 -456.90 
-152.73 148.59 
79.64 -319.01 
63.36 -126.76 
-89.74 542.50 
539.56 39.33 
-40.43 318.07 
92.89 298.52 
-167.72 -76.11 
50.77 -484.89 
-283.23 -511.95 
-162.53 -561.97 
-111.73 -48.24 
-52.07 451.68 
-495.47 -291.05 
228.31 168.37 
-315.28 -87.16 
199.63 14.71 
576.01 -29.83 
95.31 274.31 
40.35 36.26 
-457.01 267.33 
237.11 -0.12 
473.27 160.71 
387.70 72.86 
304.97 307.22 
-488.96 -42.84 
488.78 -34.74 
-502.72 104.99 
-352.05 -71.84 
-354.72 240.28 
253.68 215.85 
36.21 338.71 
480.63 -70.95 
-94.19 463.77 
-480.56 -214.95 
-308.80 -350.40 
-453.25 -379.59 
-210.04 65.99 
30.30 598.46 
-362.59 186.17 
-428.46 409.50 
99.13 185.88 
288.30 380.48 
-224.99 -244.03 
320.55 202.36 
80.65 -390.22 
231.73 462.90 
-114.29 -138.29 
387.36 139.52 
183.46 -471.47 
-461.46 53.64 
-84.45 118.86 
-2.43 547.04 
