-413.94 -192.47 
439.60 -358.04 
-38.74 162.44 
469.56 150.42 
353.62 249.42 
96.05 -125.50 
-512.03 -1.92 
530.77 43.86 
-524.42 -53.44 
263.94 -193.57 
528.64 -243.43 
87.82 -357.21 
568.86 -127.43 
439.12 360.13 
-334.35 380.70 
-233.87 543.93 
-96.06 -78.29 
-455.94 -76.92 
164.51 250.83 
447.76 251.21 
403.06 -115.14 
-310.20 394.44 
481.63  4.94 
-165.24 -510.07 
191.84 263.21 
51.25 -330.31 
43.32 -342.13 
243.23  9.11 
24.69 -42.83 
295.51 130.48 
128.05 -466.44 
222.19 335.32 
-200.52 -366.32 
-93.56 268.44 
-302.06 213.74 
-141.66 -437.43 
152.63 155.70 
-43.68 167.42 
372.70 252.99 
504.76 254.15 
-398.18 -284.05 
534.57 -29.32 
238.50 341.65 
-394.42 -36.66 
-38.10  3.28 
231.00 341.85 
194.57 85.37 
167.88 -289.03 
-123.81 359.51 
-278.76 306.33 
-481.57 -352.46 
438.20 114.45 
-316.85 187.62 
17.84 164.35 
289.34 -340.61 
-62.97 417.75 
