481.22 173.27 
110.27 343.83 
89.67 115.57 
22.82 -271.60 
-57.06 347.82 
-413.51 145.51 
505.88 -145.94 
139.97 380.16 
-150.79 311.24 
-4.49 340.33 
-113.64 258.24 
181.42 -505.69 
336.69 126.41 
-160.08 -566.31 
25.35 -297.77 
-256.14 378.65 
241.29 -207.50 
-472.89 131.21 
479.09 -145.41 
-54.05 249.15 
-74.54 495.47 
-36.99 -151.29 
-284.29 -241.46 
86.99 -153.22 
-286.30 204.76 
-504.85 -264.82 
-268.88 -266.42 
-501.11 -328.77 
-229.58 433.26 
113.63 409.05 
-278.51 444.72 
265.87 133.97 
-382.23 64.07 
-54.80 -579.73 
-80.21 -239.37 
57.50 -276.73 
109.37 -452.51 
-372.01 119.71 
-89.89 522.81 
91.25 67.16 
-445.30 198.47 
185.98 495.24 
228.63 -437.82 
-80.86 -201.38 
-135.93 213.77 
-423.76 192.65 
-234.47 126.40 
-116.32 -100.09 
-50.87 10.94 
599.76 10.64 
129.40 -433.24 
228.76 -116.30 
159.79 134.50 
351.37 -86.66 
133.21 -23.49 
323.63 -189.35 
