-441.73 247.81 
176.87 375.43 
40.40 490.61 
105.42 220.02 
157.72 -111.84 
392.79 156.48 
238.13 -444.55 
61.74 -319.83 
467.42 136.79 
-118.58 -248.08 
 6.93 -408.83 
285.49 156.62 
 5.73 -206.75 
-390.04 351.27 
380.29 -412.13 
-545.74 103.61 
-459.85 99.30 
-306.51 409.44 
-315.67 -165.28 
-177.00 -374.86 
457.05 -337.95 
126.11 -359.64 
503.57 -244.26 
-366.38 39.02 
-104.94 -179.47 
406.23 -351.64 
-259.97 464.68 
290.86 362.50 
-62.88 -46.09 
34.75 242.99 
-167.28 51.14 
-189.43 567.63 
367.26 401.81 
-370.50 -272.86 
-122.71 82.35 
-316.50 -98.88 
-495.01 -187.12 
-171.77 -443.29 
78.71 -171.19 
-121.25 131.79 
-420.09 -153.23 
-346.31 210.59 
332.31 -324.34 
-142.93 -472.48 
87.08 -400.81 
37.24 -399.53 
451.13 -188.20 
293.11 -487.85 
435.65 -302.02 
-224.31 -453.49 
144.51 -454.72 
235.97 -480.67 
421.89 -424.16 
207.21 -385.54 
13.13 147.27 
35.64 82.53 
