132.66 456.54 
-243.32 -326.42 
-232.62 380.84 
-590.92 -79.29 
-319.47 173.08 
-521.54 163.52 
-366.45 -25.48 
-124.67 -312.09 
-569.73 -89.15 
-330.47 -137.27 
472.25 -26.49 
183.43 151.30 
-361.21 44.09 
496.21 277.08 
259.51 81.10 
-180.19 -319.83 
-198.05 63.51 
-187.59 369.36 
-485.39 -204.66 
-312.40 -169.58 
-62.10 -160.74 
-24.22 -113.22 
-30.95 -174.43 
-120.29 30.32 
-176.00 -467.49 
61.65 497.61 
-195.28 -423.40 
148.86 19.33 
-421.24 306.85 
-282.42 304.29 
184.77 -489.84 
400.27 175.97 
239.12 -279.44 
379.99 446.19 
-208.17 -105.75 
532.96 208.02 
308.23 468.97 
540.95 -49.41 
-39.08 -205.49 
404.37 -168.09 
526.76 -276.18 
224.80 496.65 
-11.96 -573.90 
-131.37 79.88 
-164.35 206.95 
-112.85 -82.15 
-405.50 419.10 
-457.91 63.05 
466.91 35.27 
-35.00 38.79 
319.78 28.38 
-209.12 403.09 
 8.28 197.12 
-268.60 314.49 
492.05 -341.40 
-306.85 186.12 
