-40.21 -459.96 
389.75 -288.57 
301.08 -502.08 
71.48 422.40 
389.77 336.37 
312.32 -334.22 
107.05 -78.17 
531.77 25.49 
142.87 137.57 
-290.84 485.19 
-130.18 280.25 
509.54 -281.70 
84.89 93.15 
509.47 -292.07 
251.73 41.42 
-264.72 -72.91 
-130.09 423.83 
570.21 -59.16 
466.86 -86.07 
321.36 -202.06 
-47.94 105.91 
-213.96 -94.49 
394.92 -401.15 
222.77 64.69 
-248.80 514.51 
152.99 497.07 
243.48 -516.70 
-455.90 69.65 
-139.81 -483.69 
-197.88 -465.70 
-92.04 263.27 
-239.46 55.86 
-49.31 337.21 
158.89 398.91 
135.24 -384.18 
343.68 413.56 
-86.21 -15.22 
-73.45 -580.52 
-349.54  7.74 
-53.02 220.25 
-447.49 151.43 
-478.15 179.96 
224.43 529.93 
184.14 -23.28 
-408.22 -302.72 
-333.71 -390.00 
548.06 216.73 
98.57 -361.21 
289.10 -124.42 
362.57 262.30 
-212.13 289.67 
135.69 -330.06 
327.12 200.86 
-152.89 -128.39 
-283.90 -14.04 
260.37 411.67 
