-301.48 399.14 
124.18 274.42 
-92.76 325.01 
-401.82 256.16 
81.37 142.86 
-175.72 -481.02 
-104.07 -390.28 
-31.22 -107.74 
78.64 215.18 
-521.34 -10.63 
523.33 206.91 
-338.64 389.63 
-50.60 418.80 
74.46 -203.15 
428.22 -25.44 
416.18 91.54 
-121.77 299.01 
 0.12 -74.90 
278.96 299.78 
-452.16 -229.51 
-134.96 106.90 
543.01 201.73 
23.25 -36.90 
 8.33 114.88 
97.09 -304.27 
568.97 -187.73 
-179.85 -326.98 
108.23 547.74 
211.89 -116.61 
-249.28 274.91 
161.83 231.00 
-38.17 315.99 
-229.87 451.66 
359.07 -188.67 
392.40 -20.46 
-384.36 -345.45 
174.94 -226.40 
-403.54 -216.62 
-36.63 374.47 
222.66 -180.14 
504.94 275.64 
-112.30 -4.00 
-50.26 -374.21 
-34.74 136.86 
394.02 -83.66 
57.77 43.64 
201.62 -544.74 
-70.24 -151.91 
402.76 295.32 
-188.18 -208.07 
-71.48 70.96 
334.94 -257.19 
-139.62 432.52 
-557.73 168.84 
124.66 -60.75 
465.88 -373.66 
