-227.25 -235.98 
-268.72 -399.66 
203.45 304.11 
-390.28 193.40 
303.37 -399.90 
-32.58 -169.49 
61.20 192.62 
-128.77 -87.44 
-166.61 -174.65 
-107.58 300.39 
-431.50 82.34 
153.58 123.45 
100.89 523.31 
-170.99 19.36 
-447.96 106.85 
-353.15 -44.01 
436.08 -399.06 
-133.87 -459.40 
-298.44 215.39 
177.11 163.00 
124.39 154.37 
-6.63 455.00 
317.59 -271.08 
182.71 -91.42 
-504.09 254.94 
97.77 146.09 
398.65 80.29 
451.34 356.44 
-332.99 -355.97 
-224.86 418.47 
-354.37 390.83 
 9.04 194.53 
-14.91 -174.53 
329.13 271.14 
-187.52 95.23 
-425.75 110.77 
428.07 128.21 
93.33 -27.37 
-102.17 370.14 
138.63 -180.25 
261.32 360.22 
-394.32 58.63 
291.76 14.15 
146.53 541.66 
107.29 410.69 
-349.25 -156.44 
217.17 229.01 
-331.47 123.09 
-168.77 -239.97 
94.18 -233.25 
-172.58 305.07 
71.94 -213.13 
346.37 -340.01 
254.82 -149.73 
-281.28 323.74 
80.34 266.69 
