-78.01 227.01 
382.88 -19.82 
82.46 -407.04 
186.09 -425.88 
98.10 -251.61 
78.08 -334.08 
-108.78 411.08 
-305.83 -258.88 
-534.72 -102.56 
-242.92 248.42 
314.74 401.31 
393.65 -63.88 
202.68 261.06 
-36.25 -490.64 
-524.55 -79.15 
98.12 521.53 
-6.95 -400.58 
-529.24 263.48 
310.06 -420.99 
-9.60 35.73 
-109.36 -568.74 
-192.31 197.36 
355.29 38.12 
369.69 235.59 
-282.04 47.03 
-286.21 156.44 
117.93 542.32 
-369.38 -106.59 
451.71 -339.63 
-280.14 15.74 
412.33 -77.15 
389.68 411.14 
291.10 -362.70 
239.05 -220.42 
-279.18 100.08 
233.10 79.01 
-443.98 -312.28 
-228.23 -309.57 
-336.75 -404.04 
281.56 -498.30 
-235.12 236.20 
-498.47 -192.74 
-364.32 -134.37 
-549.52 58.94 
171.28 381.04 
-260.93 -104.70 
152.75 -61.56 
213.38 34.53 
451.40 -319.24 
-21.84 254.44 
-258.11 -470.72 
-466.53 -123.00 
-70.54 -369.49 
-416.03 409.10 
-520.70 261.94 
-161.24  8.40 
