104.39 210.97 
-5.56 -9.05 
25.33 372.49 
172.39 314.37 
395.30 -180.00 
-307.22 39.19 
116.99 -447.24 
136.09 397.86 
-338.76 -285.63 
235.49 153.20 
345.81 411.70 
-225.90 -42.71 
-92.36 -244.70 
176.71 -504.17 
-37.62 219.23 
115.01 -133.48 
-179.12 -183.46 
39.59 -421.41 
298.37 512.88 
-151.60 167.39 
-331.24 387.36 
-108.65 265.12 
187.73 -367.83 
552.07 74.35 
395.50 252.81 
178.75 315.10 
 6.54 -161.28 
-59.55 -558.29 
138.82 -355.77 
108.86 555.52 
368.85 117.41 
-116.86 -380.31 
152.94 -453.55 
441.22 266.86 
401.07  6.48 
226.36  6.28 
-383.85 -354.29 
45.99 178.29 
-111.83 -101.23 
176.90 -226.74 
-297.66 -469.18 
-282.95 -479.63 
64.93 -242.28 
-422.56 -98.06 
498.67 -156.30 
-83.45 36.92 
-375.88 -193.76 
-347.71 147.37 
121.70 446.40 
-104.56 165.44 
-235.97 527.61 
196.94 494.28 
61.04 -398.94 
-296.95 287.29 
529.20 168.54 
-350.84 357.38 
