199.49 199.28 
276.90 -224.13 
-133.31 -185.26 
-68.63 36.48 
-212.30 368.74 
404.89 -379.32 
497.48 66.85 
184.65 -256.55 
-308.02 -61.96 
575.09 141.03 
194.70 322.62 
74.08 -336.42 
-431.08 -224.87 
199.59 -279.22 
-549.29 -7.78 
181.29 471.93 
10.68 -22.43 
-284.65 -81.20 
208.52 -500.73 
-3.71 83.74 
-139.82 425.81 
528.81  4.47 
-34.33 319.95 
-26.12 110.25 
116.63 -484.97 
-152.30 318.67 
210.33 111.95 
-312.72 510.00 
-403.39 -132.22 
545.24 224.81 
-210.74 343.07 
-146.54 502.10 
124.14 219.27 
-355.07 -258.17 
360.44 456.55 
-135.10 -140.37 
35.92 580.54 
-214.11 -107.45 
-441.44 -337.62 
-534.83 -85.28 
-301.16 487.45 
473.54 -352.45 
218.35 -475.54 
-339.55 -429.69 
505.53 126.07 
-116.89 360.92 
-210.66 101.62 
106.38 231.09 
-297.21 252.26 
242.74 -305.81 
273.61 -519.36 
-550.80 15.00 
-378.63 -417.24 
-488.23 -2.41 
-276.61 -285.51 
367.39 -35.69 
