110.64 375.62 
-278.99 32.97 
75.70 439.37 
327.26 -184.32 
-417.00 -17.63 
-271.42 -290.01 
431.44 -368.77 
434.32 270.33 
411.96 -221.90 
-519.66 -225.73 
459.24 -349.32 
-192.36 330.86 
-476.81 -45.73 
473.16 -58.35 
-40.58 -503.35 
161.96 527.85 
-157.83 -93.59 
-327.92 -111.91 
112.89 -89.06 
-129.27 242.82 
-452.39 360.46 
323.23 273.92 
-566.13 -152.64 
203.31 384.50 
-179.38 -34.69 
275.78 -77.76 
47.49 484.35 
116.33 70.35 
34.34  2.20 
-531.64 -58.90 
-297.49 164.86 
-348.83 -432.89 
-202.02 -389.96 
398.98 321.00 
272.50 318.62 
-37.73 -183.52 
464.00 38.28 
461.44 -121.70 
-22.14 -321.38 
-175.47 548.08 
577.53 -16.25 
-66.40 398.45 
488.53 -96.35 
-424.20 92.65 
200.50 -10.72 
-382.83 -59.60 
-24.04 480.42 
-317.08 -60.17 
-357.07 283.08 
-182.22 -309.36 
-377.38 -171.26 
131.95 -392.98 
411.72 56.99 
-446.75 -188.48 
-242.51 -269.01 
379.36 -140.37 
