294.17 -57.07 
430.46 316.59 
467.70 -171.88 
-200.57 552.89 
-96.49 -121.24 
-126.45 -164.70 
232.27 29.44 
593.93 49.88 
119.60 394.45 
105.05 -465.17 
103.25 -288.63 
-280.05 85.21 
-234.62 -191.05 
158.95 84.50 
199.26 -279.10 
383.43 -24.82 
-66.63 -63.42 
326.30 -180.90 
30.77 -90.58 
-255.97 450.89 
-586.33 -29.75 
382.96 -47.29 
128.32 46.38 
-86.76  7.46 
294.22 -226.78 
273.93 -31.50 
-178.90 -11.34 
-267.27 377.00 
342.32 276.07 
-115.07 545.83 
-233.80 -123.52 
298.58 430.64 
196.89 -291.91 
 0.40 204.29 
257.14 -14.66 
-220.09 -6.41 
-442.82 -86.12 
164.54 -180.01 
-208.88 -46.53 
101.22 261.14 
80.73 218.21 
-419.23 -218.72 
-71.25 428.03 
-585.21 -92.52 
68.82 220.09 
36.45 -163.60 
-250.63 188.22 
-369.22 242.59 
-11.67 -49.22 
307.53 87.38 
17.90 101.23 
317.32 -447.74 
212.73 423.68 
-198.87 305.12 
-84.97 -15.00 
180.11 256.63 
