-353.63 312.73 
195.18 28.50 
-320.12  8.59 
-317.72 472.47 
509.49 79.48 
-247.67 508.61 
-425.77 226.98 
348.65 288.02 
-11.84 72.96 
207.84 550.32 
157.71 -404.68 
-53.62 -256.25 
-251.45 -170.28 
344.17 38.33 
-238.80 65.17 
-316.47 -75.33 
300.20 -64.48 
-138.73 -186.16 
142.34 -75.66 
-149.52 -86.89 
-41.18 372.51 
-94.75 -399.96 
45.19 130.80 
-487.04 -229.07 
-69.25 85.31 
-132.98 531.70 
56.53 565.53 
13.38 344.60 
-464.74 25.87 
-219.27 -283.48 
-349.43 -424.14 
-384.67 67.67 
133.23 141.05 
-90.42 429.23 
-414.34 320.07 
471.53 126.97 
96.26 -569.58 
431.99 -27.60 
369.00 -159.39 
-255.82 -328.97 
459.44 -331.87 
104.77 104.69 
-482.50 176.16 
334.28 41.42 
-257.35 -89.69 
338.24 -426.12 
-170.19 -537.16 
-70.53 -312.09 
66.60 -361.33 
-309.58 -145.82 
-68.19 146.47 
-369.85 137.66 
-402.71 294.52 
143.95 231.58 
-41.37 -319.96 
-583.50 -0.48 
