-260.45 116.32 
-340.28 -404.61 
-54.23 -349.68 
274.91 -10.88 
124.08 -526.69 
-242.05 -97.50 
272.19 399.13 
114.13 -363.51 
-177.98 449.04 
-103.52 259.04 
411.47 364.56 
-363.96 -391.59 
-182.19 539.22 
-420.27 -180.96 
 2.56 -275.69 
502.73 304.00 
147.71 -351.17 
-397.31 -277.52 
361.39 324.12 
153.20 507.73 
-54.52 -106.40 
-204.33 46.29 
227.04 -161.57 
-196.01 -184.24 
89.66 -178.52 
-33.02 -15.10 
-106.87 -350.29 
-189.53 -281.38 
94.91 -432.26 
-536.44 -194.87 
-413.55 237.41 
451.99 76.93 
-217.85 -228.56 
128.24 26.42 
287.24 -332.31 
-272.23 142.74 
-95.24 479.18 
48.22 17.76 
81.46 487.64 
-316.77 -486.91 
-295.24 10.99 
339.16 -337.61 
-425.95 336.49 
-213.50 -190.38 
-294.00 416.59 
170.36 -147.50 
268.89 -416.86 
-101.08 -395.46 
-320.04 -283.70 
-87.61 524.33 
416.47 176.49 
386.33 204.00 
246.26 -409.59 
-107.41 230.48 
22.93 331.92 
89.14 458.18 
