-120.99 519.51 
-356.35 324.44 
-94.11 452.19 
-255.73 -80.35 
24.62 -431.10 
29.57 323.85 
389.35 356.13 
163.70 -504.31 
-447.58 -337.91 
33.61 443.30 
334.07 61.11 
355.41 314.61 
-101.19 106.08 
573.08 134.88 
-519.12 -72.83 
437.31 -146.39 
327.65 424.79 
-104.20 -372.07 
-369.73 -141.81 
-139.91 -199.65 
-125.08 496.48 
-170.49 514.46 
47.06 -157.76 
-598.21 -40.35 
347.36 456.89 
-317.75 -248.58 
-361.11 -446.60 
-187.18 -225.71 
75.45 -462.30 
-96.22 238.05 
189.16 -70.78 
-38.20 -481.77 
-216.30 493.39 
-125.91 251.40 
-252.57 -490.40 
383.66 450.02 
452.74 234.25 
-459.25 197.25 
-559.03 159.76 
258.48 342.79 
497.90 -179.28 
472.54 212.10 
 1.14 359.76 
263.12 276.83 
62.15 249.25 
-128.72 323.30 
337.80 181.27 
-144.62 415.27 
-387.52 324.59 
430.22 -55.41 
459.14 374.14 
-47.95 -458.38 
317.15 413.81 
302.13 -221.73 
464.79 -172.75 
-248.11 53.23 
