-225.59 124.84 
-49.57 -462.99 
455.51 -251.98 
-113.63 -226.54 
68.10 -404.89 
-573.11 -49.05 
21.30 94.93 
-259.97 13.79 
-462.16 216.45 
81.69 20.41 
300.77 322.11 
47.06 -119.01 
-460.39 -194.92 
141.53 182.99 
261.42 -359.52 
-489.28 205.92 
-148.96 294.91 
568.37 -112.73 
-67.20  6.38 
124.71 412.26 
-261.27 255.54 
426.24 72.04 
109.29 549.64 
231.84 162.93 
267.11 438.95 
315.99 -102.45 
-308.92 -402.57 
216.52 -323.72 
38.45 183.84 
-282.69 429.94 
-455.94 346.79 
328.53 479.75 
-296.30 294.55 
-26.70 -195.89 
-337.18 -425.86 
-294.78 318.73 
67.74 457.96 
528.16 219.74 
-204.54 -116.25 
-128.27 -399.46 
-354.01 -466.16 
57.92 -455.34 
-195.45 23.39 
80.46 -200.70 
16.09 -234.03 
62.13 -306.63 
-266.24 216.48 
182.91 -92.43 
77.62 160.25 
-374.50 -94.62 
256.47 227.64 
90.75 452.58 
215.38 -342.29 
-481.17 211.36 
-395.05 -58.68 
-118.79 -230.36 
