557.77 79.44 
231.95 -4.17 
129.75 486.70 
291.95 433.81 
-103.90 -295.06 
539.06 -235.88 
167.26 -318.68 
-369.52 -359.25 
-36.83 -106.44 
-15.07 81.52 
132.32 41.14 
223.75 103.34 
91.96 455.94 
183.56 472.45 
-385.29 -363.53 
-53.87 -421.39 
-222.62 71.33 
-286.45 511.35 
-216.64 505.34 
52.95 217.35 
-385.69 -74.41 
-535.55 -116.79 
-473.11 160.53 
-443.11 -31.24 
-303.92 -80.05 
-288.98 -215.76 
-100.70 -301.96 
-125.70 -393.24 
-444.67 277.24 
98.54 257.94 
117.65 -370.75 
593.15 31.78 
285.76 98.77 
-46.54 595.20 
105.07 342.28 
-441.05 -3.93 
-245.22 -140.91 
555.39 182.25 
-73.44 148.48 
464.58 320.18 
263.66 -44.67 
463.64 136.66 
-373.61 171.50 
412.43 359.86 
484.58 -86.48 
392.87 -180.60 
217.56 -536.15 
437.81 326.84 
-209.42 -251.91 
519.86 -125.86 
-34.37 422.15 
255.94 279.33 
-166.11 242.96 
-19.50 -533.54 
-207.98 -68.90 
-98.59 274.00 
