214.98 -327.04 
-222.83 518.44 
295.53 -9.03 
-86.05 -326.75 
-438.87 -203.48 
-84.37 144.29 
-123.30 -325.69 
-182.75 427.50 
-155.75 -18.01 
44.70 -466.56 
-384.60 -437.87 
-179.76 12.16 
485.97 254.98 
469.82 53.68 
157.41 -473.73 
282.45 -95.36 
397.37 255.86 
-575.45 -154.99 
-483.47 351.93 
-291.48 228.43 
306.92 185.78 
-551.06 132.43 
-191.42 -287.11 
129.39 -386.82 
146.23 -127.71 
224.26 -535.06 
208.31 -36.40 
-260.47 -155.02 
326.81 -76.25 
129.12 -251.40 
-277.61 -117.80 
 8.76 -8.01 
-280.81 235.50 
 1.36 396.67 
275.87 473.44 
-208.81 -291.82 
-184.61 -496.13 
166.21 309.72 
291.04 -207.39 
252.38 -486.14 
-516.42 -33.65 
-154.61 472.88 
424.17 -295.34 
54.59 379.40 
-233.21 415.39 
232.33 547.13 
97.24 -401.45 
-441.37 124.58 
13.19 68.42 
-119.22 171.35 
-305.22 -147.94 
-453.60 18.55 
241.38 -457.89 
32.07 -337.27 
380.23 380.95 
121.50 534.89 
