-172.92 -67.21 
-41.24 -278.67 
-531.09 174.87 
138.10 328.33 
-349.79 71.21 
383.70 203.66 
-505.34 -11.55 
179.56 277.51 
-244.65 282.39 
-374.32 206.07 
350.52 -23.51 
-272.77 -211.78 
-49.36 -245.03 
420.07 108.31 
145.95 273.17 
-239.00 255.16 
-266.51 160.87 
-237.11 -234.77 
524.49 -158.09 
-280.58 -71.85 
-287.83 498.25 
290.20 214.85 
122.75 -364.45 
-12.08 -170.78 
-274.23 433.74 
-343.65 330.76 
-516.24 285.03 
-315.54 41.05 
-9.73 -54.70 
230.21 472.47 
577.52 -4.70 
-474.83 -145.10 
-77.30 -343.73 
-120.42 -457.55 
-391.38 286.74 
177.82 -165.83 
196.65 406.14 
-210.62 207.77 
291.75 224.22 
398.48 -224.02 
459.36 98.65 
-4.82 150.72 
-128.29 562.24 
353.21 -316.47 
-391.19 -125.16 
-405.41 -136.66 
99.38 -174.83 
417.60 -79.59 
457.24 211.58 
33.82 -518.12 
-88.07 -182.57 
472.45 -331.37 
-93.01 516.70 
-23.98 -537.55 
-93.55 480.35 
201.34 -314.76 
