-178.68 -413.07 
-167.79 270.11 
196.47 -244.86 
-41.76 -271.82 
292.61 -206.58 
-80.41 -415.27 
-105.93 265.64 
-438.85 353.34 
-338.45 93.33 
83.05 166.00 
107.33 -114.61 
342.95 205.32 
28.99 341.60 
454.88 378.80 
-66.20 171.02 
327.44 124.23 
-263.74 -169.09 
173.07 381.02 
76.96 179.95 
507.45 145.50 
 5.08 -455.28 
248.22 123.34 
-356.37 -221.68 
330.19 356.06 
149.07 -429.90 
227.25 -218.79 
-147.90 -257.31 
49.36 -237.30 
222.99 66.87 
229.94 129.13 
-449.67 -128.55 
47.02 -474.92 
403.98 325.80 
-410.40 -304.98 
-94.58 -325.60 
267.27 531.26 
-337.13 -360.23 
319.07 -387.17 
-226.11 73.66 
-100.80 370.99 
58.83 -48.93 
-171.72 245.05 
-539.07 -46.70 
-448.64 64.90 
231.90 551.56 
-217.51 -354.55 
-471.35 190.60 
309.28 -496.55 
-140.37 188.94 
-594.80 76.16 
168.25 -543.51 
349.46 -344.33 
64.50 242.57 
-281.58 142.67 
262.93 -317.83 
178.79 -340.58 
