442.91 203.26 
-194.11 171.47 
105.15 -315.21 
-401.80 -428.36 
204.37 488.83 
-78.73 241.58 
414.73 -29.14 
-118.49 279.97 
-190.91 -158.02 
210.05 464.85 
363.25 362.29 
56.73 83.07 
260.90  5.15 
515.76 -257.92 
238.77 323.24 
-264.78 -226.90 
-368.17 113.91 
-127.67 -454.37 
272.50 296.48 
-290.56 -128.99 
492.77 191.17 
-543.12 26.34 
-441.71 198.88 
-480.96 92.19 
486.62 -222.20 
287.99 410.27 
28.77 328.46 
-80.38 59.73 
242.48 -135.87 
-319.45 -305.62 
-518.82 -220.60 
75.89 242.81 
510.98 -272.50 
423.20 282.69 
-191.00 242.02 
-112.17 11.09 
273.05 340.96 
-22.94 -112.44 
-61.69 -265.70 
-396.49 -412.30 
262.17 176.50 
18.42 -436.50 
428.19 -329.78 
-71.87 -40.46 
-54.24 -573.77 
-85.25 -187.05 
15.99 28.41 
-263.39 -279.83 
-211.64 -76.28 
82.75 162.29 
395.24 276.16 
50.10 -56.14 
579.41 -111.68 
-579.33  2.30 
-260.09 265.86 
-142.71 -81.84 
