-393.07 207.51 
-212.04 119.39 
-84.76 367.52 
-568.19 -114.03 
255.58 363.01 
348.55 209.69 
-166.36 -248.80 
25.05 158.93 
-542.19 191.83 
85.65 -583.68 
-145.56 -255.52 
-422.85 -147.40 
508.43 -302.07 
-52.80 113.43 
162.78 402.67 
-445.58  9.24 
26.43 353.27 
-261.15 -2.73 
-173.31 406.17 
-258.02 -369.05 
-85.36 239.87 
-434.55 32.12 
-42.92 -187.75 
-180.17 -16.36 
-443.87 48.88 
326.98 -151.63 
-477.07 68.35 
-84.22 -31.01 
278.55 257.23 
83.91 -49.55 
-93.13 419.67 
414.79 311.19 
218.01 -296.26 
-521.13 44.40 
-39.34 465.64 
-378.01 143.52 
288.20 -476.62 
526.51 -94.57 
-185.20 222.55 
243.80 389.66 
-476.28 47.16 
149.92 -354.98 
-374.13 -214.31 
313.51 481.59 
81.98 -344.76 
155.38 183.48 
254.05 -90.21 
-116.46 252.52 
210.42 -297.35 
85.40 -582.44 
-264.02 43.20 
-212.84 552.69 
-70.16 -185.65 
318.89 -134.59 
407.36 299.23 
-242.58 62.16 
