363.65 -382.72 
400.92 144.45 
-87.70 74.86 
-447.76 -226.55 
186.23 -471.14 
92.87 -328.51 
177.29 485.30 
-432.84 -319.83 
312.57 -31.11 
-534.16 -99.12 
22.45 436.99 
-209.28 424.07 
-267.43 17.63 
93.01 437.24 
-308.44 -46.93 
547.73 27.82 
-258.61 437.54 
-96.67  4.56 
332.22 34.23 
-499.68 -265.56 
-227.11 -444.71 
-119.25 188.57 
215.15 524.24 
-6.43 114.44 
-91.88 -91.36 
100.16 -472.36 
-466.71 -266.52 
449.02 190.36 
534.97 13.35 
100.05 57.47 
-341.08 -135.88 
-65.85 154.68 
265.99 -353.92 
-421.27 330.99 
115.00 -379.76 
398.05 -190.96 
495.19 194.81 
-296.48 348.69 
-224.10 -240.79 
-164.81 -458.27 
528.87 -158.92 
-192.38 -189.48 
224.35 -287.59 
39.87 586.30 
188.41 509.16 
-250.87 -523.36 
399.83 122.85 
470.61 -264.48 
124.17 -321.68 
155.77 121.63 
453.46 73.70 
-228.22 308.61 
-64.28 -416.53 
-339.21 -201.74 
-514.28 -116.20 
57.52 -160.96 
