339.47 355.90 
18.19 -544.10 
-59.33 -221.15 
410.08 -123.43 
202.49 549.84 
-120.17 436.04 
391.12 -73.35 
307.26 211.92 
-211.14 383.68 
-315.28 -465.49 
127.26 444.71 
453.35 -238.20 
315.39 -88.96 
-570.31 -70.61 
-112.74 29.54 
32.39 456.44 
-327.90 -49.16 
431.48  1.58 
 8.03 -324.13 
270.16 309.84 
321.71 -501.62 
356.76 -397.50 
100.29 494.09 
10.09 -567.21 
-461.07 100.38 
-81.39 -45.20 
338.80 418.28 
-309.75 -58.05 
-17.63 223.59 
-69.52 58.16 
61.67 -176.59 
296.07 -139.85 
-141.75 -554.47 
240.56 438.45 
-427.04 254.64 
169.21 122.48 
392.32 169.14 
-10.74 96.92 
433.22 51.70 
-361.91 170.60 
230.82 -55.02 
270.82 42.65 
-154.58 -469.33 
-559.69 32.53 
-521.62 -213.56 
14.26 206.07 
327.77 -161.23 
-166.00 419.73 
229.24 -548.04 
-11.25 561.31 
-262.32 180.25 
-462.52 118.87 
548.18 -151.56 
417.08 -276.39 
43.37 537.07 
267.74 -135.70 
