492.51 315.11 
249.76 413.17 
-280.59 -324.60 
-287.82 179.78 
189.16 187.88 
-66.07 168.36 
-515.41 -52.98 
89.15 -278.18 
-47.05 -519.60 
548.14 -75.15 
339.13 450.86 
36.22 -531.39 
 5.59 346.22 
-75.83 -490.76 
292.81 -341.75 
44.70 -385.37 
95.02 -82.01 
-268.17 -60.84 
-323.81 207.97 
413.13 -329.49 
-488.68 273.56 
26.75 -390.97 
-418.04 188.54 
-406.78 316.42 
151.05 -321.15 
-197.39 20.57 
-362.82 -302.74 
151.99 232.57 
-136.67 -75.63 
524.96 42.72 
93.48 -588.16 
-245.73 110.03 
-19.29 -169.94 
-17.09 -387.65 
147.54 -161.35 
86.01 -101.96 
188.17 514.99 
471.75 275.41 
350.52 180.65 
 8.06 388.53 
-485.25 -100.75 
-162.16 -415.32 
535.44 -48.78 
547.22 146.93 
-80.03 -456.86 
-106.60 -347.38 
301.82 235.00 
495.76 74.22 
252.09 20.11 
76.36 374.73 
-238.18 -159.59 
320.99 305.65 
-431.16 46.40 
-96.48 -482.93 
-549.31 -156.03 
20.78 -23.40 
