550.12 90.63 
123.86 -404.29 
196.97 254.71 
186.39 -192.49 
-160.41 74.66 
57.14 514.20 
29.01 -413.57 
-574.55 -53.90 
-249.83 -363.88 
158.08 165.07 
-200.75 -520.76 
-158.08 433.58 
 8.21 64.37 
-349.24 443.48 
-479.22 42.91 
-105.35 -49.10 
259.37 -70.43 
-298.50 -232.71 
-462.69 362.41 
75.23 -517.14 
-399.54 29.04 
162.02 524.82 
-542.21 -238.29 
-515.34 178.26 
444.69 312.42 
-286.29 275.32 
-150.31 460.88 
67.52 553.77 
-3.30 -504.94 
158.35 571.09 
77.44 213.74 
147.20  7.93 
388.62 97.49 
137.74 -61.30 
-171.29 -36.33 
-382.46 -306.32 
161.61 141.73 
348.34 -232.03 
25.10 -495.35 
586.92 85.86 
133.55 207.90 
178.92 -278.95 
-388.57 417.59 
-178.00 -227.90 
-488.85 -133.55 
-418.89 -400.80 
389.57 269.94 
-371.40 133.45 
65.86 413.42 
-405.97 411.31 
-70.52 -162.77 
-334.93 -277.08 
-261.99 -19.03 
495.00 47.35 
268.79 330.89 
-528.03 -235.26 
