270.49 -490.07 
-160.62 -444.93 
164.81 471.48 
56.89 528.60 
290.18  1.61 
166.17 -494.92 
134.48 386.34 
182.09 -483.43 
-24.14 306.77 
250.33 -68.56 
326.59 112.00 
-503.67 -259.75 
-126.37 324.10 
280.02 -524.28 
534.40 121.69 
285.96 -197.02 
476.73 309.72 
 4.58 431.47 
336.98 424.61 
-397.25 285.14 
162.54 -209.34 
68.12 -593.27 
-218.86 395.21 
-345.07 -203.29 
-288.65 -400.51 
-142.18 386.62 
-137.00 264.57 
-429.32 -228.84 
417.95 -242.44 
-196.24 -203.97 
-408.84 405.87 
-141.49 429.45 
59.72 308.97 
295.30 -305.77 
 6.40 -148.60 
51.10 54.85 
15.00 -436.73 
233.47 -385.85 
-462.52 293.81 
-450.61  3.40 
-86.97 -240.06 
 0.46 177.38 
-136.51 -22.88 
-324.81 271.32 
375.80 -59.16 
-27.31 -510.77 
-187.74 72.31 
50.69 208.42 
-140.10 -149.88 
-10.67 -121.19 
-244.63 -459.92 
367.33 41.63 
 3.74 486.22 
414.30 -51.32 
-68.92 24.16 
-209.61 -31.67 
