228.45 -198.40 
128.92  1.90 
426.65 184.01 
-380.50 46.04 
386.52 393.27 
-356.94 -219.90 
-93.51 74.44 
68.06 508.02 
128.00 -113.49 
110.59 23.04 
359.08 -193.09 
-280.40 -179.92 
556.61 -158.35 
-348.40 -228.70 
10.03 115.70 
218.32 524.38 
-97.71 197.92 
150.76 436.65 
-201.87  7.73 
-528.24 -64.80 
304.86 177.55 
231.78 117.49 
178.92 321.61 
316.39 -506.92 
186.81 144.98 
-11.14 -102.28 
-288.85 -333.12 
-133.57 459.57 
482.37 -24.60 
279.71 27.83 
511.53 -248.24 
57.51 -100.97 
-435.40 75.92 
-331.28 90.13 
-455.97 -48.04 
130.52 -376.18 
99.35 -425.82 
-353.99 -474.03 
-546.45 142.27 
56.13 -558.14 
263.91 505.75 
77.96 -142.43 
 9.44 -404.99 
-177.07 71.32 
134.15 48.56 
-399.26 129.41 
18.42 523.47 
-35.26 211.43 
590.52 18.78 
224.92 -212.73 
425.80 -206.28 
-194.94 -220.99 
250.18 175.00 
272.53 33.54 
243.22 -3.42 
132.77  3.43 
