-286.14 -251.48 
165.94 -298.88 
231.11 -92.82 
79.79 -2.64 
492.88 252.82 
-394.80 -336.84 
-45.88 -151.46 
215.16 228.78 
-161.23 -462.88 
-172.57 152.41 
119.76 360.13 
-41.87 -289.05 
124.31  0.56 
159.45 -525.96 
-248.11 90.82 
-71.10 -458.61 
112.97 550.28 
342.96 -388.72 
-353.23 -94.11 
73.96 -283.60 
-75.56 -557.54 
137.31 149.98 
-63.03 101.35 
-305.21 -404.32 
-338.34 73.06 
-21.46 -157.98 
-381.76 -78.86 
425.36 365.73 
-399.10 -376.74 
152.15 -391.51 
-157.99 398.34 
523.43 183.85 
-564.76 39.19 
-109.68 203.06 
80.54 76.22 
209.28 -33.71 
201.71 -440.19 
-317.39 -346.62 
-261.54 -486.44 
-541.53 100.48 
-503.74 65.85 
232.04 -507.18 
-13.84 -335.98 
-7.10 283.10 
131.63 -282.34 
-108.89 134.58 
465.87 -265.87 
216.17 -36.81 
-383.04 -92.78 
419.38 -212.74 
195.32 -517.37 
-459.41 -147.93 
-221.84 113.76 
375.08 -228.63 
189.30 -151.20 
19.51 522.18 
