39.03 -345.66 
-173.26 -246.95 
-433.43 -27.23 
-64.79 -581.01 
457.41 -276.12 
-533.57 134.29 
143.14 573.15 
51.49 -364.57 
461.62 137.72 
-59.52 444.45 
82.06 556.89 
294.39 138.61 
-341.49 -87.75 
138.49 -379.99 
-103.37 -541.30 
513.51 -143.09 
-224.72 84.36 
26.23 -404.19 
-209.69 -209.99 
-302.92 -260.39 
-149.18 -302.02 
-41.39 -427.29 
445.21 350.56 
271.27 -128.07 
-214.03 333.66 
-298.36 240.29 
71.30 435.49 
-470.34 -71.61 
-162.71 -534.69 
-529.28 -259.45 
267.27 406.09 
-429.12 417.54 
586.26 -57.54 
-495.03 -249.25 
126.30 -278.96 
511.74 223.17 
-581.03 -75.03 
-230.72 455.23 
71.76 262.70 
555.62 183.88 
-326.55 243.71 
-307.34 -475.48 
-327.58 391.64 
287.63  2.43 
171.11 273.38 
-278.74 146.62 
110.67 445.42 
-309.69 -252.83 
-193.07 -398.21 
-387.26 -387.91 
56.60 505.60 
40.73 -40.71 
50.99 -503.82 
-147.65 211.42 
169.26 448.66 
-258.96 467.08 
