-275.98 -268.38 
-441.28 -249.11 
-488.23 -42.34 
336.24 -462.53 
-6.47 138.51 
54.91 -415.21 
-290.48 30.50 
-96.04 557.86 
363.22 -311.21 
94.81 -489.90 
-404.10 -104.55 
100.25 -80.86 
-108.73 160.61 
192.77 -269.54 
85.17 329.40 
-275.45 -127.12 
-135.43 -307.04 
-183.18 541.21 
-457.31 -152.75 
-90.08 219.84 
-147.64 -218.37 
126.86 -546.82 
-184.58 343.46 
418.11 340.78 
-257.59 -384.06 
-167.43 -137.80 
 9.53 -127.79 
131.17 -311.85 
-8.07 -366.57 
188.98 -123.54 
83.20 324.93 
-564.08 -93.03 
270.62 -478.36 
240.61 -302.42 
-398.12 -386.57 
-346.32 132.95 
-179.97 -126.21 
-153.95 -207.16 
288.17 230.25 
-276.42 -304.26 
-131.00 469.51 
-410.46 143.46 
-423.80 117.53 
-3.76 -42.79 
209.66 -46.99 
441.53 139.28 
537.50 -70.78 
390.43 35.11 
70.52 342.33 
-291.70 68.81 
-283.75 50.35 
19.91 -443.25 
238.22 208.39 
353.84 364.69 
-100.90 -257.06 
-162.70  5.41 
