-359.21 27.39 
-128.04 45.30 
-382.79 -236.85 
368.62 -26.91 
-307.77 238.88 
-133.28 195.92 
334.53 -376.15 
-384.85 -218.11 
-500.26 69.31 
-400.93 212.15 
-183.84 322.20 
-164.14 -200.25 
-350.53 -99.82 
459.05 251.15 
-4.27 -206.73 
325.28 336.10 
31.67 455.88 
301.49 371.84 
-369.48  4.29 
14.09 -250.89 
113.79 -185.22 
72.11 113.02 
-2.50 17.14 
198.39 15.68 
-261.87 -97.48 
356.43 -165.15 
54.37 330.34 
-165.89 -229.33 
-63.63 -526.52 
-35.44 -117.38 
-6.82 -113.59 
535.93 -92.28 
-95.76 -290.80 
541.69 119.37 
-389.27 242.89 
-422.49 -68.10 
-4.91 -150.87 
61.26 -395.57 
-85.95 534.71 
-169.89 28.15 
431.80 -208.30 
374.10 448.78 
532.67 -161.01 
-210.72 227.12 
207.08 353.81 
-242.05 348.46 
 3.32 -212.39 
-415.20 -49.41 
-411.16 358.83 
40.68 -226.56 
-59.29 91.06 
-148.12 -350.28 
361.96 335.34 
310.03 391.48 
402.64 248.25 
-196.61 343.82 
