-48.33 122.65 
104.30 -562.52 
275.48 -349.92 
-78.27 119.58 
521.80 216.36 
178.16 109.17 
350.34 247.67 
90.39 -406.19 
121.85 126.95 
18.54 -289.75 
336.28 234.92 
-92.47 -152.52 
-369.57 -325.64 
424.15 327.52 
354.45 -395.76 
218.16 -253.07 
131.08 79.38 
117.11 436.46 
119.31 -383.81 
410.98 47.68 
223.69 -35.77 
-198.88 -503.44 
170.80 47.98 
185.68 442.95 
-395.13 132.38 
369.66 -463.72 
103.14 -171.88 
-18.86 -141.86 
135.79 84.26 
-22.46 -212.10 
105.14 -145.62 
-332.97 -259.07 
98.68 343.42 
246.27 -115.14 
212.89 540.19 
87.41 -211.00 
341.93 481.14 
208.72 -378.86 
57.68 48.62 
147.85 303.75 
-579.06 134.96 
385.12 110.04 
496.28 151.33 
64.09 478.12 
34.96 79.42 
-387.20 -381.79 
507.05 191.64 
-73.17 91.09 
48.08 166.74 
595.61 -57.08 
-87.35 444.33 
145.80  0.86 
385.61 -54.53 
593.16 71.14 
-502.79 49.02 
32.87 10.58 
