-300.31 433.84 
45.83 -156.15 
208.40 499.75 
-114.78 -455.48 
330.13 -284.09 
-70.74 202.68 
48.09 464.31 
58.50 172.33 
-68.91 -66.21 
367.10 -455.01 
311.47 279.07 
505.40 79.76 
421.58 104.87 
-28.27 -574.71 
-248.69 427.88 
-389.82 54.48 
79.82 -185.65 
264.48 -455.76 
-310.14 407.52 
38.13 449.47 
-419.41 -54.69 
-109.62 -423.42 
-478.77 59.66 
143.06 375.76 
-209.18 12.78 
166.00 -560.27 
-444.14 10.77 
-33.28 -303.52 
-281.70 106.33 
-38.20 204.60 
-134.74 78.63 
526.04 -123.31 
158.13 -45.99 
441.37 12.21 
118.44 374.64 
125.31 -222.13 
-292.52 274.94 
293.65 134.83 
73.74 -420.53 
-337.58 -338.86 
-106.97 341.38 
-241.06 383.91 
163.99 481.44 
207.34 -511.05 
399.16 304.76 
-269.10 -220.45 
-53.20 181.60 
-211.15 -507.51 
159.50 -391.00 
-208.11 -169.58 
-175.18 -332.34 
183.08 -462.02 
-59.38 -140.39 
-301.30 -204.02 
-285.28 317.66 
-163.20 -315.40 
