-163.88 212.43 
-9.03 -358.98 
385.82 -184.10 
-353.11 -383.42 
406.33 -375.15 
-453.81 369.03 
268.46 152.28 
401.70  4.65 
-431.50 333.79 
407.13 -221.60 
173.35 26.75 
-322.21 216.68 
-216.03 -382.76 
162.60 -279.59 
-450.63 10.60 
509.41 -110.89 
171.58 86.98 
456.49 128.77 
60.90 321.75 
-507.91 -292.73 
-36.35 -186.95 
-217.68 -244.22 
-96.60 342.59 
534.18 -70.38 
-570.99 21.77 
99.16 87.61 
-5.98 -168.42 
104.88 -510.30 
351.34 -242.93 
30.24 39.54 
302.87 -473.44 
-294.73 281.25 
194.40 13.65 
199.04 534.55 
-9.29 596.90 
-16.07 -535.44 
-193.98 317.76 
183.03 120.34 
-323.86 -479.68 
584.82 -62.63 
476.19 209.39 
207.39 -19.91 
331.11 -346.31 
80.75 -582.93 
-306.79 237.10 
-493.41 -325.41 
370.87 450.40 
-246.34 58.52 
-352.08 337.00 
-203.60 519.03 
-304.05 -275.10 
268.99 48.16 
154.77 111.08 
226.88 97.67 
-163.71 -383.30 
-438.40 -269.18 
