25.29 -40.15 
-243.39 344.27 
55.79 -116.43 
305.50 -112.06 
406.77 335.51 
-146.03 545.80 
321.47 -293.23 
285.12 198.65 
-200.11 -475.07 
371.67 242.74 
-230.59 -436.73 
-571.63 -43.17 
-180.38 -313.40 
-214.11 156.50 
409.06 248.12 
-256.01 509.68 
-268.45 -332.91 
-20.85 70.34 
-351.59 -153.37 
-501.37 -107.68 
129.31 199.87 
280.01 457.99 
482.80 264.40 
35.72 -513.60 
-422.95 179.69 
207.26 -496.03 
-71.76 -559.73 
-532.53 228.04 
-139.59 62.41 
333.05 260.02 
13.97 -40.77 
-136.18 113.51 
312.80 -388.09 
36.33 -593.49 
-122.36 -135.85 
-213.10 425.42 
85.68 392.05 
-254.10 -164.27 
381.76 323.92 
250.48 230.57 
-175.55 15.06 
84.83 -73.84 
243.99 527.65 
-252.75 83.71 
-564.15 -97.90 
261.72 281.47 
292.42 508.27 
-191.85 -461.54 
45.35 -156.71 
257.58 -533.95 
-63.93 256.41 
-403.86 -119.90 
-408.51 59.84 
-466.57 -203.28 
144.47 365.30 
-560.81 211.55 
