451.36 -258.54 
22.22 117.49 
455.55 -355.41 
379.41 375.14 
66.43 -37.12 
-378.49 180.70 
134.52 -373.14 
529.55 -136.73 
-463.51 -38.60 
295.84 -466.02 
38.81 205.07 
-438.41 285.72 
-207.59 500.50 
512.30 -64.35 
53.88 -545.32 
-429.63 101.39 
146.85 235.36 
496.55 -38.24 
303.00 -17.73 
-160.47 321.08 
-75.27 489.71 
-52.51 -390.31 
-52.01 583.92 
267.24 -101.41 
-535.44 80.00 
355.40 455.57 
256.68 -243.34 
-71.02 -495.24 
164.50 183.68 
-492.13 -168.24 
-137.34 -552.78 
129.84 -138.14 
296.38 -303.24 
131.01 114.92 
-52.00 383.70 
-26.84 357.18 
-184.71 -406.29 
39.09 112.50 
-516.29 -4.94 
-511.09 87.27 
-435.75 46.35 
219.36 -377.43 
300.60 424.05 
31.08 -491.05 
91.80 -533.95 
375.36 50.90 
499.36 306.04 
-496.54 -239.54 
-67.66 22.94 
108.85 37.92 
-293.44 329.59 
-556.53 -73.37 
-267.76 535.04 
-191.68 -183.08 
-273.86 131.13 
-142.06 499.25 
