-132.85 -297.84 
-447.49 -300.99 
218.15 369.17 
-64.73 -284.88 
501.10 308.47 
-410.66 -425.69 
380.02 -62.75 
-361.99 -52.79 
-106.06 352.52 
182.28 -362.82 
178.16 346.03 
351.56 -465.00 
35.20 349.20 
 2.06 83.33 
249.44 -46.64 
296.79 397.76 
205.68 -125.01 
166.80 -379.11 
415.78 -37.55 
156.33 -547.99 
438.80 63.21 
291.66 380.74 
171.39 -336.75 
59.60 431.61 
18.86 -53.65 
335.69 84.13 
-563.42 -131.18 
168.06 191.33 
113.66 -317.40 
-219.18 209.13 
-184.62 454.36 
128.54 499.54 
-146.36 -125.63 
-394.90 -398.08 
-28.68 237.54 
-345.53 126.73 
172.23 248.46 
-113.28 -138.65 
-189.15 -337.66 
-374.51 223.29 
-119.68 -167.06 
530.86 188.84 
-291.55 231.00 
-512.85 -118.97 
143.99 -208.14 
385.69 -296.25 
480.83 152.76 
 2.51 -151.80 
-280.88 -117.96 
-108.67 -415.14 
-474.93 -67.12 
-246.03 -255.47 
106.45 543.21 
152.04 -164.53 
-219.84 337.49 
-231.27 534.48 
