450.24 -354.62 
-410.59 400.97 
-229.50 301.91 
323.81 431.25 
22.49 595.36 
21.97 -108.58 
-233.00 -415.62 
505.21 13.55 
108.97 36.11 
-295.68 -185.66 
312.68 49.64 
-127.05 373.38 
368.40 -44.59 
473.61 -54.36 
-434.38 -282.66 
-564.71 189.82 
181.42 377.62 
162.93 202.43 
-40.59 429.01 
359.00 -234.72 
-465.37 -142.08 
541.02 97.09 
474.69 351.85 
-183.06 284.27 
-330.54 405.12 
475.32 -230.48 
-251.61 -120.89 
-240.08 529.49 
-315.69 -96.83 
-33.73 434.41 
-13.65 -76.27 
177.33 -345.00 
-510.79 -59.20 
-159.76 -121.27 
220.99 -310.47 
-116.43 427.08 
148.83 -281.52 
-390.46 363.96 
15.91 -177.49 
-165.96 257.89 
-242.59 -106.24 
25.50 393.70 
-24.76 298.17 
588.10 -17.37 
155.30 -488.12 
-568.15 -89.17 
366.89 -387.30 
-531.79 -194.59 
414.40 -288.99 
278.70 -371.31 
-487.95 78.22 
242.56 -276.90 
60.46 72.17 
 5.96 286.08 
356.63 -163.54 
85.67 172.00 
