347.04 -78.08 
25.01 117.53 
378.88 -85.13 
22.82 473.40 
-349.87 -34.90 
-98.22 141.04 
233.91 404.78 
535.92 -90.94 
262.69 -249.27 
-298.23 -493.57 
204.73 -187.13 
505.81 -185.76 
170.51 262.41 
-182.83 -66.77 
-38.58 100.87 
253.15 15.64 
-282.32 -460.63 
420.73 260.23 
522.70 22.16 
-71.38 -372.80 
-551.52 -17.06 
-559.88 -75.79 
-8.68 -263.05 
116.69 52.28 
-177.27 -225.56 
-575.54 -123.53 
-251.94 -288.04 
-275.03 -229.69 
-363.03 88.79 
-216.25 254.69 
-477.44 232.36 
158.58 -60.66 
-288.58 48.27 
-448.70 -257.47 
-56.78 262.21 
128.68 -34.89 
-30.95 422.30 
-0.41 -99.50 
235.06 -188.34 
363.50 -207.49 
12.34 86.64 
-311.85 -241.57 
-31.66 547.15 
-18.18 -418.90 
-11.52 280.43 
361.30 236.58 
576.07 67.06 
-473.91 -123.37 
194.50 -164.50 
398.14 -394.84 
-455.75 -379.34 
127.04 -362.62 
391.65 235.39 
-72.63 -49.71 
223.43 391.90 
-76.85 511.87 
