-398.59 -140.34 
-32.33 479.16 
-239.27 105.45 
-146.54 573.86 
-378.12 -428.08 
-285.15 -453.12 
-181.99 -255.65 
14.03 -478.86 
46.28 -35.34 
68.09 -475.06 
18.02 97.71 
422.94 394.32 
310.29 199.32 
-281.60 -517.38 
424.28 -363.96 
-126.11 -126.66 
56.04 537.29 
277.54 -104.83 
-7.59 140.01 
357.74 191.51 
-103.26 -472.27 
 2.44 -245.89 
20.94 441.38 
-258.94 -380.88 
22.07 29.19 
-20.35 584.95 
-138.54 330.38 
458.05 -30.59 
-417.13 -32.29 
203.95 150.91 
529.70 -137.73 
199.68  7.58 
-17.51 -441.71 
78.41 354.53 
259.12 367.90 
-152.18 28.11 
-170.17 568.90 
-466.42 -368.87 
165.54 341.90 
-51.99 -367.89 
238.22 -471.41 
-180.72 126.72 
-149.21 -326.45 
-487.13 -300.56 
-500.42 -168.45 
253.65 -412.33 
-34.27 514.96 
313.58 -459.26 
-321.63 159.51 
-438.43 282.94 
-352.10 97.58 
-387.64 363.06 
-260.87 -419.22 
159.12 -85.39 
-294.63 19.02 
-204.77 396.04 
