-332.77 316.90 
-191.04 331.73 
-581.66 -112.86 
-286.43 -319.16 
-303.99 81.08 
231.23 541.23 
10.95 -168.28 
347.60 -93.35 
-121.95 -72.83 
345.62 -106.50 
392.70 -122.09 
140.34 517.87 
-417.97 361.37 
-309.69 135.13 
-29.91 244.60 
-66.40 -494.94 
48.76 138.69 
430.64 90.55 
-36.32  4.33 
401.74 -428.54 
502.22 -137.01 
-152.14 431.09 
316.92 -289.31 
196.48 -101.57 
-210.40 207.22 
64.58 -361.34 
109.30 -197.57 
-338.67 -10.79 
-261.72 135.09 
-37.41 492.31 
-24.92 -467.09 
-187.07 348.00 
51.11 -209.86 
-133.53 206.71 
390.07 -331.94 
228.25 -255.39 
-244.50 321.69 
-123.44 357.78 
256.22 -389.45 
258.93 -399.14 
-125.88 264.00 
110.04 317.75 
352.74 -207.36 
546.53 130.84 
265.84 78.07 
-15.50 458.02 
-121.28 66.09 
-401.63 375.81 
147.71 420.15 
-296.82 255.36 
394.36 390.15 
69.65 -434.83 
-121.16 234.08 
250.78 -52.74 
-33.05 -135.25 
-318.73 -477.62 
