92.96 427.50 
-32.92 134.65 
-210.92 358.02 
516.79 129.14 
93.93 467.67 
286.64 -18.63 
202.05 125.29 
-31.61 567.17 
-27.45 20.62 
258.06  4.23 
288.56 21.16 
-238.17 231.76 
-75.96 538.74 
85.06 -44.36 
382.53 342.11 
-392.23 436.53 
333.55 474.97 
255.53 539.10 
-442.21 200.02 
-450.26 -126.34 
414.22 -104.60 
-321.16 213.56 
106.90 240.34 
439.73 312.22 
474.52 307.26 
 9.28 450.43 
-250.98 -192.47 
-466.79 104.60 
272.89 -190.17 
-23.38 105.65 
 5.31 -541.04 
497.47 10.94 
376.57 -171.05 
-315.96 486.44 
230.94 312.07 
311.93 -78.82 
-446.17 220.75 
266.59 -389.38 
-103.48 -80.99 
160.38 331.57 
-118.53 424.20 
-197.52  5.66 
308.23 131.00 
-149.34 -18.60 
518.35 156.93 
557.80 -218.69 
183.27 -523.02 
-319.70 39.68 
323.39 -378.08 
-21.43 -55.16 
304.87 -362.10 
442.15 -133.03 
-229.25 478.27 
582.07 -72.39 
373.73  0.80 
-289.82 -268.05 
