-109.42 -318.97 
-65.11 -142.60 
464.52 347.89 
-81.20 -593.01 
-433.32 -402.35 
522.30 -161.45 
-221.16 -85.53 
360.99 441.11 
68.24 495.18 
153.76 -526.63 
-467.33 137.08 
-264.96 75.16 
185.55 -500.17 
214.62 -278.93 
228.76 -26.04 
-397.12 -172.46 
-580.03 -86.84 
92.56 -358.46 
-259.95 -137.66 
-512.50 -70.19 
180.88 502.38 
-517.56 -23.50 
174.27 93.15 
496.97 90.36 
416.61 123.73 
-324.22 251.30 
12.40 241.26 
431.21 370.96 
-7.97 -4.09 
185.86 -547.88 
-474.24 67.32 
299.14 -89.60 
342.86 295.17 
-360.84 92.91 
270.38 280.24 
-236.89 418.73 
301.65 496.88 
149.19 79.85 
352.23 471.28 
-212.39 -416.43 
319.77 338.49 
235.25 -441.56 
-460.72 -71.95 
216.20 334.96 
-573.26 -55.70 
322.61 -147.42 
-51.39 263.97 
323.90 -501.45 
148.31 383.40 
481.66 270.53 
-286.46 196.52 
-157.04 571.26 
230.80 -454.95 
314.89 -231.45 
-34.38 -11.93 
-177.36 -476.33 
