-483.23 178.61 
24.74 222.97 
-276.14  3.28 
40.68 -461.06 
219.89 95.28 
63.37 -344.28 
464.22 369.56 
-388.47 446.21 
-232.59 78.50 
77.40 -221.75 
259.38 158.73 
-84.02 358.92 
-222.20 -519.30 
-447.29 -161.18 
-440.02 36.77 
-25.75 -49.90 
-151.11 -342.22 
342.67 -334.14 
-258.32 308.54 
-381.90 441.19 
381.21 -30.20 
527.48 -280.07 
-480.88 336.76 
145.96 184.45 
-152.80 -288.24 
-182.79 -513.61 
-298.43  4.12 
-574.91 -37.69 
-291.38 208.52 
-260.14 -313.70 
76.89 26.04 
391.82 -318.92 
19.19 180.34 
409.98 -33.84 
-423.66 185.58 
175.63 -527.13 
-94.53 414.46 
202.69 129.46 
-358.44 342.48 
195.82 -131.08 
42.92 -69.75 
-261.55 67.19 
-79.32 -193.61 
-484.11 130.24 
230.14 -42.40 
-102.87 -456.09 
349.11 209.94 
119.15 58.71 
-222.32 343.51 
237.54 475.79 
-476.76 -180.58 
-86.13 192.83 
262.74 524.20 
-239.24 516.62 
249.91 37.85 
481.08 245.35 
