-148.06 -17.97 
176.78 425.79 
514.41 221.53 
396.10 -143.85 
129.85 -83.01 
-229.90 -485.04 
70.69 -209.74 
69.49 254.43 
-553.00 -72.19 
186.51 -112.17 
330.69 129.53 
-49.03 -123.71 
-51.84 -18.12 
430.86 161.29 
-401.55 82.47 
429.72 -224.41 
-103.54 -189.62 
-374.41 447.36 
175.33 -179.24 
12.88 -135.90 
272.64 -276.89 
-21.81 -39.65 
-203.94 23.52 
138.14 343.80 
-193.93 474.48 
-287.83 142.20 
209.89 347.55 
421.80 417.63 
134.42 -170.75 
123.14 160.15 
-374.03 -33.78 
473.83 163.76 
87.29 -301.08 
192.91 -418.01 
49.16 -496.43 
-397.80 -272.85 
-373.25 37.70 
46.32 375.85 
362.58 432.67 
38.91 -136.96 
-105.67 313.77 
-364.63 -449.79 
-20.74 -239.92 
-172.08 396.31 
-0.39 -298.94 
201.99 -450.87 
-424.76 -175.25 
-88.51 309.98 
541.25 155.55 
241.05 -278.48 
67.26 -512.42 
552.68 122.02 
325.86 87.95 
320.79 -461.31 
-46.41 -357.10 
-108.15 500.70 
