-335.51 -289.27 
186.27 -214.91 
-16.13 -406.76 
396.45 -110.38 
273.84 -498.87 
-223.55 -216.29 
-145.31 235.26 
-501.17 -45.67 
335.43 -290.94 
352.44 219.39 
-53.26 -389.15 
122.32 -453.22 
383.52 350.07 
158.23 295.03 
-400.66 341.89 
382.72 284.59 
-510.86 121.20 
-71.96 -342.90 
44.40 -561.40 
166.10 547.85 
-516.30 279.00 
146.75 442.82 
311.07 -441.95 
154.48 110.63 
87.33 288.35 
359.44 -413.71 
98.14 -244.27 
265.84 -76.95 
93.90 168.68 
-516.89 -143.15 
-592.80 -62.95 
321.85 276.37 
255.79 339.22 
253.37 -324.44 
-61.87 240.44 
-293.00 -463.68 
-34.44 -234.01 
289.81 31.58 
18.95 -258.27 
-440.19 -95.23 
286.14 270.25 
554.38 -82.16 
263.74 336.27 
-233.27 -214.45 
-82.89 -201.05 
353.12 239.32 
43.13 -243.18 
164.93 -398.94 
-113.20 -501.19 
261.80 167.28 
-122.85 447.18 
-531.52 -105.24 
-221.34 -61.17 
-550.05 118.92 
63.77 453.05 
-152.49 -128.87 
