-80.62 267.79 
-318.40 268.82 
341.03 -13.31 
-209.11 215.36 
 6.78 592.99 
-56.18 487.18 
315.16 -124.35 
-383.03 -295.05 
-311.04 210.15 
394.76 -448.67 
-189.11 -387.17 
-416.03 201.72 
570.16  1.00 
146.87 -255.06 
-57.05 -0.07 
-47.62 -161.69 
-423.08 333.59 
80.63 -383.21 
-172.37 -347.69 
-430.12 -97.69 
-232.15 490.21 
-185.09 -227.09 
502.03 -268.96 
280.15 406.37 
412.67 -226.87 
79.25 178.25 
-21.26 298.83 
-439.10 308.79 
345.51 475.34 
-438.65 126.19 
-245.74 -298.41 
-41.20 256.71 
-189.20 -356.98 
-96.41 291.57 
251.48 216.69 
-375.98 27.64 
168.16 -426.88 
-11.35 -51.82 
259.14 -62.85 
-55.44 -16.87 
-98.90 -160.01 
 6.51 462.04 
-397.08 -243.24 
-106.81 528.33 
337.18 -42.32 
249.79 390.57 
-581.29 -46.81 
-220.74 482.00 
333.11 -276.24 
-449.48 -222.57 
-328.24 457.03 
-60.05 18.32 
532.23 198.63 
-83.92 184.34 
430.81 176.85 
-446.18 325.94 
