-125.98 364.51 
276.27 77.60 
25.71 -101.62 
411.27 -395.50 
-586.09 -78.82 
-237.90 444.39 
290.07 205.93 
417.51 41.58 
-167.57 377.39 
-273.82 393.58 
-48.83 221.52 
-442.48 257.85 
30.50 363.70 
-189.78 396.44 
-132.98 37.90 
25.79 -366.27 
-50.99 408.83 
-271.03 140.16 
264.37 -269.94 
66.17 -121.58 
359.48 355.78 
232.63 -186.08 
323.78 -502.37 
-225.49 271.90 
414.32 -415.02 
-260.79 499.87 
-110.13 -303.07 
251.32 363.76 
210.84 -463.21 
367.29 451.30 
-363.26 40.42 
385.53 361.98 
146.07 -139.66 
-284.47 -363.00 
-535.39 227.95 
-528.31  5.78 
-483.32 287.44 
-171.91 -557.10 
234.56 -506.30 
565.95 -123.49 
39.36 -551.35 
-451.67 83.66 
-6.07 374.17 
348.88 -459.43 
-315.69 383.75 
100.04 138.70 
363.53 291.01 
178.52 427.32 
108.04 -264.85 
22.12 572.76 
282.35 110.97 
53.06 -334.89 
-82.79 -314.78 
-92.69 537.18 
-352.06 252.29 
420.71 161.12 
