457.06 133.49 
-304.06 -415.79 
177.04 10.56 
-154.94 -141.44 
307.56 -186.01 
 0.81 -189.35 
65.95 181.78 
-436.27 66.92 
500.38 235.45 
52.41 43.36 
-499.59  8.87 
-215.29 -38.76 
-454.77 355.64 
323.17 -287.80 
86.45 -241.40 
-326.77 -139.84 
-166.31 -354.89 
367.60 -386.47 
-231.06 -539.89 
-70.90 352.84 
-9.80 255.36 
-372.74 218.94 
-351.37 86.22 
259.27 -154.67 
-347.24 225.45 
84.85 210.43 
-225.16 495.33 
-42.60 211.13 
-528.45 167.71 
202.58 -507.91 
509.24 141.06 
508.75 -86.86 
103.68 -450.03 
87.32 -502.60 
-438.75 14.41 
455.03 -362.86 
144.77 -482.15 
-165.19 -336.39 
-357.56 321.16 
351.81 -330.78 
467.90 -262.34 
359.17 470.96 
-532.41 109.12 
-313.37 -304.24 
-44.31 -486.11 
-572.80 -164.38 
 8.30 -219.61 
-200.60 -123.19 
-513.94 224.54 
117.19 -259.39 
136.99 -363.60 
226.10 485.49 
-344.87 54.82 
-531.45 -40.47 
-68.60 -461.93 
304.52 -374.72 
