-334.23 409.36 
-212.46 -460.27 
-223.75 498.79 
-373.20 317.12 
478.32 301.55 
-330.41 -268.52 
-407.52 158.55 
118.55 -411.48 
-196.04 -555.95 
154.55 400.12 
69.66 -356.79 
-243.23 293.77 
230.21 167.70 
59.54 -527.23 
356.69 154.22 
-4.66 337.05 
371.31 157.16 
-522.32 72.25 
-204.20 129.25 
237.66 -271.76 
-383.47 -366.35 
-38.46 -333.53 
-134.66 -472.72 
-184.14 -6.31 
-242.02 543.81 
-354.46 -115.14 
140.24 32.76 
-476.69 -30.49 
142.14 82.87 
-2.43 -493.65 
-47.26 -507.43 
-371.81 28.25 
337.54 322.24 
-339.40 147.42 
228.60 364.77 
401.70 -191.53 
-338.94 -234.15 
42.74 -276.25 
106.68 -370.35 
170.69 -145.00 
-455.30 -87.90 
-222.72 -27.60 
-7.42 -530.77 
498.37 -131.07 
-94.20 -323.88 
19.67 499.08 
-89.80 545.43 
-61.83 499.89 
491.24 -224.70 
41.56 -419.55 
-311.43 248.44 
-40.75 -130.95 
-393.48 -82.05 
-73.82 -534.05 
210.45 425.79 
458.13 212.07 
