485.15 91.73 
-261.82 92.87 
223.18 -423.65 
-165.36 -460.01 
-402.91 -237.59 
448.05 -291.11 
353.78 373.53 
410.69 -301.97 
374.56 446.98 
316.39 411.70 
115.67 -278.49 
419.85 -384.66 
44.95 -552.03 
568.60 -26.77 
40.19 -243.70 
-300.37 74.05 
430.04 319.78 
305.93 -482.38 
359.12 -132.08 
21.96 87.45 
210.20 486.89 
-125.87 278.42 
-389.77 44.97 
 6.22 -506.23 
156.03 74.72 
-10.57 419.57 
-168.48 309.90 
404.82 409.41 
-278.20 -489.22 
-108.57 94.71 
288.87 379.45 
-492.50 134.31 
-400.80 -208.41 
118.27 -557.99 
-6.92 73.87 
-302.34 -341.23 
-68.00 210.30 
-197.06 48.97 
-34.23 -490.59 
113.18 552.05 
-214.95 -338.21 
304.32 393.04 
273.33 174.12 
-192.94 547.46 
56.61 -512.81 
-298.35 -464.65 
112.62 -178.54 
-394.06 -148.69 
-223.26 187.01 
475.98 -316.14 
-400.99 224.41 
327.70 354.98 
225.27 78.43 
168.36 -104.97 
-412.39 -158.73 
-104.73 -294.16 
