133.69 467.05 
491.58 -30.02 
-221.46 -129.77 
-143.79 455.91 
-428.59 -398.21 
-258.26 -65.60 
283.61 116.25 
406.72 194.80 
-557.10 -134.91 
421.20 135.77 
-18.86 558.24 
-222.35 -201.02 
-483.13 136.14 
481.26 324.47 
342.17 -353.37 
496.49 189.84 
-574.98 76.49 
171.82 -148.17 
244.98 -397.80 
-171.00 151.16 
-149.43 -394.20 
-74.09 527.20 
-389.96 -186.93 
-241.83 -99.34 
-375.70 392.51 
556.71  9.01 
-309.66 -177.09 
-61.53 -254.17 
-124.88 142.91 
25.51 -578.88 
-569.13 65.17 
-140.56 -92.12 
-231.97  4.61 
30.41 -28.43 
543.04 -30.33 
205.36 121.86 
-199.36 295.29 
-148.06 396.66 
495.38 194.82 
367.45 -192.93 
100.57 410.90 
-220.83 -260.27 
-244.01 -445.67 
-299.75 353.79 
-282.06 -475.85 
240.34 -359.48 
-500.95 221.51 
578.50 96.75 
-327.51 82.87 
-362.37 -131.45 
-324.14 -136.75 
-282.95 -355.94 
22.10 101.64 
-463.03 259.80 
-242.14 470.96 
240.13 -222.21 
