78.94 -370.66 
107.95 -491.42 
-7.62 -279.99 
84.81 287.33 
79.46 554.27 
 9.33 126.91 
-352.20 112.00 
-352.45 -34.83 
-88.05 -221.65 
-217.20 296.99 
-117.51 330.20 
-115.78 -249.02 
-449.43 58.78 
283.33 520.20 
-425.12 -235.59 
-411.65 -116.51 
308.19 -310.11 
131.40 -499.71 
316.24 51.40 
175.32 215.27 
-70.65 -231.55 
-363.17 28.29 
286.01 373.95 
198.69 336.53 
255.49 82.84 
-458.42 -3.26 
485.42 -39.72 
38.07 583.30 
116.57 312.51 
-230.44 -442.45 
 9.75 310.27 
463.73 -73.45 
-235.19 304.76 
-110.74 -180.92 
474.99 182.96 
-65.47 510.93 
-134.36 152.61 
276.23 -89.92 
-181.84 388.04 
264.36 -461.72 
274.49 -472.14 
-58.36 67.19 
298.78 -401.86 
-352.12 318.87 
431.32 -236.66 
-67.57 116.19 
-132.77 461.53 
-370.57 -31.55 
-145.71 503.61 
-239.97 -166.70 
403.95 114.87 
-168.60 -317.41 
-460.77 374.04 
-470.56 -228.46 
252.62 154.38 
53.35 588.82 
