-396.89 -92.14 
-409.39 -288.67 
267.79 -96.50 
421.10 -397.09 
321.37 -173.92 
-194.54 324.35 
-182.36 -83.81 
-122.01 -413.56 
145.57 -351.65 
-2.30 594.24 
-543.27 -59.03 
183.67 215.56 
-125.16 195.61 
-62.33 234.14 
-435.85 -207.49 
-25.12 455.55 
-196.34 -449.95 
-157.91 182.14 
-166.35 -105.55 
-214.85 434.58 
273.62 -381.21 
-21.23 214.60 
344.68 -8.46 
-211.74 -394.56 
-12.41 -351.22 
568.96 -3.28 
26.24 -113.52 
-304.52 -120.24 
-484.75 300.49 
-45.84 24.81 
-242.26 -516.40 
-356.88 -358.76 
-14.61 -223.90 
-108.73 -394.12 
-333.83 15.45 
114.48 485.26 
-554.63 -50.41 
-245.98 -163.53 
-87.69 180.04 
-64.28 386.16 
216.33 288.89 
390.24 -435.83 
-241.36 -347.70 
504.74 248.02 
205.76 -103.31 
442.34 206.91 
435.31 -96.76 
-192.53 193.06 
199.12 199.35 
290.29 -218.10 
427.98 -177.51 
-304.82 189.16 
263.83 -451.44 
 3.44 55.55 
343.22 -458.95 
-34.67 444.91 
