483.29 -190.63 
560.18 165.97 
180.74 -50.75 
-496.62 -301.82 
-122.61 356.59 
-174.75 -347.08 
125.36 -4.52 
-226.90 512.51 
153.49 -554.58 
-173.45 -337.61 
384.69 -392.23 
418.50 43.11 
135.90 -437.54 
110.26 -254.52 
374.50 95.40 
218.14 389.81 
349.19 -59.75 
483.47 -259.14 
246.44 384.57 
-162.05 -313.01 
-92.93 476.18 
358.97 209.94 
-432.91 -232.78 
-359.21 334.57 
-355.73 -42.55 
-235.06 -529.82 
476.19 22.58 
-223.58 37.22 
201.99 460.75 
154.80 439.47 
169.26 24.38 
-390.50 160.24 
486.69 35.79 
11.35 521.97 
-420.35 49.68 
79.51 -178.22 
397.90 94.27 
410.58 -399.90 
-160.62 62.33 
-418.96 41.79 
-497.71 -74.84 
-552.70 -8.89 
-163.03 -352.61 
-346.73 -477.12 
-441.59 -317.55 
-275.48 -33.95 
-368.00 220.11 
-101.60 232.60 
330.08 -122.42 
254.16 62.99 
-76.45 314.61 
-426.65 311.60 
-352.77 354.66 
-66.74 -252.64 
-26.35 271.28 
-10.07 560.56 
