467.99 281.03 
227.01 -205.85 
161.56 238.02 
158.69 465.49 
209.11 -463.40 
361.75 -58.09 
-469.19 -36.07 
-545.34 -87.24 
421.63 -99.63 
411.60 -365.02 
81.51 -70.63 
176.43 319.63 
163.86 -406.38 
35.87 312.19 
-194.38 -285.73 
-94.51 -224.90 
59.42 120.09 
-258.96 -33.19 
412.85 16.62 
-588.20 35.48 
331.44 48.88 
-246.03 244.51 
127.33 -561.06 
-31.45 -28.62 
260.75 -290.16 
452.43 -141.86 
-17.93 -186.80 
263.48 149.63 
-505.10 -214.07 
53.78 377.33 
-330.53 49.65 
-126.01 462.67 
-378.48 -194.81 
-251.70 161.00 
502.94 266.37 
-285.90 10.09 
-90.75 303.99 
61.26 97.98 
-111.22 -32.27 
-115.24 -546.33 
-473.51 -139.57 
305.60 -296.89 
500.52 312.88 
115.00 246.07 
188.67 -408.58 
-103.09 -587.98 
-144.99 -3.64 
-290.26 -364.72 
-421.46 379.54 
-275.67 -380.85 
-420.65 -21.63 
-329.36 -455.00 
73.66 -155.33 
322.67 327.93 
-439.70 388.53 
193.57 297.44 
