-219.37 361.98 
384.88 45.13 
-147.75 -221.63 
-293.25 176.55 
-112.28 -23.82 
-205.27 -248.59 
-264.74 448.86 
369.46 267.68 
-302.99 29.27 
-111.06 -465.91 
-216.51 -503.94 
336.06 -143.20 
46.66 568.59 
-147.70 -479.07 
16.58 394.39 
465.09 146.85 
-291.38 179.13 
465.09 -30.52 
-125.35 -245.14 
-174.10 95.22 
-334.40 427.58 
-174.65 287.53 
-479.87 19.77 
-329.63 444.96 
-375.08 -15.25 
123.51 538.78 
183.17 152.56 
-173.27 -569.97 
-368.74 -228.85 
-134.92 -411.93 
-456.96 -189.78 
-224.80 194.41 
-24.68 -99.20 
173.95 348.06 
24.79 -348.49 
492.92 235.31 
467.19 -63.42 
-527.40 -140.08 
-409.02 -327.37 
-492.75 -250.96 
-97.68 -273.43 
321.20 435.97 
206.89 -477.79 
317.06 -189.50 
62.90 -528.54 
148.14 490.58 
118.09 -490.88 
-437.71 81.53 
-279.91 214.54 
232.66 -477.24 
-366.12 300.16 
-13.30 498.84 
-258.67 -283.45 
-409.25 28.84 
83.65 -18.47 
-91.42 -579.02 
