95.19 -413.21 
273.98 -315.96 
430.58 229.05 
479.48 141.81 
68.10 336.02 
-213.53 -293.75 
-562.85 115.21 
-128.98 311.67 
-458.35 -296.72 
-245.42 228.55 
-354.72 168.04 
350.36 -472.66 
-327.46 292.82 
-99.36 285.72 
351.06 356.31 
-156.69 33.82 
-58.53 237.72 
30.44 -167.70 
165.28 425.42 
-314.58 -420.50 
155.08 539.13 
469.36 169.05 
-126.39  5.80 
-367.19 32.35 
401.97 -22.63 
104.25 -280.50 
503.79 48.29 
-551.81 -50.00 
420.87 152.56 
-315.81 -454.79 
-42.17 -122.53 
-16.98  4.35 
-379.53 262.89 
-261.49 236.87 
-397.47 -199.83 
-88.52 97.87 
69.96 310.80 
353.69 229.34 
482.24 213.45 
384.45 153.28 
-436.33 -144.71 
273.68 -60.81 
21.59 -430.11 
-410.54 218.92 
-23.95 90.17 
197.20 -114.56 
-126.29 -7.77 
-529.99 190.69 
446.70 -397.37 
68.75 -222.94 
 2.39 493.78 
-368.11 -85.32 
268.47 20.55 
-202.70 126.17 
-92.32 444.64 
410.81 93.91 
