87.78 276.60 
-307.13 11.33 
-163.75 -238.05 
515.08 59.69 
463.80 -259.83 
-198.91 241.93 
120.81 -221.44 
232.30 -289.19 
-61.35 -192.46 
-302.94 -74.90 
-403.13 389.16 
94.80 -469.69 
-2.25 -117.26 
-500.46 -39.77 
-49.13 177.23 
-437.76 -85.44 
-70.63 -284.78 
-73.05 -41.69 
 0.83 491.37 
-102.25 168.91 
-63.65 -423.29 
-127.62 119.31 
-17.20  9.21 
-401.03 -402.10 
-295.41 -499.30 
95.75 -36.91 
-81.93 507.54 
-248.26 486.11 
-552.15 39.42 
-161.63 440.83 
247.37 -113.07 
-469.39 -11.56 
566.19 76.01 
313.31 287.46 
189.17 473.52 
-264.75 -82.83 
181.10 -4.92 
143.06 382.29 
110.65 -304.98 
-43.86 -35.54 
-33.26 -150.73 
-570.30 -63.77 
404.96 395.74 
-552.12 -86.13 
217.85 427.48 
-299.95 -459.86 
-336.51 -441.10 
537.48 -155.21 
510.36 -54.60 
404.88 96.56 
-256.79 -342.45 
500.23 -258.11 
449.64 -204.08 
520.80 196.69 
-392.58 249.02 
-502.02 -23.29 
