169.06 -281.12 
-39.29 405.57 
178.63 419.82 
453.44 193.73 
-356.96 -470.38 
15.06 240.19 
-67.45 -398.43 
-353.16 180.45 
-109.83 41.39 
293.73 439.32 
-435.64 394.65 
46.13 306.69 
-323.44 -192.57 
-169.66 -570.66 
-46.93 -131.16 
192.00 25.66 
246.13 -521.44 
116.76 -157.51 
-51.57 -486.60 
174.15 256.11 
-392.30 -76.69 
-340.13 -148.11 
286.31 166.34 
 6.32 10.13 
297.00 -88.10 
-167.24 71.71 
-32.25 330.31 
154.35 -190.72 
-169.68 -494.90 
-276.37 -528.96 
-222.65 -484.87 
-213.25 240.07 
-421.21 300.62 
-61.56 19.46 
-167.18 -560.93 
27.51 -485.14 
113.33 -89.40 
487.13 168.36 
516.05 -55.84 
-455.03 -262.63 
-105.32 -214.13 
147.58 -426.44 
-418.97 -209.30 
478.42 -186.17 
134.99 91.75 
 5.47 160.22 
286.03 -42.16 
-414.77 411.31 
452.47 49.17 
-425.64 -91.18 
-70.08 -153.73 
-63.01 499.82 
-444.61 352.01 
-111.44 -13.34 
-191.78 447.52 
584.01 -93.60 
