295.22 144.89 
118.14 -544.13 
-201.51 83.05 
-345.94 -15.98 
-267.21 448.96 
458.13 320.92 
178.11 -165.90 
283.03 -512.68 
-147.06 -288.81 
 4.79 -436.46 
326.85 212.85 
-432.59 -312.87 
525.82 -267.36 
486.89 82.39 
-478.81 -180.35 
-206.55 157.55 
-234.47 -59.83 
-479.32 30.80 
519.44 -152.80 
-391.71 -179.13 
-352.77 -23.64 
-34.32 422.80 
-454.58 344.61 
-400.61 -265.40 
92.74 -151.76 
484.03 -305.42 
-288.50 63.77 
-458.22 -378.81 
-181.99 143.79 
353.63 -195.14 
-201.13 -192.79 
303.44 -477.14 
-80.70 -17.76 
29.37 595.59 
173.44 116.39 
340.93 303.18 
-115.82 489.14 
383.91 -446.98 
134.76 -231.47 
35.93 342.85 
-214.92 42.97 
172.88 -184.80 
-43.15 -47.50 
-145.79 189.72 
-117.94 -62.19 
574.75 -45.83 
523.96 -15.44 
250.40 432.97 
140.66 -466.31 
91.92 29.02 
320.46 -369.30 
407.95 80.27 
571.28 -144.79 
-344.54 370.11 
117.47 -562.68 
178.33 -338.31 
