-474.86 -189.65 
-368.95 -414.75 
350.20 -217.21 
589.21 86.88 
-375.63 356.12 
-275.56 -25.90 
-282.91 404.59 
-492.51  9.52 
-301.47 -175.19 
-406.43 -53.42 
356.04 61.58 
291.16 -305.10 
253.67 462.32 
-491.86 48.57 
411.92 -248.31 
276.03 420.45 
-252.72 377.55 
372.51 62.25 
229.65 -73.22 
187.36 146.66 
-19.63 -321.08 
97.45 269.00 
215.71 -304.89 
-210.87 17.68 
333.88 87.51 
-198.86 -546.89 
23.01 412.79 
-31.87 385.53 
-148.44 270.25 
194.13 407.16 
-257.93 465.51 
105.54 -115.93 
339.65 78.28 
-366.28 -174.06 
-423.02 -253.59 
-112.58 302.28 
149.40 -461.40 
384.76 -374.18 
-353.59 -308.93 
-210.90 522.24 
400.45 350.31 
-426.64 56.00 
62.71 -298.50 
 8.91 560.23 
238.52 131.93 
-63.10 87.90 
-159.89 -426.44 
447.51 41.45 
257.55 243.32 
257.01 515.89 
374.36 254.49 
-321.17 -388.49 
492.30 -12.38 
361.65 -405.24 
-287.80 431.65 
43.67 -147.68 
