385.39 -272.00 
-299.42 -291.29 
459.72 230.39 
-284.94 -396.35 
90.06 261.84 
-305.82 -401.41 
 5.30 448.86 
488.62 154.24 
-348.27 254.02 
-32.34 -549.61 
416.50 304.36 
249.46 145.17 
-393.84 435.43 
-112.62 240.13 
256.03 -407.12 
-416.73 -78.97 
284.87 -69.01 
337.10 -178.26 
-186.78 309.74 
-554.34 124.90 
142.94 392.93 
-288.03 -496.25 
-531.58 77.38 
-389.96 -124.21 
-508.40 27.23 
-235.49 373.93 
575.91  7.02 
258.30 222.56 
173.67 486.86 
-203.68 273.81 
-45.08 -99.43 
522.73 80.78 
61.50 -59.08 
-24.62 369.18 
186.36 350.64 
152.33 -448.39 
-449.96 -204.40 
72.12 46.94 
-238.33 213.05 
440.39 -143.79 
-252.80 28.81 
241.74 474.26 
-87.19 -585.17 
396.14 -69.85 
-339.63 413.20 
-121.94 -478.43 
553.88 199.59 
451.57 139.11 
401.55 -32.90 
69.63 -292.22 
-159.04 -298.20 
256.42 -528.59 
144.65 10.14 
495.13 243.92 
86.08 539.14 
-118.98 401.19 
