484.53 -101.21 
-307.54 89.67 
-100.61 -505.64 
-214.74 410.26 
23.55 -116.00 
91.67 530.54 
567.94 -180.30 
-566.90 -134.70 
-78.78 312.54 
253.98 196.62 
-394.02 -25.53 
-221.77 -440.75 
-274.07 102.97 
115.61 -42.10 
191.79 558.98 
132.42 230.21 
-177.30 -484.08 
223.36 -489.15 
170.05 -218.71 
-248.34 -140.01 
-352.16 262.35 
336.15 261.86 
330.44 484.96 
-57.51 596.44 
-446.38 -199.64 
577.84 145.61 
286.36 -443.59 
-357.04 390.43 
-537.05 -243.88 
-338.87 86.02 
39.30 -196.25 
-1.87 -272.49 
344.62 -428.58 
192.54 -13.47 
-272.69 -424.92 
-65.29 -380.28 
-313.55 436.98 
-64.27 107.37 
-270.22 -424.97 
277.09 248.36 
-591.44  1.78 
502.12 -87.65 
307.29 -20.42 
-352.59 -265.98 
-21.53 -117.46 
323.45 -323.74 
-133.38 -63.97 
15.57 -64.28 
169.93 531.37 
-483.23 -205.88 
35.83 -415.82 
443.87 23.66 
-43.57 -291.74 
200.79 313.80 
-529.66 193.13 
-194.86 411.71 
