-95.19 263.77 
-158.85 -441.80 
-389.46 -210.29 
-398.83 220.15 
-43.65 -123.98 
-313.17 -489.18 
-334.34 -338.90 
-242.30 392.66 
-310.69 92.90 
-398.73 -172.87 
-206.71 370.16 
-130.49 151.63 
-0.73 166.50 
336.14 234.49 
-102.24 501.73 
-132.16 -277.84 
106.80 14.89 
-299.26 -117.72 
364.27 -409.83 
-399.58 30.67 
-255.79 -382.05 
495.56 -166.91 
-92.34 -532.70 
62.90 -75.32 
-427.57 -367.09 
-236.30 -24.57 
-23.12 26.14 
-272.59 -332.82 
-87.92 205.78 
215.29 -529.98 
-549.61 -180.42 
461.44 353.46 
-325.13 -441.43 
-134.19 -171.65 
-228.77 -4.71 
-381.30 -297.09 
-399.66 166.88 
585.61 -127.82 
-445.18 -255.55 
267.26 -136.34 
156.80 451.02 
294.31 252.79 
-427.19 36.23 
-554.04 -123.14 
206.85 78.86 
-22.36 16.28 
-394.94 -227.83 
-485.65 -12.22 
177.26 303.84 
-522.63 -57.31 
-295.12 49.65 
-18.12 259.93 
-457.77 255.68 
-103.88 -439.59 
-44.35 49.76 
351.63 -157.75 
