184.86 344.51 
-517.03 205.95 
-57.75 198.26 
-266.18 348.21 
-367.35 -363.58 
-251.41 273.73 
-31.66 -594.89 
13.11 -137.65 
49.11 383.45 
-201.07 -229.52 
-104.45 560.01 
216.24  7.25 
-133.96 411.66 
-243.83 425.73 
178.21 -507.50 
-284.44 -176.33 
-186.43 534.45 
18.06 214.41 
-356.77 -131.54 
-233.74 46.65 
-195.59 -58.64 
298.81 -368.17 
-208.61 -42.68 
224.27 204.66 
-272.61 -342.61 
-184.46 -309.33 
-52.48 236.59 
186.86 486.74 
-347.24 393.67 
223.03 499.38 
-564.42 108.99 
-34.46 569.59 
569.29 -123.19 
69.72 391.99 
511.11 -87.81 
-415.09 -169.02 
-214.37 -109.02 
311.93 -201.91 
326.11 -68.02 
-17.55 200.60 
 0.44 -330.68 
10.58 -60.12 
-24.05 -363.29 
229.15 504.46 
139.73 -518.72 
-270.44 -259.99 
-258.39 -286.40 
-226.86 91.61 
319.22 -228.37 
-147.45 294.23 
544.03 -174.59 
459.72 76.73 
110.94 -499.77 
-273.65 222.23 
242.52 366.40 
-16.07 -296.92 
