-97.50 -204.61 
56.75 265.51 
469.44 182.28 
75.48 -262.40 
540.91 -32.46 
-445.39 71.65 
381.15 455.78 
-93.48 -553.31 
-372.36 320.02 
-356.30 438.93 
172.90 -572.43 
-163.38 537.70 
-317.60 -347.21 
-295.67 64.30 
10.72 18.28 
281.45 -502.23 
-432.54 257.39 
115.87 -435.16 
169.56 -32.10 
426.20 -300.61 
132.66 83.77 
218.11 -132.81 
-404.65 -238.77 
-65.46 382.10 
326.43 415.21 
-364.54 -82.83 
277.65 -135.18 
350.70 350.90 
252.25 -33.05 
267.03 224.95 
-547.78 -116.77 
275.82 -40.33 
440.11 354.91 
15.55 -520.33 
-12.52 -16.02 
-289.59 210.96 
-349.32 450.64 
70.67 129.31 
-218.85 -402.93 
84.30 -103.25 
83.83 128.95 
110.00 -254.88 
246.94 -308.58 
-58.81 -550.05 
-336.74 -143.29 
565.75 29.89 
-65.37 -1.43 
405.29 -124.18 
309.62 15.45 
67.58 324.27 
-275.30 -150.30 
10.92 90.26 
-422.62 59.76 
55.50 343.12 
502.92 293.86 
-332.35 435.46 
