-491.12 325.22 
-287.90 -148.03 
291.29 493.08 
-255.08 -239.89 
-186.00 555.82 
-369.88 50.12 
464.54 58.86 
99.23 514.08 
512.07 275.88 
-171.48 210.59 
343.98 -196.40 
56.30 304.04 
-303.01 150.38 
-128.30 258.48 
489.15  0.74 
-504.48 -134.08 
279.33 -191.48 
-132.28 -474.58 
-69.62 -582.96 
-246.33 329.72 
157.27 334.72 
-357.17 198.31 
342.15 -6.58 
94.02 -482.85 
371.52 -85.99 
 9.06 480.30 
36.25 -342.01 
47.97 572.68 
-89.41 -589.59 
-154.14 323.50 
219.89 286.18 
-266.84 481.13 
84.14 -270.35 
-260.01 41.03 
176.54 317.10 
345.98 -468.79 
223.03 -78.55 
-23.59 -101.16 
226.56 490.83 
52.41 -348.08 
424.54 39.73 
-256.15 -1.11 
208.35 253.90 
58.70 -589.17 
-57.92 -509.56 
43.55 31.17 
-149.64 -446.77 
131.02 204.58 
-14.61 119.44 
-250.04 -446.17 
-359.27 293.48 
129.52 -158.09 
-226.58 -326.67 
-289.84 389.13 
120.53 -461.94 
153.67 227.50 
