-374.32 275.32 
-211.83 47.76 
-21.12 574.97 
-179.01 -124.32 
-261.83 -141.83 
254.30 -360.15 
-318.36 -313.82 
185.75 -336.88 
-373.14 257.05 
-358.62 232.64 
463.42 -220.11 
-467.18 178.56 
214.89 -487.79 
313.44 -161.34 
316.62 132.68 
339.90 -79.67 
-317.79 -277.08 
-226.64 -208.81 
468.90 -21.42 
308.06 -353.98 
72.96 384.69 
-46.50 -592.26 
-40.58 -582.79 
394.04 -119.55 
-403.97 -208.69 
46.81 -376.78 
269.22 -413.97 
-143.45 -94.69 
-44.41 493.94 
-459.47 -57.17 
52.05 82.79 
-52.81 -133.57 
-498.82 164.27 
34.32 -533.58 
-221.20 294.99 
518.63 -218.47 
-69.36 -504.17 
-204.48 -419.65 
356.24 -377.30 
-41.42 414.05 
-474.88 33.63 
131.45 -228.82 
260.91 -477.63 
398.91 -10.27 
374.52 -414.52 
283.54 -379.13 
-326.48 -178.38 
-375.24 -377.77 
359.93 -269.16 
-162.17 -78.22 
-204.08 362.95 
15.41 -548.47 
425.94 -129.07 
182.03 -250.85 
-108.33 -232.26 
146.27 99.19 
