-265.06 396.74 
261.52 218.97 
-122.77 556.65 
-91.25 -567.66 
-291.85 208.81 
426.63 -137.12 
-325.31 -6.96 
429.41 264.89 
503.58 246.75 
208.73 340.11 
-430.61 -312.34 
-177.98 246.20 
-107.69 576.94 
-278.50 438.05 
-48.47 -218.07 
49.68 -381.81 
262.18 -317.90 
-319.93 53.85 
63.24 142.10 
-556.32 123.08 
-514.43 85.37 
126.28 299.75 
483.84 141.20 
-345.73 275.63 
101.33 -101.73 
293.19 472.44 
-188.31 -304.90 
-179.46 -99.01 
-428.39 362.20 
-91.86 -436.62 
208.53 29.50 
-139.41 456.38 
410.33 -144.72 
439.13 22.69 
222.99 -367.74 
-218.59 157.09 
-539.48 -46.92 
123.84 -259.98 
470.05 35.48 
-262.56 -121.30 
-14.29 200.51 
-524.67 273.67 
-467.99 -344.89 
-160.57 -195.01 
-203.33 466.58 
-462.56 145.88 
181.91 -379.63 
89.07 -430.15 
-512.47 199.04 
-119.21 514.84 
30.81 293.35 
-104.00 -337.52 
-62.89  2.43 
475.51 -326.96 
-180.50 -377.66 
-402.28 -391.19 
