-570.90 131.00 
-42.43 -119.70 
365.55 -220.78 
68.31 -520.73 
-259.80 -16.38 
204.16 -329.13 
99.88 -203.53 
169.83 -180.06 
193.31 -319.00 
-112.09 301.80 
264.03 -75.97 
257.91 -117.62 
122.34 339.83 
37.33 457.16 
-0.34 337.06 
12.65 -282.90 
256.23 -472.84 
33.28 425.51 
-365.48 17.59 
 6.62 -142.27 
-233.72 -74.16 
515.15 49.75 
-11.07 -145.66 
-40.96 -383.96 
288.90 -452.96 
-397.81 205.04 
-352.70 318.74 
-529.99 18.68 
-445.58 -347.69 
-224.89 -316.52 
59.91 362.36 
131.59 -475.98 
-223.09 -230.90 
31.08 -410.59 
-285.13 388.12 
-198.77 -41.18 
-351.59 448.60 
-168.86 378.21 
94.29 490.08 
-70.89 -510.67 
389.22 279.02 
-106.28 417.30 
-8.76 -304.54 
198.99 431.05 
58.28 437.48 
212.73 -6.91 
16.33 -263.71 
-147.84 228.34 
-298.83 36.51 
 2.49 208.55 
-255.23 -538.30 
-135.35 278.88 
316.92 -109.26 
-527.75 69.39 
-65.64 -426.26 
-426.71 -102.66 
