-186.63 -340.12 
406.01 121.86 
-76.60 -343.31 
-162.41 -202.35 
249.50 147.03 
-316.41 -99.81 
78.35 417.06 
347.89 -352.79 
73.88 -28.12 
369.56 96.57 
-363.53 -435.64 
-341.42 388.33 
-465.69 25.56 
-588.31 58.24 
89.46 140.21 
374.20 -198.10 
174.99 532.13 
377.89 -145.36 
-518.13 93.48 
-45.81 533.27 
-404.00 36.02 
447.09 240.92 
49.92 528.63 
425.22 -327.43 
476.59 226.94 
339.56 264.30 
325.37 -249.34 
-424.21 51.86 
52.27 -246.42 
262.18 240.33 
-308.62 107.18 
-464.04 330.53 
219.80 414.19 
-86.60 191.49 
81.43 488.82 
-13.89 -589.90 
40.26 -465.17 
404.99 179.82 
-234.56 399.07 
-287.78 130.08 
-205.24 542.79 
-30.17 547.94 
74.52 -182.66 
-139.32 -341.08 
342.77 -416.57 
457.97 -93.81 
345.11 197.74 
-381.51 -316.67 
556.31 145.17 
220.51 -332.53 
283.76 -367.63 
197.87 19.28 
-111.00 248.08 
36.88 217.84 
285.41  2.48 
-83.47 220.01 
