-442.05 127.41 
-241.75 286.58 
531.10 -185.11 
-215.48 -106.14 
300.52 -238.25 
430.54 -253.84 
-445.38 71.32 
56.16 571.64 
-310.98 23.54 
399.83 144.59 
129.22 -308.91 
-97.80 49.24 
408.58 113.35 
-361.64 -245.70 
94.06 419.24 
456.10 -130.00 
-543.14 -237.83 
562.47 -11.30 
278.92 -60.81 
-298.72 349.16 
-513.54 -37.90 
-366.91 255.88 
435.34 245.00 
-291.71 -502.73 
74.18 -127.03 
-525.27 -136.30 
168.34 46.07 
-91.36 -24.48 
-250.19 -510.91 
-314.47 69.09 
83.83 130.93 
-222.13 -235.24 
547.26 229.88 
-243.59 -234.89 
-164.10 -271.36 
151.66 532.97 
-327.39 212.58 
203.62 405.95 
252.26 222.79 
410.64 -204.72 
52.17 291.97 
264.73 191.59 
52.34 326.49 
388.19 -430.63 
196.25 -394.97 
286.38 -49.66 
-215.97 -449.27 
-231.81 -120.04 
-464.02 231.76 
484.08 -99.84 
297.55 131.28 
-253.67 295.88 
-481.58 226.81 
465.12 -26.18 
-302.11  3.60 
-528.90 -108.43 
