-182.15 -208.37 
-212.37 -185.48 
 6.87 -239.83 
-46.93 243.63 
430.21 -326.18 
367.47 42.99 
-190.95 447.74 
446.25 62.24 
342.97 -57.10 
290.37 -8.51 
152.20 -52.54 
-122.38 463.35 
74.93 -167.60 
-280.77 -256.82 
-170.18 -250.00 
355.64 -417.70 
 2.10 -53.77 
-100.42 -366.11 
-150.81 407.52 
197.71 53.55 
351.60 -328.19 
-411.77 -24.30 
-567.54 -30.24 
212.27 -416.26 
-225.34 271.78 
-129.40 -62.67 
-96.78 526.54 
133.45 -70.56 
166.33 -444.12 
194.41 53.23 
-129.91 144.66 
-136.85 -153.61 
-31.82 343.58 
63.26 49.71 
-527.34 -210.58 
515.48 94.30 
466.09 -241.39 
52.20 -306.76 
251.34 -424.99 
-124.46 83.68 
178.34 266.80 
61.96 -494.14 
-205.55 -376.33 
-441.80 -10.24 
416.38 -108.72 
-185.59 -314.39 
-436.02 331.32 
-261.43 131.39 
-433.06 278.46 
133.83 80.79 
281.30 -201.46 
 6.41 -557.16 
114.34 446.55 
234.12 199.56 
-488.20 -147.73 
51.79 -151.08 
