-367.68 -155.05 
-328.45 -182.30 
-407.39 152.75 
200.83 -12.16 
25.69 -29.52 
467.44 -346.36 
-60.63 -593.53 
157.51 573.44 
104.41 145.63 
454.11 -41.90 
-34.68 12.04 
-377.45 188.38 
52.43 -400.45 
272.41 46.48 
267.04 526.58 
40.78 -143.94 
-133.19 -269.73 
-231.50 -14.18 
-66.37 427.28 
-476.72 -331.57 
76.02 -530.62 
216.76 -556.30 
361.12 -446.54 
-108.11 -434.93 
-304.64 -179.06 
-277.46 -102.04 
-297.50 -257.08 
-393.55 -420.57 
-216.57 -195.11 
-3.22 209.71 
-538.67 -93.33 
-53.77 246.79 
47.52 292.70 
339.82 256.09 
330.55 310.62 
-179.43 178.68 
-257.24 336.19 
-413.72 -84.06 
-88.93 514.67 
-253.50 89.63 
527.25 -28.53 
-291.36 368.09 
-67.42 416.50 
-354.21 271.59 
-229.28 -380.52 
525.15 289.90 
417.87 286.57 
-153.08 -285.31 
244.07 -403.33 
-93.28 490.32 
-113.19 -101.13 
287.69 -436.30 
-460.98 -158.77 
-344.89 -118.97 
115.10 -579.92 
57.77 -245.11 
