87.59 -59.82 
316.01 -42.24 
432.63 118.65 
73.62 -129.50 
588.91 -59.49 
236.12 234.50 
-347.62 -437.29 
395.77 -201.53 
180.56 485.10 
-446.92 -50.24 
-218.47 -92.63 
514.99 162.46 
16.29 -328.92 
-82.84 -274.82 
377.05 158.37 
-258.62 -1.22 
152.40 -63.33 
-550.75 224.35 
-423.76 -107.88 
103.61 233.94 
461.57 -179.83 
-135.95 -128.46 
-151.66 320.89 
43.32 562.63 
-360.54 412.42 
-461.55 210.29 
371.59 -103.53 
127.08 315.97 
-541.38 26.56 
247.33 449.47 
377.06 354.45 
285.61 -526.70 
-128.21 331.44 
-38.64 -314.33 
-124.76 -308.10 
-318.98 -93.02 
-250.01 -102.44 
65.27 302.12 
403.88 399.88 
-69.89 143.70 
-60.59 -360.75 
-387.26 -436.69 
-26.70 -183.15 
384.26 414.56 
101.24 255.75 
324.65 501.35 
250.10 -274.72 
391.97 -193.58 
-306.90 -137.04 
70.89 -41.96 
19.29 -84.77 
200.05 -36.24 
-318.91 296.38 
21.31 -157.04 
498.09 166.51 
-89.15 -279.08 
