-125.58 433.45 
-137.40 509.44 
-281.73 -358.38 
-465.84 318.64 
361.24 77.09 
-99.11 482.96 
-98.78 469.65 
426.25 -176.35 
152.48 512.79 
-265.82 469.80 
-178.29 -462.32 
-292.33 29.44 
-62.96 -518.60 
-341.20 -184.04 
-183.05 441.63 
-204.14 536.46 
-424.79 415.85 
-226.72 549.35 
-81.23 58.73 
-461.07 309.20 
-325.45 69.85 
315.28 295.82 
331.88 -33.58 
254.45 -230.02 
474.45 162.05 
-10.06 -93.95 
156.81 176.16 
-167.79 -509.29 
-428.72 -397.38 
82.40 -293.77 
-337.45 326.50 
25.97 -383.73 
441.66 -256.84 
-27.01 471.30 
-317.05 -229.06 
106.35 -230.74 
38.71  4.62 
-167.91 -287.09 
-73.75 358.01 
338.57 466.20 
123.74 419.03 
417.26 -89.04 
-519.78 284.49 
-363.81 36.08 
-20.41 -361.15 
270.84 458.95 
376.69 -104.50 
236.59 318.63 
84.73 194.59 
-407.27 95.35 
100.65 61.14 
150.44 -114.57 
-14.48 101.54 
175.18 214.20 
-23.78 220.46 
-443.58 348.13 
