426.64 -242.69 
275.11 -99.51 
-178.68 -373.76 
-387.08 -70.24 
-339.50 54.99 
-273.61 -207.10 
233.03 376.30 
354.29 96.17 
21.38 -56.03 
-106.82 -136.77 
-455.01 -338.43 
-528.97 -262.78 
197.66 64.04 
-290.80 -449.46 
353.40 228.09 
-140.86 -130.34 
-303.24 -31.13 
228.20 41.37 
176.75 496.16 
81.28 -338.63 
-548.96 103.00 
219.68 -378.01 
325.20 39.71 
-12.16 -465.16 
210.24 -63.89 
-407.46 -222.94 
46.83 143.90 
-179.22 -286.56 
46.02 -296.86 
342.14 -61.52 
-133.27 -250.80 
443.28 371.70 
-39.86 464.96 
-313.29 94.55 
-461.56 -147.67 
303.10 -142.27 
55.10 -61.99 
-47.14 -319.80 
211.34 -52.75 
57.26 -15.15 
190.85 429.87 
250.83 -41.63 
144.62 417.02 
268.48 465.48 
-356.66 -131.81 
146.51 -1.59 
560.33 -22.87 
323.99 294.33 
30.91 -259.01 
423.31 14.08 
-154.75 363.29 
20.79 499.43 
567.99 -52.02 
11.12 166.26 
-133.96 33.79 
417.45 -298.91 
