-520.95 -3.84 
-423.26 -211.97 
422.87 -314.24 
-97.88 -488.54 
165.53 31.59 
-351.54 154.45 
241.41 -401.44 
115.55 -180.88 
386.30 230.16 
116.00 -560.81 
95.03 -258.54 
-342.74 -443.10 
193.42 500.45 
273.35 350.37 
528.65 70.94 
-415.34 186.14 
-365.34 -457.32 
245.39 -244.12 
472.11 -262.36 
367.32 82.36 
-170.14 -266.59 
-188.96 -230.71 
 9.94 244.62 
-545.86 130.32 
160.69 -201.16 
225.10 -36.20 
-94.79 278.18 
-143.45 417.70 
383.13 407.03 
249.82 271.23 
 2.28 486.87 
103.55 -185.70 
-229.91 -57.53 
538.46 -164.41 
-25.35 -197.81 
-216.91 534.02 
-155.98 449.93 
560.97 -125.10 
-13.16 -140.27 
-281.70 94.34 
-472.76 63.73 
-257.35 121.62 
491.08 33.44 
-382.61 88.41 
-269.70 127.25 
-481.84 -200.64 
363.29 -438.46 
30.71 -364.53 
-241.15 -497.87 
-325.11 -408.69 
-213.40 -525.20 
-82.40 -141.96 
47.76 335.52 
51.58 367.07 
351.64 385.39 
117.82 192.41 
