-383.68 -429.11 
-476.68 -92.79 
-45.11 -52.41 
-108.24 -57.90 
390.66 -376.11 
169.93 -204.21 
469.40 -229.58 
-227.45 163.49 
105.35 -509.05 
-100.98 -112.45 
-251.88 129.96 
302.10 -410.27 
-478.78 -100.29 
125.80 513.72 
417.32 239.72 
-377.34 -232.09 
557.46 194.04 
545.77 148.74 
-156.50 220.36 
-362.22 209.66 
-306.70 -318.38 
44.01 404.82 
-379.95 116.68 
109.73 -552.82 
-282.72 440.37 
-132.40 -426.84 
-52.67 41.16 
-438.24 -12.36 
-415.42 203.12 
409.33 421.21 
-460.57 189.63 
-18.03 -531.28 
260.89 290.79 
-454.63 318.97 
-554.09 80.90 
-183.54 -215.56 
227.55 420.40 
244.93 -429.76 
336.14 276.31 
-489.02 -331.94 
-314.66 335.87 
83.19 -541.34 
46.72 -553.43 
-21.52 -119.65 
-122.28 -108.37 
421.71 -130.41 
-85.54 -438.72 
-244.64 446.56 
-269.93 -474.09 
231.68 361.39 
-417.55 422.88 
400.07 23.25 
261.07 -77.92 
-442.36 -195.42 
-175.82 -106.87 
30.04 236.50 
