358.19 -169.04 
71.24 -50.34 
-477.72 -342.81 
242.84 -516.93 
-172.73 400.70 
165.45 440.35 
-298.08 -211.81 
335.16 -303.80 
100.36 10.00 
-272.97 332.60 
115.56  1.72 
411.50 18.15 
-118.69 -353.10 
15.59 295.24 
275.76 449.43 
157.77 529.73 
178.84  4.03 
370.87 111.94 
-363.85 306.58 
-233.81 -236.80 
416.97 -307.23 
-264.37 -268.99 
64.35 357.56 
-200.94 -314.04 
-346.29 -42.99 
-452.27 -195.79 
314.81 -148.75 
268.38 -271.67 
-238.34 356.23 
37.04 11.09 
161.45 -327.62 
-330.30 -106.92 
262.13 76.78 
486.05 -97.21 
-521.77 65.81 
567.01 -7.50 
296.40 -323.03 
-10.92 64.62 
-590.46 67.24 
-366.59 282.95 
160.60 -179.72 
363.85 -47.62 
-6.93 -169.52 
-356.25 473.23 
129.10 -174.85 
245.26 -512.81 
452.93 114.48 
452.81 -206.23 
-300.53 231.54 
229.76 120.33 
232.58 -517.99 
-262.76 441.65 
-79.78 -584.45 
-156.79 63.52 
318.63 -261.01 
419.08 -46.78 
