-486.11 -32.49 
-51.79 -111.50 
447.37  4.67 
-60.55 -208.20 
-495.58 -224.11 
-191.56 -182.20 
-138.82 -541.08 
-195.54 -565.74 
251.76 -3.91 
20.72 -373.21 
-555.90 -51.72 
140.28 55.13 
349.53 68.94 
424.55 347.91 
-467.41 351.37 
52.96 588.44 
149.17 -120.58 
58.72 -165.00 
488.64 -258.64 
480.27 -78.53 
332.68 122.54 
-459.65 29.46 
227.19 215.75 
22.22 48.80 
-572.52 -121.77 
-540.73 223.83 
-374.64 358.36 
143.96 -556.66 
-429.94 -31.22 
177.36 -261.07 
-460.16 233.07 
85.66 -113.47 
45.67 191.10 
-111.37 460.26 
487.10 53.00 
-492.91 -340.66 
-82.69 254.16 
16.64 -55.98 
-464.45 315.72 
-381.25 -452.65 
-207.60 -459.70 
-581.40 -79.96 
105.13 240.48 
474.34 338.26 
377.65 145.35 
-88.89 18.19 
-155.08 -147.38 
103.47 -257.21 
548.54 157.82 
 9.69 332.67 
344.79 94.39 
-228.98 250.29 
49.62 424.70 
-179.46 329.95 
-341.35 265.91 
100.01 360.35 
