80.20 -280.93 
332.62 276.39 
-37.02 468.32 
211.61 560.11 
-480.29 -28.53 
488.54 -85.87 
274.61 -104.25 
450.92 -16.28 
-473.80 34.34 
-473.30 -289.39 
-62.17 42.49 
206.56 425.59 
554.79 -0.05 
170.85 407.61 
103.85 420.05 
111.25 -44.36 
570.13 -171.98 
-180.91 290.78 
456.29 -356.25 
-379.27 309.09 
190.92 244.19 
367.04 -51.22 
-254.09 -364.22 
-191.34 445.75 
-157.00 451.02 
-206.52 503.38 
373.80 232.56 
-247.39 426.13 
52.63 -206.85 
-496.06 -216.26 
-384.40 -182.09 
73.47 490.77 
-101.58 591.00 
565.13 134.95 
-268.54 519.54 
-354.05 -232.59 
-49.02 346.03 
-487.68 205.27 
186.23 -259.22 
-455.43 -329.55 
171.04 -415.95 
250.87 -54.14 
-65.96 -362.95 
348.17 50.15 
197.13 422.91 
187.64 184.11 
-333.98 137.59 
-118.09 383.60 
255.39 -10.39 
-64.36 -153.27 
-247.39 427.18 
176.29 -473.36 
-577.11 35.48 
255.38 -327.81 
24.08 79.61 
431.30 391.39 
