396.67 -207.32 
-350.35 259.45 
590.27  2.16 
63.43 -439.21 
340.62 -311.25 
-274.99 -456.58 
433.71 330.16 
-162.19 442.09 
-530.51 -210.61 
293.37 278.89 
-271.11 447.16 
128.56 -551.70 
-41.49 -563.11 
441.45 -365.18 
275.47 -434.21 
60.88 -117.37 
-204.91 -418.62 
-581.23 117.71 
26.06 293.05 
-541.26 -243.30 
490.39 126.17 
-192.40 -360.10 
122.58 -555.24 
-339.74 -2.54 
-433.29 218.28 
200.50 16.73 
354.11 -300.82 
74.30 -570.60 
-38.57 42.36 
-557.28 65.75 
-515.71 -122.60 
-270.45 -506.41 
239.14 254.67 
198.31 564.41 
169.18 -548.66 
-440.84 -235.89 
204.86 295.99 
465.21 -315.21 
487.46 -250.80 
386.58  1.04 
-534.45 33.31 
66.46 -264.96 
172.01 558.55 
344.53 14.02 
470.74 224.85 
-301.45 -93.99 
469.23 365.66 
-100.27 -462.00 
333.87 486.83 
 3.86 42.80 
221.88 -249.25 
496.61 316.70 
137.94 -494.77 
170.20 -436.18 
390.35 132.47 
-38.34 -443.23 
