79.99 435.85 
469.09 355.94 
25.25 318.81 
-114.80 -194.99 
83.30 -223.49 
-208.74 -434.09 
438.45 102.31 
-459.98 -69.10 
93.34 -541.25 
-522.82 -224.60 
-121.51 -379.24 
-357.88 56.75 
224.30 96.19 
284.87 57.46 
301.93 364.21 
293.47 -204.65 
121.90 -550.08 
-409.64 65.16 
-524.61 -32.31 
-449.87 177.52 
89.95 -8.94 
-425.79 -368.61 
-61.14 -71.33 
476.15 275.44 
40.40 137.64 
-32.25 289.35 
413.17 401.57 
-427.12 -170.24 
206.23 -54.00 
254.48 -121.78 
404.15 -89.75 
286.25 -180.59 
-123.03 -579.55 
285.67 -415.31 
523.52 175.43 
 7.82 -447.52 
-488.83 53.55 
150.30 -234.27 
-230.14 297.65 
143.61 530.17 
-448.71 -231.16 
-285.15 -152.83 
159.93 377.63 
466.15 -176.54 
-165.72 -422.44 
-586.34 -14.04 
-293.82 445.75 
-164.05 450.63 
204.22 -316.61 
22.64 41.42 
-525.22 16.97 
500.17 84.57 
-96.86 510.51 
164.46 314.32 
-240.59 -373.43 
-365.14 141.43 
