14.63 187.18 
-222.04 -538.17 
-190.76 283.79 
-317.96 326.78 
461.59 -124.10 
-441.08 -110.02 
-229.82 542.10 
50.49 44.93 
-312.09 393.27 
421.87 83.21 
414.47 -433.17 
-457.68 -77.46 
-19.75 209.01 
21.35 74.23 
311.28 -79.70 
-91.67 477.05 
-433.27 240.17 
-267.81 510.66 
-0.19 -33.88 
-300.41 492.00 
235.19 -10.27 
241.95 -142.57 
293.10  1.80 
343.22 -173.79 
-575.67 -27.88 
-287.46 -497.41 
41.44 85.52 
-262.58 -144.19 
54.25 296.70 
-417.25 49.47 
317.83 355.48 
95.86 414.80 
-471.18 -270.25 
-187.47 411.36 
-50.71 -410.83 
-152.92 -361.26 
272.90 -370.96 
163.05 109.32 
54.16 418.65 
108.07 -176.82 
-469.13 101.56 
-302.07 433.57 
98.94 -323.50 
-129.84 34.39 
-13.96 90.67 
379.46 -353.32 
172.43 -34.60 
192.83 345.80 
104.92 283.37 
364.13 310.64 
-263.35 158.34 
-305.23 -486.60 
-376.36 216.35 
-282.19 455.29 
190.18 -251.48 
-110.75 418.78 
