136.63 -76.48 
-433.87 92.99 
-163.78 80.13 
278.59 146.57 
28.23 261.73 
96.94 321.94 
279.06 480.76 
154.51 -563.24 
199.84 357.36 
-126.90 -518.40 
-57.05 -238.05 
290.33 -191.10 
 1.12 98.19 
-214.47 142.25 
-437.59 163.85 
51.76 -61.21 
506.36 307.80 
-25.59 264.68 
-213.05 163.33 
-327.91 83.02 
-477.94 352.79 
553.14 -147.45 
-501.62 -126.81 
-111.64 435.23 
380.85 -190.09 
-187.81 20.83 
127.56 404.07 
232.65 488.39 
258.98 326.56 
-20.21 583.61 
-17.79 545.87 
-486.38 243.30 
487.26 238.85 
277.71 391.87 
312.49 464.10 
367.50 11.58 
393.24 163.37 
-497.69 202.36 
-476.32 271.19 
-531.63 82.50 
349.77 -384.34 
247.89 148.43 
-81.53 -88.90 
207.49 -506.68 
403.94 -418.98 
-508.31 280.18 
-230.51 -196.17 
296.15 -313.52 
189.70 -489.81 
-488.39 -287.65 
42.60 -401.28 
-89.76 -400.26 
130.97 -345.94 
97.21 -431.47 
-108.53 444.68 
-182.97 -19.80 
