-366.73 217.86 
369.31 291.95 
209.65 482.76 
413.23 210.04 
-459.38 233.93 
363.58 -40.90 
-6.90 -360.82 
310.77 124.23 
-530.83 162.46 
-121.28 135.46 
-212.48 454.30 
-140.65 469.24 
-374.55 -41.59 
-108.43 556.02 
35.01 69.16 
-475.13 207.34 
-138.99 -290.89 
-121.04 539.03 
39.16 169.48 
-236.33 -511.99 
-26.43 -160.12 
-446.07 -115.79 
-26.87 -269.92 
498.55 190.29 
-21.37 -231.02 
-32.43 506.60 
-218.52 73.21 
42.45 262.34 
-183.85 -210.26 
39.06 -299.76 
-487.37 -263.15 
276.34 -510.22 
-122.08 386.72 
449.21 -343.61 
-217.70 200.60 
376.51 -462.44 
-200.90 406.30 
189.15 -157.53 
55.73 -20.42 
371.14 -105.91 
281.01 115.92 
-270.41 -276.00 
-407.35 -282.38 
238.85 426.63 
285.65  6.34 
-91.24 436.01 
108.76 -546.07 
223.62 183.62 
300.24 192.50 
110.85 439.53 
-82.00 -573.03 
205.61 -24.23 
104.48 60.98 
42.64 555.20 
24.25 -198.52 
-152.68 48.35 
