449.57 -140.84 
153.56 -11.91 
 3.20 -427.73 
205.42 -203.55 
-259.36 -319.14 
-176.57 42.14 
28.36 259.75 
-65.96 285.01 
18.43 -326.03 
339.61 68.60 
133.43 159.45 
13.16 -23.54 
139.95 -339.35 
411.07 -47.76 
-290.38 -83.59 
108.08 -373.48 
420.36 360.32 
543.83 -211.84 
243.24 -56.20 
408.11 301.44 
524.64 12.69 
123.31 -131.45 
387.28 -115.47 
-385.04 -24.82 
-241.33 -199.20 
-47.12 421.05 
89.53 501.10 
-145.23 274.87 
-375.53 119.93 
539.90 231.59 
-208.09 364.50 
202.96 -294.15 
37.77 -370.26 
294.38 521.84 
-293.35 -239.79 
 7.36 137.02 
242.71 -198.14 
276.30 312.57 
-244.76 514.73 
148.69 164.52 
-507.90 -93.36 
277.46 -132.38 
 1.13 -120.81 
-486.78 -116.30 
-34.31 363.09 
 4.37 320.57 
13.67 364.52 
-163.42 80.69 
292.23 479.81 
-187.23 198.86 
179.68 -448.28 
-370.01 -333.01 
98.13 -383.69 
574.56 28.97 
-305.51 200.60 
156.21 418.34 
