-228.64 332.07 
-318.55 375.52 
-91.25 -149.82 
-3.81 -154.15 
-135.54 -500.07 
169.56 224.38 
168.22 -440.06 
-452.65 105.80 
-178.68 194.15 
22.55 33.98 
-463.28 -377.40 
196.95 -93.20 
-215.07 198.18 
214.44 -64.00 
462.18 22.63 
476.64 312.51 
-389.69 196.06 
453.98 132.96 
-101.30 74.46 
 5.61 -520.05 
-487.72 65.38 
-490.38 -273.75 
35.07 158.56 
-102.17 -579.65 
312.64 448.27 
-257.69 -178.26 
82.89 -356.19 
65.22 -16.04 
-125.21 506.12 
-351.86 -42.22 
198.02 -470.55 
330.81 375.58 
290.55 -227.12 
318.39 490.95 
-105.35 311.94 
-397.33 -231.52 
418.84 90.17 
58.64 -45.05 
-115.84 379.40 
168.02 294.41 
-12.18 -529.94 
-74.18 260.33 
-55.28 514.09 
450.59 -158.98 
-300.36 -222.52 
119.49 -169.09 
-560.00 93.05 
225.08 444.38 
518.70 -79.76 
285.63 177.27 
246.58 530.62 
-398.60 -218.96 
-307.68 -417.67 
57.30 -537.49 
422.20 98.67 
-303.63 307.20 
