-142.54 26.33 
-370.11 -37.91 
460.82 -327.85 
23.77 -122.90 
298.67 460.83 
-347.89 247.50 
-10.62 182.81 
63.08 -329.53 
-395.53 238.68 
229.01 489.43 
133.57 477.31 
-132.83 384.96 
294.50 -122.06 
-376.49 214.50 
235.91 -369.04 
-171.39 286.40 
-400.49 220.52 
226.01 19.34 
508.58 -12.71 
-40.38 512.31 
300.75 478.10 
105.48 -572.10 
-550.93 -164.51 
-232.18 299.10 
-346.97 -20.29 
-336.74 -202.27 
-187.23 175.43 
-493.86 -44.22 
117.43 562.40 
-74.53 172.93 
470.83 -330.23 
77.55 517.10 
-88.83 303.16 
-68.44 164.98 
-311.64 231.40 
89.27 312.35 
-332.02 60.05 
-90.95 -55.30 
420.18 328.85 
-184.94 -480.18 
130.80 -202.57 
-504.48 169.15 
-262.90 396.68 
332.14 -365.55 
161.63 -443.14 
143.47 -283.46 
-302.78 -61.85 
-202.52 207.05 
383.26 -316.41 
243.30 -60.72 
-566.38 146.49 
-412.23 400.79 
-286.54 -69.30 
-51.18 -452.83 
-378.28 -384.66 
 5.41 11.00 
