-231.06 -184.58 
-532.53 -257.80 
-130.86 -359.51 
-280.70 435.93 
272.19 -167.41 
-33.31 547.51 
-63.46 200.38 
-284.58 220.44 
-228.74 -461.35 
-17.77 -267.26 
-13.93 -536.46 
-180.95 -175.47 
-70.04 -514.67 
-194.18 -543.81 
-235.80 403.85 
331.52 -415.81 
260.75 -454.19 
104.79 488.81 
565.09 116.06 
158.82 413.49 
-178.52 405.94 
430.44 109.24 
302.33 13.02 
-277.84 474.51 
-522.09 -65.70 
438.48 219.50 
-472.67 94.76 
536.23 142.25 
-359.31 146.98 
-258.65 -480.34 
457.62 -215.58 
94.01 -140.26 
-399.80 422.74 
-316.56 -280.61 
-540.45 103.07 
76.93 -297.37 
368.02 -134.73 
-47.93 167.72 
412.13 289.54 
-103.28 58.48 
-277.99 418.54 
295.90 55.04 
169.51 -445.28 
-250.28 -527.38 
403.40 263.94 
530.56 86.22 
-529.03 257.97 
121.60 28.26 
47.25 465.31 
161.23 -94.56 
317.55 -502.99 
-520.36 196.05 
 0.75 293.81 
-263.03 311.82 
-177.58 -385.93 
-519.54 222.14 
