166.63 55.06 
-40.64 -447.64 
29.48 -439.98 
-334.08 71.21 
119.93 192.23 
250.49 -453.03 
451.54 -346.25 
-257.16 78.44 
106.16 401.92 
499.44 100.94 
157.13 -515.59 
-78.87 79.39 
518.01 55.69 
-108.94 -474.54 
-478.59 -200.03 
89.75 -189.42 
-329.66 215.52 
-217.49 -420.09 
-113.83 -471.20 
-38.60 472.35 
266.83 -128.76 
-37.75 183.63 
250.64 -454.86 
592.32 95.01 
497.79 223.21 
-292.84 101.35 
-503.76 199.24 
403.04 318.94 
120.02 -344.66 
-366.62 471.31 
-139.53 -375.23 
-144.73 -83.15 
246.99 -412.18 
-579.84 135.59 
379.55 -69.32 
29.34 -82.54 
-137.68 242.43 
-65.86 -222.82 
512.60 -23.55 
224.53 170.82 
-294.03 -80.89 
-313.01 297.92 
-416.56 -57.02 
12.72 180.99 
355.83 355.27 
-152.74 -514.99 
-20.28 179.28 
-124.76 518.34 
-245.40 -29.73 
-592.73 68.58 
516.42 263.17 
83.92 321.04 
71.79 406.77 
380.19 -458.16 
265.26 -18.68 
109.50 -353.68 
