438.78 288.80 
-2.19 66.55 
-295.15 -142.20 
338.06 -448.15 
-139.61 -17.50 
-70.57 -119.53 
355.90 110.31 
253.24 -367.79 
-40.75 -169.48 
85.82 -127.55 
355.52 163.29 
67.56 -514.03 
-441.29 397.35 
-438.32 -34.64 
256.12 447.36 
399.59 81.50 
-422.57 109.53 
407.98 -104.44 
-92.25 -322.58 
-185.65 -410.23 
556.97 -218.30 
-246.55 -11.08 
26.07 346.83 
377.21 163.47 
-306.77 397.04 
-184.46 -524.70 
-181.70 -107.27 
308.53 257.56 
-52.98 33.20 
442.88 -189.74 
515.38 -135.31 
25.38 -590.66 
489.12 -207.79 
112.46 -270.29 
421.17 -28.63 
-175.25 45.31 
-194.88 -529.31 
138.58 -462.64 
476.33 -54.52 
-35.59 342.55 
242.98 500.61 
-543.69 -159.80 
-65.23 532.46 
-73.10 42.36 
369.35 -59.99 
-395.49 -116.85 
537.40 -53.03 
429.80 -168.32 
94.69 -436.73 
-133.53 531.08 
417.67 327.09 
71.56 517.72 
-131.81 -437.64 
-83.32 -424.08 
287.12 271.83 
164.93 29.31 
