 0.23 -372.04 
69.37 -380.49 
-315.09 393.79 
-321.66 492.85 
-437.04 378.80 
119.16 -372.40 
441.43 263.44 
-165.68 -110.19 
158.37 123.95 
-188.69 -249.05 
-224.24 113.83 
-336.95 -390.42 
-24.67 495.92 
131.76 -212.45 
331.65 -129.63 
-328.85 90.19 
42.69 138.28 
255.51 -60.64 
-419.67 -269.22 
160.34 -323.96 
-455.16 -245.91 
398.83 309.67 
-226.17 345.61 
-306.10 -13.61 
116.24 -483.40 
-35.00 18.38 
-408.22 60.10 
-446.24 107.06 
546.21 74.64 
-220.29 304.79 
-176.79 -409.18 
287.88 506.30 
-182.91 -519.52 
-423.23 372.43 
-531.55 -144.11 
159.04 -194.85 
-113.74 -103.51 
524.43 -167.20 
-440.07 123.83 
136.12 -142.53 
-5.68 -68.50 
-64.10 469.34 
-101.63 -246.61 
152.18 -417.04 
152.85 -274.89 
19.35 -477.13 
-516.05 -92.25 
-32.39 -528.35 
564.74 -167.23 
305.01 -440.42 
30.45 363.88 
81.46 288.76 
584.46 28.78 
167.04 -544.70 
205.16 -397.74 
303.36 394.50 
