173.95 -377.35 
-228.20 233.19 
227.48 327.27 
-242.07 -159.31 
-259.70 46.82 
457.10 -205.99 
-27.26 -303.89 
78.48 -147.82 
124.13 -581.02 
371.06 350.00 
-109.09 265.50 
-225.92 194.12 
90.42 129.02 
-336.43 -124.64 
10.52 -9.32 
166.02 -225.35 
267.59 215.12 
268.24 82.65 
466.02 -147.30 
-219.38 481.76 
563.43 28.18 
-117.90 169.92 
31.80 361.95 
468.58 -336.15 
202.58 -380.41 
-177.71 68.43 
497.57 -36.33 
-410.60 -136.05 
-161.45 172.47 
211.37 -320.55 
527.20 -191.77 
-520.45 265.60 
-6.42 -355.78 
188.23 -310.75 
-397.04 -113.52 
-402.18 -44.63 
-122.72 12.42 
214.56 420.07 
-454.41  3.91 
61.62 -380.85 
366.24 179.41 
251.88 443.97 
-62.17 195.98 
-246.90 151.52 
-224.17 383.98 
-259.02 -365.94 
37.54 -408.37 
-127.99 -163.41 
-443.56 221.21 
123.45 -401.60 
94.83 521.60 
-356.19 -149.95 
100.47 -156.97 
75.10 534.72 
-270.97 187.37 
-350.46 374.08 
