-395.79 -263.38 
-141.62 554.59 
-231.47 -437.25 
481.71 344.63 
468.67 -133.36 
372.90 141.02 
-97.22 521.97 
-152.14 -548.84 
300.74 -110.63 
143.32 390.11 
535.41 153.18 
-224.54 -491.05 
-463.33 -325.21 
32.38 -63.33 
-80.05 -574.20 
-533.62 14.50 
526.74 -262.99 
-165.40 -540.29 
-444.27 -14.56 
-155.42 -108.29 
31.16 330.98 
-336.42 187.89 
359.28 241.74 
242.80 420.22 
-425.62 -42.08 
-289.56 95.76 
120.52 -291.88 
-421.16 419.45 
519.72  8.96 
39.39 538.45 
-401.83 279.74 
353.97 274.11 
-453.74 44.89 
487.23 163.92 
448.85 -56.45 
-69.95 -55.52 
-484.00 116.38 
207.16 -552.58 
211.98 -104.33 
272.45 117.01 
16.27 -363.00 
-423.39 -349.53 
173.29 133.29 
-487.68 -90.37 
-287.37 -381.34 
120.57 426.10 
175.71 516.56 
40.72 115.77 
318.07 396.04 
452.83 233.64 
-368.77 -150.27 
-487.27 19.69 
-575.74 75.76 
-235.62 214.13 
-270.63 216.86 
452.60 -150.63 
