135.03 -461.60 
46.66 -265.88 
294.12 -30.98 
-180.13 242.74 
-97.51 -156.92 
163.60 40.64 
-78.21 -447.41 
426.49 386.09 
-394.76 -276.63 
-267.12 -87.36 
525.36 -252.02 
-352.80 291.03 
30.91 -136.30 
200.16 239.73 
-426.31 -57.58 
389.24 -276.34 
137.81 -428.25 
-397.45 136.07 
-166.44 366.32 
309.85 57.10 
61.14 -304.90 
58.89 -161.69 
338.82 69.74 
501.74 -296.83 
-218.16 322.28 
-338.02 77.27 
148.79 117.29 
391.23 -435.12 
76.44 -263.34 
250.24 -177.67 
-110.07 -541.02 
-542.85 -3.19 
20.60 -240.19 
-534.45 266.36 
135.35 -320.91 
-237.71 -193.57 
293.20 -421.84 
121.65 -442.88 
-451.54 -4.89 
94.79 310.60 
-141.00 212.11 
425.19 136.68 
-152.26 -239.52 
-70.68 -386.07 
-127.78 -312.68 
-275.59 432.86 
315.53 202.92 
239.37 -317.05 
-143.03 -261.15 
368.16 -382.01 
303.28 161.21 
463.67 -130.51 
476.87 99.24 
12.84 -83.20 
-219.17 -445.16 
-261.81 -62.16 
