344.29 465.62 
-24.28 278.28 
-57.33 -413.29 
329.08  3.47 
184.18 -150.86 
-240.96 -453.22 
178.41  4.30 
-79.98 63.55 
292.65 -508.27 
-520.89 -219.49 
10.83 89.50 
213.58 416.33 
132.70 268.22 
-193.60 469.69 
573.47 25.28 
-113.96 114.67 
-248.45 -274.66 
352.10 407.41 
-215.73 -280.91 
-253.36 507.95 
35.19 -528.55 
-253.95 -530.67 
-505.68 32.65 
-527.57 -40.03 
-151.76 -99.58 
-26.59 597.69 
350.48 333.92 
-400.43 -98.40 
237.29 290.34 
-338.86 -7.11 
148.76 -359.91 
-138.14 -128.56 
320.87 -304.30 
-356.26 -301.86 
115.30 46.06 
-399.52 -418.65 
86.23 -335.27 
223.18 -138.45 
-422.78 -136.00 
133.51 150.65 
348.92 184.57 
412.68 -40.56 
-198.93 176.99 
-264.84 185.63 
363.62 404.78 
89.50 26.97 
555.56 -223.03 
240.29 -400.19 
317.83 -406.98 
175.10 -416.99 
179.43 310.79 
46.02 -100.22 
437.22 -293.79 
-454.96 -192.00 
-81.21 -294.88 
-400.36 184.19 
