26.36 107.48 
-277.61 92.90 
-490.69 -317.71 
-118.28 -254.15 
420.83 210.87 
512.80 -190.58 
364.50 381.53 
116.32 373.17 
167.35 483.15 
395.29 -315.19 
-401.48 98.28 
-411.85 -412.52 
-62.61 -220.52 
-47.80 -153.04 
-413.71 266.94 
446.86 188.80 
245.57 107.63 
-455.28 -96.08 
255.84 54.09 
-122.51 279.31 
-136.32 130.31 
-145.14 35.37 
-83.20 -87.20 
-121.60 501.62 
-224.85 413.88 
-479.28 85.44 
-153.77 258.61 
-349.73 -126.67 
290.68 271.62 
34.73 -484.00 
-456.05 60.24 
-92.11 456.36 
 9.62 127.41 
-129.35 237.33 
64.37 527.49 
69.81 300.13 
-329.25 222.25 
-204.09 519.89 
-165.05 -330.57 
516.54 -96.21 
-447.21 -127.43 
527.43 68.23 
405.75 -318.28 
-260.41 363.02 
459.38 382.65 
174.85 566.30 
249.37 267.13 
206.41 -257.99 
-379.35 -445.87 
-422.71 279.14 
-100.73 -181.05 
120.37 407.24 
167.77 -300.49 
414.85 31.91 
-343.96 25.01 
457.48 -132.95 
