-228.49 311.51 
159.05 -369.06 
-107.90 339.07 
391.45 123.54 
64.70 419.94 
-378.32 -328.33 
-76.30 447.07 
-73.91 10.75 
-227.43 423.65 
266.60 -282.97 
-174.74 -423.70 
-547.88 -150.59 
64.61 -330.33 
-12.26 280.97 
-70.78 -557.08 
64.80 542.89 
-338.03 321.13 
469.47 221.36 
414.70 -134.60 
66.21 -71.24 
-529.90 -20.01 
-428.61 49.73 
366.85 356.22 
-138.68 407.83 
-104.33 -0.47 
45.31 125.44 
345.70 169.19 
-27.44 203.50 
241.59 -424.97 
543.50 -89.69 
-227.03 -49.52 
73.45 299.42 
430.22 -239.18 
199.98 18.88 
-338.23 -426.73 
143.56 353.08 
545.05 -216.92 
-369.32 -379.19 
167.94 234.86 
95.67 246.32 
-152.85 24.04 
171.15 462.84 
258.13 -68.80 
-277.72 -4.28 
-269.69 475.30 
294.08 -273.24 
294.59 119.27 
-252.82 287.09 
-367.55 322.52 
162.00 68.44 
-490.68 -5.44 
-322.48 -494.79 
132.46 -572.81 
431.26 -181.34 
-322.33 175.93 
212.15 -534.86 
