231.16 -237.53 
-269.64 -343.47 
-37.38 -68.72 
-396.90 436.59 
248.23 -220.12 
197.14 -164.87 
179.79 -75.00 
-358.26 -417.45 
444.62 -301.04 
460.73 150.78 
57.49 145.04 
-145.67 -155.53 
338.80 273.97 
349.02 228.12 
230.54 63.61 
560.29 51.67 
328.18 -16.79 
-199.74 -47.96 
551.14 201.44 
-302.62 -255.90 
351.08 -110.19 
394.86 -195.76 
-491.68 229.04 
174.66 -432.73 
304.61 -312.71 
452.99 -19.58 
-100.86 -424.17 
333.62 -1.80 
212.71 134.49 
319.42 48.76 
-247.61 -162.81 
105.57 560.05 
-358.30 -120.89 
-316.35 309.02 
-267.74 196.81 
136.05 -542.28 
-259.84 -75.00 
-60.64 -54.69 
-86.92 79.02 
196.13 95.47 
196.02 -527.34 
 7.26 551.74 
-136.98 134.69 
271.08 420.36 
-392.49 346.26 
-266.02 -6.13 
399.44 -175.38 
-344.90 -417.44 
281.24 148.05 
275.01 480.33 
-582.55 -132.37 
94.86 390.94 
144.86 -453.00 
205.52 -170.68 
381.07 -114.71 
-119.05 230.20 
