392.34 -33.66 
 9.72 195.08 
553.56 22.42 
181.31 -559.66 
399.13 -390.10 
227.55 -528.33 
-36.01 -542.97 
366.56 186.44 
-283.83 -89.27 
391.17 100.96 
339.58 -201.04 
-202.40 -228.61 
-232.05 112.08 
465.26 338.77 
56.34 -315.04 
 5.65 233.54 
-146.55 -496.21 
508.88 298.18 
282.73  5.77 
-90.86 366.94 
348.90 -394.52 
551.46 153.47 
333.70 267.01 
-272.07 -21.30 
33.44 -396.10 
-9.86 217.65 
-344.07 360.43 
-111.04 274.14 
-340.51 -90.09 
63.09 165.22 
-194.59 238.30 
-45.43 -310.67 
-64.92 595.48 
447.53 357.60 
-341.77 -368.91 
421.61 -285.67 
-93.96 -94.80 
44.19 -173.34 
-17.97 -593.00 
58.40 328.83 
-206.39 -1.19 
-162.27 159.40 
142.01 165.41 
131.41 -426.89 
143.06 -409.71 
-34.84 -547.50 
95.32 -14.08 
-231.67 -213.01 
-390.97 369.27 
-443.65 314.16 
-459.21 -299.25 
564.28 -51.42 
-204.98 288.77 
-279.32 99.28 
-355.29 -129.11 
-498.25 -24.51 
