517.24  3.27 
166.11 -255.16 
-187.71 404.63 
-405.11 388.39 
-164.18 -479.37 
474.61 -354.94 
82.12 -101.28 
211.33 -395.75 
-507.26 -81.98 
44.66 540.43 
481.05 -339.98 
158.68 138.62 
-471.32 -365.99 
-8.59 -588.56 
31.48 172.32 
286.01 -511.46 
-153.71 -67.56 
-11.56 -368.38 
 8.56 311.14 
-280.65 -435.50 
-220.65 -240.02 
-409.00 -409.14 
17.52 83.65 
-585.82 -51.75 
309.29 -147.69 
-387.58 374.06 
-76.25 -155.86 
-39.16  5.21 
-438.69 -387.30 
-260.27 -520.09 
-253.35 -284.06 
455.46 -58.66 
477.13 -276.41 
28.12 -490.92 
 8.25 320.67 
123.95 262.54 
-72.27 -141.35 
173.22 -317.67 
-153.82 150.68 
367.53 148.73 
-360.52 18.67 
103.16 231.97 
268.09 -344.25 
199.95 304.86 
485.95 218.29 
134.44 -503.45 
56.59 -219.50 
-423.67 260.55 
254.62 -504.50 
-564.42 -181.97 
38.86 -210.53 
246.51 252.27 
-484.88 280.89 
401.47 -226.41 
-272.60 329.55 
-565.32 103.19 
