-103.34 568.17 
-417.11 100.10 
-118.60 -279.14 
225.41 -498.55 
-156.32 60.12 
-146.56 -501.24 
-32.35 -130.15 
-82.72 -135.94 
59.76 43.07 
-359.88 28.12 
-296.09 -318.83 
-134.21 -495.22 
-6.75 -223.71 
-139.46 523.26 
-60.26 -373.35 
352.27 433.31 
108.82 -371.45 
-463.65 -87.93 
157.15 -326.21 
349.23 -423.00 
-243.36 137.51 
470.77 -183.45 
196.89 -314.04 
156.84 342.84 
-413.66 18.18 
-432.09 -393.11 
74.23 -180.93 
-303.20 312.40 
85.00 -295.34 
453.15 -351.46 
-8.97 362.09 
568.62 -184.60 
357.20 -11.19 
199.58 -462.54 
187.62 565.38 
14.18 159.29 
-507.17 -271.75 
-440.32 397.42 
44.96 -549.74 
281.18 284.25 
-37.59 561.45 
-319.80 481.96 
-366.74 -174.57 
-487.18 -140.14 
158.50 10.37 
-172.69 -368.69 
460.94 -371.21 
-402.31 -143.74 
-37.32 527.64 
-246.79 -130.20 
277.55 -497.28 
-407.13 -254.57 
-443.03 271.23 
500.00 131.14 
-334.44 210.40 
52.73 -333.59 
