81.47 -411.71 
-503.54 -260.92 
-35.41 -217.98 
-197.57 -480.52 
-234.34 318.41 
95.22 257.78 
153.14 -197.08 
-502.13 11.85 
509.79 -196.80 
-42.83 412.46 
-371.49 277.97 
434.58 142.48 
132.33 -345.14 
523.12 228.16 
-83.51 457.35 
369.99 464.82 
555.39 -18.01 
504.47 -73.48 
61.17 559.64 
-64.71 -251.04 
-428.13 53.66 
-110.66 289.12 
529.11 -89.08 
593.86 80.35 
-503.92 -293.31 
-324.84 412.11 
544.72 -65.94 
-208.74 531.73 
-73.94 -395.83 
115.22 -29.55 
-6.74 -258.19 
143.24 -453.90 
378.18 265.29 
-10.21 552.33 
232.74 -501.85 
-307.83 -254.28 
-546.08 183.35 
89.64 -150.47 
-155.77 -5.32 
-329.01 -14.60 
-360.03 258.12 
383.68 233.27 
-366.62 -116.09 
257.83 -78.06 
-428.20 -186.09 
226.77 -389.76 
-224.34 -314.22 
-495.42 173.46 
287.97 -107.80 
485.79 331.72 
71.97 130.54 
-339.64 -258.61 
-3.23 -315.28 
429.44 417.87 
300.16 -515.07 
504.85 -125.45 
