477.67 -323.06 
-232.41 121.79 
-84.32 281.79 
331.59 140.19 
195.04 -504.82 
590.81 26.76 
-129.43 481.55 
-492.76 299.06 
46.69 -57.22 
-479.28 312.85 
-119.99 307.51 
-356.88 134.64 
-43.07 236.50 
-103.24 -489.00 
543.60 -167.75 
110.99 302.87 
297.68 379.53 
-55.79 90.90 
-235.59 -264.64 
61.26 505.50 
88.72 527.91 
497.08 222.14 
-446.23 365.27 
532.46 -20.15 
338.92 253.40 
224.42 -328.31 
-246.69 -159.78 
-7.46 554.32 
213.40 530.38 
435.38 -327.01 
163.32 -136.13 
276.81 231.12 
-110.01 -322.06 
-476.80 67.31 
-12.18 306.38 
-204.53 -67.87 
182.72 502.40 
255.33 -93.20 
-545.37 197.87 
442.15 -92.80 
176.75 -435.15 
-251.96 245.16 
-94.13 -513.48 
-259.83 -470.44 
-65.98 -271.45 
-88.24 22.96 
103.63 482.39 
115.36 -224.61 
405.87 -261.62 
302.70 -464.69 
-25.71 -226.07 
56.01 -169.43 
218.23 32.09 
-78.18 -287.68 
-314.56 420.87 
-345.50 332.35 
