392.24 -141.41 
-108.92 539.52 
-293.44 -436.13 
363.64 408.06 
491.77 262.34 
-117.22 309.41 
300.50 260.61 
-56.69 141.95 
154.78 -289.09 
343.23 217.59 
-167.99 138.19 
246.37 -56.52 
-188.82 -218.02 
279.19 -77.45 
-288.70 -121.02 
289.45 508.58 
72.69 91.34 
-166.40 277.34 
-444.93 256.95 
380.78 241.34 
-6.75 480.12 
-290.61 347.72 
211.87 -461.33 
206.91 -4.16 
418.50 273.79 
-502.64 -237.82 
498.35 -77.02 
-378.66 -462.84 
108.52 493.64 
271.59 484.46 
-236.27 -397.43 
-15.31 295.50 
433.25 -386.75 
198.16 -467.01 
433.68 87.16 
407.61 -329.89 
70.48 -361.48 
-352.22 239.72 
481.36 165.78 
-21.99 395.29 
516.36 -20.71 
236.06 -396.36 
-5.90 403.83 
439.84 -394.55 
-382.49 -338.21 
151.18 340.38 
67.94 -578.34 
-120.80 -478.65 
118.23 -364.88 
-131.66 370.37 
-117.93 134.43 
491.08 -268.39 
-178.79 -178.18 
-97.45 313.00 
-442.95 70.03 
109.87 184.31 
