-549.60 -7.87 
-285.51 -393.28 
424.65 284.95 
-352.66 210.01 
187.58 101.95 
341.76 321.90 
325.76 500.04 
-204.96 -201.77 
-298.52 -277.31 
231.13 528.76 
455.76 115.78 
125.37 198.46 
195.55 322.03 
480.10 -54.33 
-149.11 -253.57 
554.95 -73.35 
-457.16 338.02 
304.64 43.56 
531.20 -180.24 
-475.06 -26.78 
-76.69 216.03 
233.64 -538.69 
-408.62 -122.33 
328.71 -281.56 
492.25 -37.18 
509.86 -167.94 
-174.03 -370.24 
-215.48 481.29 
40.36 -97.30 
44.39 -64.03 
193.53 -306.28 
-156.45 -15.66 
-330.07 234.05 
148.06 -109.45 
-48.20 -587.82 
-54.44 -359.28 
-380.83 -363.85 
122.27 565.78 
-290.58 459.70 
-4.94 257.10 
416.12 431.41 
-160.45 -493.81 
-49.89 85.72 
541.94  9.11 
-477.77 -264.02 
-317.93 -505.42 
363.61 -453.96 
407.39 -38.83 
343.78 274.79 
-179.99 -544.32 
153.49 -212.75 
-9.87 514.34 
286.51 281.47 
176.65 85.48 
347.47 -432.12 
 6.00 412.14 
