210.03 302.92 
227.84 121.58 
-75.39 359.39 
16.25 312.92 
214.74 -499.99 
58.90 450.29 
117.94 -134.72 
-487.47 -239.46 
73.28 -431.76 
-343.95 278.96 
322.06 -247.28 
514.29 -15.88 
278.78 521.00 
-349.06 -100.09 
-13.59 -117.79 
210.83 -3.35 
95.48 -135.52 
524.34 -246.22 
-19.03 123.65 
-2.09 -308.66 
529.55 253.96 
244.09 339.14 
320.66 496.74 
-202.52 400.08 
-206.38 301.40 
82.20 260.54 
77.44 -309.25 
482.86 -291.62 
212.07 511.24 
-406.07 266.07 
204.44 -459.22 
-25.91 -185.16 
149.92 529.07 
-36.87 -422.58 
164.65 247.88 
277.71 -492.82 
-229.67 421.18 
-422.17 148.07 
299.95 338.66 
-394.06 -320.40 
-439.21 -56.86 
-419.34 -146.73 
319.16 -396.33 
90.67 55.34 
15.04 -28.60 
419.59 201.47 
-474.06 319.65 
235.78 -362.75 
167.22 138.42 
-574.06 -2.49 
329.81 -154.19 
-171.35 -422.55 
-106.19 386.90 
-447.55 -109.51 
-59.35 570.41 
408.79 -310.85 
