-230.20 -61.49 
-122.94 -260.30 
195.00 -326.46 
-104.73 454.29 
492.58 -117.51 
 0.69 -576.92 
-332.34 -299.09 
-192.81 144.79 
335.71 -186.86 
46.47 -406.41 
470.69 167.62 
554.12 82.05 
-357.42 347.94 
-205.11 -99.78 
-580.10 -86.20 
467.12 211.26 
39.23 -137.09 
542.81 -39.98 
-274.15 -97.55 
111.51 103.60 
522.53 -83.38 
-77.59 358.61 
-258.68 -26.66 
-492.12 -6.24 
-546.44 81.80 
22.62 500.08 
235.99 141.41 
-453.51 15.12 
-65.87 39.09 
150.71 -260.10 
489.08 342.51 
-146.10 59.47 
299.52 15.27 
430.15 -176.86 
339.84 -378.28 
354.39 -107.47 
-114.52 -394.12 
445.44 360.32 
-384.53 -227.09 
426.71 -57.07 
33.42 565.27 
252.81 -507.68 
280.31 -284.70 
310.92 -362.28 
-538.42 123.11 
53.92 220.08 
464.55 317.25 
116.78 457.16 
-74.52 365.66 
-93.79 -347.42 
-499.12 -42.40 
-30.66 -142.32 
-409.37 -158.00 
-284.12 -256.82 
340.73 -256.40 
-110.96 -348.73 
