325.35 99.09 
-315.71 -9.30 
262.68 64.51 
-259.61 205.37 
-383.64 -127.70 
-30.98 -201.38 
47.47 29.32 
330.68 -123.98 
-505.23 -267.89 
-70.44 494.00 
199.80 -130.25 
282.75 172.52 
-333.52 385.00 
-218.41 493.25 
242.96 -388.96 
133.06 470.93 
452.44 352.01 
-106.20 245.43 
116.44 -547.13 
-556.12 -71.39 
-177.52 103.98 
282.34 -284.75 
-494.74 -24.52 
-2.52 230.16 
191.46 -8.77 
51.18 -597.48 
-121.27 -140.41 
-42.32 -493.03 
231.33 -370.72 
-485.42 -171.65 
-515.52 229.39 
-109.68 -387.22 
388.20 -375.93 
96.86 -134.37 
361.17 -83.28 
-345.36 90.05 
-136.19 339.53 
-141.76 -73.79 
-4.59 -43.42 
361.25 435.80 
-253.26 -98.04 
-140.77 388.78 
-89.90 73.70 
102.49 -161.23 
71.31 75.62 
270.82 123.41 
-425.28 -300.79 
 0.26 -26.55 
-31.13 572.75 
-250.64 -316.08 
-243.62 -344.85 
240.61 126.29 
-258.19 -427.91 
22.46 -131.46 
511.88 -135.69 
528.56 -265.00 
