-387.89 -227.44 
-445.62 65.43 
150.31 -244.46 
310.11 489.44 
-349.48 -193.13 
379.32 111.34 
294.08 137.66 
-187.96 199.37 
-129.54 206.83 
-193.61 -443.50 
413.39 115.52 
41.07 569.06 
262.12 -215.35 
290.29 221.73 
195.01 457.18 
78.36 -128.47 
-118.22 339.70 
241.32 461.80 
140.26 -482.56 
-242.08 512.15 
-59.20 -459.51 
70.20 -147.95 
434.57 283.30 
-378.64 -8.37 
564.93 185.03 
-10.07 -15.83 
576.52 -66.23 
386.53 275.04 
-70.82 -302.90 
470.49 236.08 
327.25 -358.51 
525.66 246.15 
305.88 -374.82 
397.67 -89.64 
-276.62 328.71 
301.18 176.34 
-186.38 363.07 
152.82 -123.08 
29.02 270.37 
-326.86 -43.58 
-96.00 -103.61 
238.84 -493.34 
-223.32 77.97 
124.27  7.66 
-381.86 -53.60 
170.93 503.26 
-224.33 -214.96 
507.36 -103.52 
188.30 436.85 
-37.85 -15.34 
52.18 -479.35 
392.24 303.27 
-123.43 -529.20 
-115.67 53.51 
-317.10 -342.18 
-325.84 392.47 
