38.46 -468.42 
-460.83 359.68 
-364.72 -419.88 
-2.71 366.01 
292.17 197.19 
205.52 509.55 
-198.53 265.32 
267.63 93.84 
161.40 359.45 
-29.50 67.91 
219.45 416.66 
45.69 -209.31 
30.55 -109.61 
-358.47 -258.98 
-574.43 -37.30 
-207.49 -132.13 
10.89 -215.40 
223.35 -328.17 
-49.76 142.59 
538.34 -66.30 
-72.00 -536.38 
269.09 78.89 
92.89 -244.23 
271.20 279.64 
280.76 -437.39 
-391.81 311.44 
368.00 -240.38 
-417.15 359.55 
236.08 -211.60 
163.52 -477.79 
-144.21 509.64 
-509.13 -7.75 
308.48 147.08 
52.95 88.19 
-304.36 430.10 
-336.05 73.63 
495.73  8.87 
230.32 75.02 
85.60 49.43 
-420.77  6.40 
462.90 -261.84 
250.22 162.50 
528.18 -69.91 
312.25 304.56 
194.60 -390.55 
-27.24 -530.45 
72.83 26.78 
170.44 -470.46 
-249.10 -183.61 
-229.39 -308.92 
232.63 54.43 
144.74 120.11 
-187.40 -406.41 
-238.36 321.34 
88.01 -40.57 
296.47 -324.06 
