-292.33 -263.08 
-298.60 382.38 
-137.81 -86.34 
-155.64 109.70 
82.48 275.63 
-90.78 -292.78 
281.59 253.94 
-8.31 -259.48 
247.12 -271.04 
33.58 361.06 
291.18 -178.81 
-39.77 477.31 
-68.14 -148.34 
486.28 -61.77 
526.29 -90.39 
158.84 94.29 
105.28 -13.22 
-10.49 -524.05 
576.01 -71.25 
247.34 -128.69 
-569.47 -159.54 
-329.41 447.44 
-106.46 44.86 
-499.15 -50.34 
-428.98 -243.09 
-93.38 -309.58 
257.75 -435.18 
-248.19 23.31 
-238.23 256.35 
-19.79 -549.90 
-557.39 124.05 
-255.20 414.56 
309.20 -357.79 
-121.66 -293.55 
503.78 -204.72 
237.33 -492.52 
133.94 226.79 
-217.13 -60.82 
333.79 77.36 
-329.53 418.17 
147.44 203.75 
-192.65 157.56 
580.06 -125.06 
35.43 -446.67 
219.66 224.23 
-264.67 301.61 
-203.64 -210.53 
140.30  2.22 
357.87 -467.02 
222.56 -407.60 
583.75 -93.87 
288.39 412.20 
70.21 -448.02 
-58.25 -218.12 
488.62 241.34 
-194.52 353.83 
