476.39 -330.28 
-307.67 -452.68 
214.26 431.16 
-298.10 18.06 
-414.70 -395.07 
17.44 -273.70 
-436.07 -187.48 
258.74 -182.66 
-251.40 -344.44 
-503.94 11.25 
-151.66 473.28 
-392.05 364.21 
140.11 250.08 
-206.99 289.47 
373.92 -140.19 
-296.07 -39.49 
-292.82 -258.79 
435.57 -136.87 
126.59 139.77 
35.68 -142.88 
-494.20 292.74 
-7.50 266.56 
-289.58 -195.12 
-117.85 -231.39 
-173.19 551.97 
-69.46 -340.81 
76.97 410.82 
-266.59 -514.61 
-456.24 -131.27 
542.64 21.71 
-12.90 29.80 
-108.35 281.35 
190.93 -5.17 
350.27 467.79 
-491.73 -313.90 
263.30 -149.50 
98.10 236.72 
-163.14 -172.93 
396.08 40.97 
-190.53 93.31 
-519.06 211.19 
-343.14 252.33 
413.02 345.65 
112.64 -233.85 
26.33 531.00 
38.52 415.12 
43.98 -371.50 
-332.83 -70.11 
130.63 -363.80 
-190.74 43.39 
92.69 502.58 
-402.08 62.22 
407.79 208.50 
-513.96 48.81 
39.01 196.18 
332.73 -157.51 
