240.41 14.44 
-86.63 378.41 
-504.04 -31.27 
210.66 19.72 
-382.12 17.58 
539.21 162.37 
353.90 459.10 
257.83 309.41 
-370.57 189.17 
-415.43 206.27 
125.38 -86.73 
-271.64 -195.80 
338.52 32.46 
-94.61 -426.48 
-274.55  7.89 
-1.08 -301.69 
-556.67 -173.64 
-337.27 386.11 
66.10 43.23 
-276.76 -388.99 
56.38 -483.03 
-204.61 -425.64 
-543.40 -221.77 
-328.39 188.77 
-139.36 395.28 
192.74 -95.49 
-340.28 467.89 
-367.82 307.21 
-79.98 -391.14 
-325.03 -203.73 
-274.21 355.96 
-239.80 -284.90 
-113.74 476.41 
342.49 -77.28 
-41.01 -43.24 
-44.42 -477.38 
165.20 117.97 
273.09 -358.63 
-61.15 479.39 
-19.58 152.46 
-510.38 -188.82 
-273.12 -59.84 
-171.66 362.87 
299.41 202.51 
290.53 -220.93 
 7.43 -237.20 
373.42 97.26 
-25.96 -514.72 
149.03 -452.23 
525.65 -146.82 
-444.13 369.12 
416.42 18.97 
-110.75 -362.93 
-413.44 139.63 
314.76 117.33 
119.36 158.96 
