-345.14 451.39 
247.42 -101.57 
 0.32 -461.52 
142.28 -567.04 
60.29 -222.06 
240.38 497.08 
-269.54 394.94 
456.45 126.10 
400.63 -292.12 
-159.89 -202.94 
-370.95 143.05 
-71.72 254.77 
-140.17 247.03 
-76.77 -424.41 
280.13 -4.58 
198.28 -259.78 
-423.08 20.06 
17.61 -325.01 
-35.78 253.78 
49.00 -544.75 
403.05 319.43 
50.52 145.88 
-96.71 44.73 
-147.24 -256.66 
429.49 -387.12 
46.03 562.57 
-52.60 -264.15 
449.28  8.47 
-228.48 -167.10 
-484.98  0.06 
-170.56 563.79 
11.28 -385.80 
-289.62 64.27 
-203.42 -305.28 
-300.78 507.28 
-499.30 150.58 
444.24 269.80 
-526.28 30.53 
-321.16 94.70 
-209.37 -371.31 
325.82 -205.99 
-209.34 223.76 
404.57 335.24 
-179.75 -514.77 
-180.07 56.48 
-438.69 -255.86 
265.50 26.84 
-142.85 -274.44 
176.42 378.32 
-105.56 -21.60 
179.47 512.96 
180.14 -369.29 
-273.64 219.06 
129.70 561.27 
32.37 -361.38 
463.07 178.69 
