-486.07 22.17 
-130.31 27.31 
503.57 -290.13 
100.24 -128.44 
573.85 -150.04 
-455.42 128.60 
-107.20 -176.65 
-223.63 -388.77 
150.77 451.33 
-172.38 -98.09 
-229.55 -532.80 
27.10 -282.81 
282.53 -302.82 
70.26 289.56 
266.20 -481.51 
172.80 -308.94 
-163.79 -527.21 
-125.54 246.57 
409.04 230.40 
-348.12 -327.23 
-153.55 -494.46 
106.58 -566.31 
-587.48 107.13 
-236.38 -79.14 
-371.89 35.53 
72.48 371.19 
-424.40 41.72 
179.57 146.82 
117.56 -200.93 
198.96 -339.64 
97.28 -322.86 
309.92 41.13 
377.90 208.21 
-93.94 -293.95 
-144.95 -361.62 
-142.86 -340.11 
-165.72 141.18 
365.35 -218.73 
166.86 -13.69 
118.72 -245.09 
-418.16 -143.82 
49.09 590.40 
331.70 -407.33 
124.60 -514.67 
-410.14 311.70 
-518.20 73.29 
-216.85 394.34 
-330.83 -172.66 
-80.12 104.11 
-92.04 186.22 
166.94 -242.69 
412.71 -235.77 
-261.64 357.85 
225.64 -366.63 
-67.33 -586.31 
-409.62 61.44 
