190.08 368.06 
163.32 -192.65 
-328.77 134.40 
-523.41 -226.59 
-219.40 -499.57 
-513.01 29.81 
-38.43 401.43 
-432.10 -67.05 
202.62 -8.42 
171.31 255.85 
-226.17 -201.49 
58.28 378.89 
-282.49 -179.25 
67.92 91.46 
301.24 330.92 
193.53 -514.81 
-261.04 -118.74 
-365.02 173.10 
-89.14 323.42 
-378.11 186.42 
-533.72 -227.28 
-93.91 533.39 
103.62 357.85 
257.57 -163.11 
-474.59 -188.38 
-373.93 -338.29 
161.99  3.40 
220.00 227.88 
-328.25 258.14 
594.08  6.50 
-81.03 35.04 
267.27 -493.97 
-238.47 481.79 
-88.20 -528.54 
-38.29 -468.80 
288.52 352.35 
-484.49 43.76 
499.18 35.67 
-304.08 246.71 
-568.69 151.65 
-91.60 -66.68 
58.76 -231.79 
342.01 -430.21 
425.72 -162.25 
 1.23 -341.67 
474.87 -96.30 
260.62 -288.24 
-243.45 387.56 
-440.96 -314.21 
-59.39 -458.01 
-174.04 139.71 
-232.85 303.93 
163.81 -181.24 
56.02 -277.84 
73.59 -92.02 
-32.25 181.60 
