375.85  5.99 
405.87 -127.64 
-220.37 414.47 
99.36 573.08 
-67.14 39.56 
-381.21 -91.91 
-6.96 -414.84 
123.43 373.54 
-92.18 -143.82 
415.88 88.10 
-278.60 -530.05 
232.91 -406.95 
-259.90 -318.13 
-406.60 333.23 
-302.57 493.70 
177.19 -222.59 
49.73 -171.63 
-130.84 -392.99 
513.19 -147.49 
-276.15 -22.08 
-572.25 127.89 
52.85 152.58 
153.25 48.44 
-348.90 158.56 
-26.26 392.63 
221.86 -167.71 
191.00 -242.85 
471.91 163.43 
280.99 -34.57 
-442.89 -89.54 
287.33 525.98 
184.51 36.27 
91.41 276.62 
431.45 133.58 
-193.10 65.92 
-397.92 -360.92 
430.20 352.16 
-368.00 432.76 
-163.27 -31.68 
-418.94 67.94 
-124.40 -520.13 
-451.18 -334.68 
206.28 -365.99 
167.33 -131.60 
82.95 -23.18 
-406.91 -111.89 
-96.41 206.52 
278.61 -235.53 
489.78 -331.59 
-319.94 56.03 
214.08 295.12 
423.14 420.11 
-426.02 -117.77 
212.31 504.63 
-41.58 162.32 
176.19 309.47 
