378.40 389.10 
-320.90 -488.11 
76.95 -327.71 
565.62 162.36 
-422.33 21.53 
-466.87 307.82 
164.82 64.80 
200.46 -409.34 
92.11 -436.13 
-363.25 -91.03 
33.81 178.28 
146.19 -283.06 
299.62 169.03 
-461.53 -7.21 
56.29 188.17 
-203.51 -562.27 
-342.45 114.21 
294.14 79.18 
540.16 -49.74 
-164.85 378.49 
392.48 287.21 
548.22 231.40 
395.48 -307.97 
-151.82 218.48 
-25.56 346.66 
 2.89 -415.02 
25.76 -39.11 
-387.93 -102.41 
-407.44 -103.42 
62.91 -47.57 
384.24 137.42 
-319.89 -175.06 
238.90 396.20 
378.02 -207.67 
-416.62 292.94 
-166.25 -199.23 
301.96 -132.03 
-263.01 -63.20 
252.39 -118.02 
-283.98 177.73 
95.45 590.63 
-326.26 -128.14 
-207.22 -365.65 
106.96 -435.50 
408.98 -400.47 
96.81 -589.44 
-205.45 411.83 
244.58 -88.90 
-145.66 224.00 
-253.14 176.54 
447.37 -135.10 
594.53 62.93 
421.08 -302.84 
121.17 48.66 
18.98 54.64 
171.19 154.89 
