-253.87 -483.88 
468.86 -53.76 
-430.53 -11.36 
-11.91 -194.35 
413.86 291.05 
 0.67 140.77 
-24.92 -51.28 
-418.63  0.67 
325.34 -387.74 
-227.53 459.52 
270.48  3.24 
-110.20 -370.93 
227.94 -255.59 
63.90 241.30 
412.32 -58.92 
-370.50 -305.58 
-453.72 278.39 
185.69 98.69 
149.98 -293.83 
549.83 120.06 
-453.13 -7.16 
44.89 -419.34 
-402.35 -320.80 
455.38 328.08 
362.06 -399.04 
-145.57 -165.30 
176.98 398.59 
-15.86 487.49 
-103.75 248.48 
-188.45  6.09 
-59.17 85.50 
410.33 136.10 
-444.26 58.37 
260.93 -407.56 
539.86 -83.58 
-328.42 -322.67 
-333.70 -252.71 
431.18 271.42 
-370.91 -145.73 
-319.88 335.92 
-284.71 257.52 
104.03 37.00 
506.51 -256.60 
95.63 -487.97 
-387.23 -86.37 
-322.24 345.11 
-445.03 -58.77 
390.57 -365.68 
186.23 218.05 
500.87 293.74 
110.69 74.50 
-85.42 446.26 
-238.54 302.20 
204.91 271.87 
342.08 294.42 
-56.33 321.62 
