-243.96 378.23 
51.93 -305.15 
202.81 -487.14 
280.63 -250.76 
-422.22 374.16 
61.87 -212.66 
-210.11 -397.10 
-103.00 -418.27 
138.90 -341.80 
-23.08 -493.03 
459.01 214.38 
-50.29 -484.88 
-167.67 -549.75 
37.08 86.50 
-31.36 511.59 
-285.65 454.63 
-520.63 256.97 
122.62 -103.61 
 0.55 -296.03 
-334.84 490.04 
-398.19 -85.69 
-209.77 -560.79 
-209.95 524.18 
-526.48 66.35 
239.07 -361.92 
292.58 -400.21 
552.68 128.39 
564.84 -35.02 
54.47 -116.00 
299.32 39.94 
-120.66 308.06 
-258.03 403.76 
263.40 -468.09 
-198.58 -333.51 
153.29 -1.02 
-178.22 29.99 
-312.57 303.13 
547.73 127.37 
-16.23 -579.54 
-371.63 -262.45 
409.56 -345.13 
-416.89 -30.09 
-190.96 -367.23 
229.65 -34.97 
194.29 481.56 
-357.21 111.32 
-77.68 77.25 
-262.49 -533.71 
69.15 290.92 
-298.35 478.43 
-595.79 -35.68 
20.84 -184.82 
415.91 199.96 
-187.92 163.46 
162.79 -198.77 
334.72 -230.29 
