105.35 -486.09 
-244.48 -27.75 
320.10 -318.50 
323.38 -497.33 
205.80 -102.19 
-188.81 -21.61 
513.63 36.89 
-120.36  5.44 
-497.21 304.43 
111.15 -419.59 
312.27 69.76 
195.82 98.48 
305.63 -358.18 
528.88 280.86 
-77.87 239.55 
262.62 363.29 
-571.56 57.40 
-34.61 -56.48 
-447.19 -397.69 
-287.44 -511.78 
-143.82 38.32 
-35.50 -355.92 
-128.42 -494.95 
240.47 402.01 
-365.84 347.88 
289.57 -318.97 
89.33 -12.30 
-357.12 -416.18 
-371.45 -222.68 
-180.24 -125.07 
322.47 295.67 
114.34 -259.91 
-21.93 -489.63 
-553.43 -184.57 
-43.02 -372.36 
561.69 107.39 
-169.44  4.49 
191.72 178.62 
-412.25 -3.99 
-390.01 255.45 
-510.20 -203.66 
453.75 373.67 
412.49 69.58 
-348.31 -323.31 
373.32 208.91 
-291.25 273.05 
370.67 -221.13 
350.46 -316.91 
-419.84 -325.31 
365.19 -256.01 
33.36 193.12 
-250.63 71.03 
-312.75 -27.61 
65.41 562.17 
228.53 -335.82 
-113.88 230.91 
