-552.27 -185.85 
-230.83 -321.09 
-200.72 54.09 
272.22 -445.38 
108.35 217.06 
-543.51 -198.62 
418.66 77.94 
410.01 -239.34 
538.75 -251.67 
345.35 262.82 
91.36 368.09 
-206.36 -405.07 
-528.69 34.23 
353.15 -275.53 
-407.18 -420.61 
351.78 448.88 
59.34 41.68 
-409.88 284.63 
-251.64 427.92 
359.86 138.50 
-52.96 548.11 
-29.85 -409.83 
-194.34 -66.50 
-200.55 258.24 
-398.54 -151.38 
322.12 -149.79 
218.73 -50.00 
539.22 -10.84 
183.73 -517.06 
89.83 488.99 
-128.64 -261.03 
-304.86 481.60 
-442.97 -256.14 
-180.05 424.95 
-212.69 84.52 
44.88 -457.57 
-245.48 510.43 
240.72 105.85 
41.97 159.43 
71.81 -248.41 
311.56 -427.79 
-243.39 -136.01 
-53.12 -83.59 
-242.76 169.72 
69.33 -589.46 
168.77 336.26 
-38.28 -357.40 
10.49 -323.62 
-558.49 184.79 
179.37 443.38 
92.53 -223.02 
223.64 124.07 
408.93 92.41 
332.54 237.04 
-306.49 -323.07 
234.04 -162.48 
