-51.05 -548.97 
-521.01 -79.66 
298.05 267.79 
379.30 -339.21 
284.19 51.22 
-280.75 77.35 
-343.72 -271.33 
35.46 -576.86 
147.48 -576.48 
-161.88 -59.44 
-311.09 385.86 
92.88 -417.30 
-358.78  1.43 
105.25 223.24 
-442.66 21.53 
157.59 -233.51 
-70.00 -164.89 
-371.91 51.25 
-243.74 478.26 
-433.99 195.67 
72.67 310.04 
121.05 254.46 
48.77 83.92 
303.82 -48.55 
384.42 -22.36 
-179.16 173.48 
76.66 -384.22 
-172.59 -493.33 
314.05 -84.79 
-59.35 251.00 
464.80 377.08 
13.87 -505.98 
-142.20 -323.27 
-327.03 152.33 
-128.05 250.89 
235.68 -320.36 
-41.40 21.18 
15.07 153.22 
361.73 -447.09 
355.73 114.32 
474.05 -48.16 
-542.45 22.21 
-295.85 135.26 
375.87 22.20 
95.77 506.43 
-249.59 -538.63 
-19.59 -541.16 
-276.95 334.37 
-552.48 -160.79 
-448.89 -199.88 
23.35 -24.25 
-459.59 207.92 
-6.88 317.25 
431.62 384.36 
512.22 -32.36 
516.31 226.83 
