581.95 -44.14 
-42.41 221.06 
-393.54 -101.23 
-291.21 -338.52 
62.31 -189.84 
-164.03 225.33 
477.43 -119.59 
-312.62 -271.62 
334.57 237.33 
-329.67 -394.90 
96.12 156.25 
-329.82 -139.77 
-378.13 302.43 
-549.64 -203.56 
305.55 223.02 
315.40 -258.34 
126.66 353.90 
-425.95 121.32 
309.17 389.98 
-272.58 -89.14 
-310.38 -152.82 
-96.17 -579.40 
264.53 -196.76 
64.11 -462.25 
-512.68 139.30 
-410.53 -433.86 
220.83 320.62 
-63.33 -304.23 
158.73 -406.28 
290.37 439.40 
71.26 -336.60 
477.99 131.37 
61.32 290.03 
-543.84 -142.86 
459.46 -160.90 
207.02 -354.68 
470.55 125.02 
-107.67 -536.42 
-386.62 144.34 
101.54 -89.78 
-32.57 -77.78 
-426.08 221.72 
-411.36 -142.83 
29.19 -139.17 
486.31 340.94 
319.60 369.22 
105.46 429.50 
69.87 -384.39 
376.34 179.88 
-315.77 -259.54 
360.71 -425.10 
406.63 -298.80 
-520.18 40.62 
215.51 534.97 
158.25 -287.25 
-83.34 426.60 
