-320.68 -60.58 
32.47 -371.41 
64.23 -210.92 
-290.84 -350.05 
-332.15 -188.24 
459.11 121.89 
-126.91 494.56 
289.47 397.66 
-266.53 -91.19 
348.44 136.14 
 2.26 -384.17 
-273.82 -106.01 
-270.87 -186.37 
15.44 392.49 
-119.24 112.95 
-130.00 320.36 
-70.12 -93.32 
281.02 64.74 
-481.63 -100.97 
-72.96 -573.36 
45.74 167.91 
122.53 -166.78 
-5.78 199.23 
-60.62 -192.46 
-342.09 -165.35 
-39.45 -423.57 
167.23 124.78 
-32.97 -453.72 
-97.86 -66.44 
395.75 -135.30 
422.41 413.14 
-269.19 250.44 
-244.09 -155.51 
200.93 396.28 
-154.78 312.95 
-346.30 224.86 
-543.62 179.29 
-334.49 -276.57 
-281.00 65.79 
295.12 -509.11 
-236.85 -134.37 
-375.15 -266.59 
-287.25 -75.16 
265.51 326.28 
20.03 -163.15 
356.19 222.13 
29.69 -129.32 
-15.87 -552.80 
-460.99 -58.72 
-426.91 -274.19 
-381.91 -69.41 
162.30 176.99 
171.62 31.57 
371.44 -405.98 
64.06 -484.49 
-277.64 -408.51 
