47.20 -532.99 
-425.40 -412.98 
133.36 176.99 
-461.51 -322.40 
-438.82 -258.55 
-109.10 -148.36 
54.91 119.79 
383.37 245.55 
-124.96 -416.17 
-153.14 155.82 
62.72 -173.29 
-51.94 -323.76 
-197.79 525.32 
-340.79 169.72 
-509.56 -178.87 
-42.72 -407.15 
463.18 232.03 
263.02 -307.20 
77.07 -148.61 
-294.44 -291.37 
-393.21 -239.32 
412.91 -223.88 
464.15 -159.43 
-185.20 63.88 
-10.67 273.39 
-115.76 392.69 
289.32 196.27 
-0.34 -431.84 
200.45 -329.80 
271.64 336.38 
312.14 -134.75 
216.07 515.09 
91.30 115.73 
-508.17 -101.41 
-170.15 412.56 
-5.09 590.20 
425.97 140.00 
-256.89 -137.24 
211.95 -366.99 
482.30 352.02 
-281.18 291.41 
472.21 -143.32 
-194.40 -531.00 
448.39 -183.24 
-47.78 -248.69 
561.87 22.18 
-246.16 -152.93 
510.38 -234.56 
390.00 -197.48 
32.81 144.68 
389.75 114.82 
273.93 257.23 
87.02 90.35 
96.69 188.99 
407.51 101.76 
-83.08 275.58 
