-542.83 -175.07 
-272.71 -241.34 
462.58 21.76 
370.62 375.93 
-311.32 346.38 
-253.35 -444.22 
-296.93 301.42 
172.21 -254.81 
-371.87 -139.58 
178.47 -256.88 
336.39 201.08 
-130.10 549.48 
-152.27 -283.69 
-576.94 -11.19 
-410.17 -370.84 
317.93 410.14 
-367.41 -59.30 
203.93 413.78 
43.22 193.27 
149.55 163.37 
-360.31 347.01 
-417.53 72.07 
442.21 -328.22 
468.16 348.41 
139.07 -236.08 
-84.52 335.76 
-137.46 557.91 
-324.18 111.46 
466.49 214.66 
390.71 406.83 
-213.15 -195.79 
 1.31 60.58 
-307.99 93.09 
-129.13 -369.12 
24.05 -288.26 
229.72 233.25 
149.15 477.68 
-438.70 -60.37 
-266.86 -311.28 
-89.55 226.21 
318.72 249.57 
154.01 -457.86 
40.88 -134.25 
177.44 -366.16 
414.04 -87.92 
161.14 527.54 
-299.55 -218.80 
-185.62 453.69 
231.15 -526.41 
195.52 -350.77 
34.73 -564.67 
-260.30 42.66 
-313.34 -26.98 
453.64 283.09 
-207.18 -240.31 
-478.68 -77.25 
