122.02 -507.82 
-474.22 -187.18 
-105.57 171.41 
-86.69 -8.09 
435.81 306.52 
526.04 137.74 
-79.44 -497.06 
-346.10 -261.16 
-117.61 -62.75 
-282.59 332.29 
294.15 118.45 
408.69 -110.58 
-436.07 -404.40 
-112.80 -223.87 
131.17 483.47 
-272.33  5.20 
-91.17 233.76 
30.84 -115.39 
223.34 524.42 
211.15 -295.30 
-246.70 142.72 
379.39 -192.31 
115.10 437.43 
313.06 -248.67 
336.94 -139.47 
77.79 -580.75 
334.04 440.92 
-165.26 535.79 
-210.34 545.42 
363.52 341.09 
-9.86 189.23 
251.91 33.94 
241.84 -247.95 
-25.17 -428.99 
-545.39 -143.78 
-11.43 414.77 
-116.85 -344.67 
-9.31 -295.31 
-221.75 -55.56 
24.33 -335.85 
-298.13 507.56 
323.46 458.51 
532.54 -159.62 
274.20 195.67 
-426.82 -375.61 
326.04 -327.25 
63.06 -45.59 
-222.75 -414.07 
353.88 195.76 
195.25 -300.55 
180.93 272.36 
347.55 267.30 
387.78 437.79 
-318.90 38.98 
12.63 297.92 
317.96 -267.11 
