135.69 -413.45 
125.90 -513.27 
-360.92 -417.02 
-100.42 -12.38 
-163.04 464.66 
239.23 -33.20 
105.79 -379.48 
509.87 70.05 
-37.29 525.63 
215.64 -336.71 
-162.99 -78.32 
-72.20 332.72 
-51.48 128.25 
248.07 -495.04 
271.54 -300.80 
265.94 210.72 
541.14 99.58 
-419.33 199.81 
108.13 -216.83 
98.33 26.16 
-6.59 72.85 
35.06 -192.40 
94.19 -476.56 
236.75 99.28 
-290.16 -475.50 
-129.37 -144.24 
-83.04 505.74 
-327.32 371.05 
-377.29 46.83 
480.69 276.29 
453.89 -179.89 
12.03 348.49 
-89.59 521.57 
-188.14 -177.44 
-200.25 -236.26 
-221.14 -73.25 
-465.78 -276.91 
216.92 -405.72 
-186.15 -473.81 
-35.55 -57.41 
208.49 274.48 
-108.56 91.38 
-423.05 -58.65 
-353.90 97.35 
118.55 -299.38 
-370.02 -443.14 
-293.30 -170.54 
-39.20 537.14 
-147.98 -355.51 
-298.19 240.87 
238.01 -196.81 
109.71 568.82 
-187.91 -282.91 
12.13 122.65 
275.49 21.98 
445.82 239.24 
