-228.03 80.54 
-367.26 -193.92 
530.46 184.21 
342.59 -257.59 
78.50 -267.74 
-244.20 -218.26 
-237.13 -366.86 
319.88 202.51 
-270.96 270.91 
-115.41 -384.85 
-381.10 460.22 
-38.21 370.14 
132.44 122.27 
153.21 426.76 
65.81 542.22 
-260.98 -467.94 
-22.97 593.46 
93.80 -363.35 
29.82 219.43 
-348.88 -162.70 
71.84 563.51 
392.22 414.45 
108.77 450.76 
39.17 -368.36 
171.97 230.05 
-214.32 534.62 
289.33 227.52 
-361.67 176.34 
-345.34 373.90 
477.99 137.94 
-248.38 -84.23 
-48.94 -570.12 
-179.25 452.31 
-266.07 -464.92 
307.26 -227.11 
-141.28 282.46 
153.02 79.40 
-28.92 -208.46 
279.32 -312.71 
222.27 -78.26 
175.10 -2.98 
-417.78 421.09 
-54.40 -491.88 
-214.01 204.99 
-244.26 -478.36 
 2.78 283.53 
-210.62 181.06 
596.25 -18.73 
-185.11 -188.72 
332.03 300.85 
488.59 311.08 
536.59 11.70 
197.93 196.36 
473.85 -143.88 
-114.64 466.27 
114.48 -336.99 
