-173.70 -52.48 
-276.80 282.52 
-253.39 221.19 
34.15 -106.70 
579.89 42.36 
-326.84 -320.38 
-246.30 -469.84 
-245.50 -271.56 
564.82 -145.60 
-335.66 363.79 
-412.97 -29.40 
392.41 -311.26 
-492.77 311.16 
37.29 -283.30 
-154.15 134.42 
71.96 -229.78 
-36.67 51.32 
-204.68 -218.66 
114.12 193.02 
-52.33 109.39 
-104.19 260.60 
383.44 -400.42 
-305.72 -49.82 
247.34 -39.14 
146.25 281.50 
222.96 510.03 
522.08 258.37 
-504.62 -170.39 
-396.10 -9.37 
-4.28 18.05 
 8.72 522.24 
570.52 101.10 
-110.35 379.22 
95.07 -471.79 
-303.11 -253.06 
-189.01 226.90 
-549.90 167.45 
390.89 184.28 
-316.50 -262.06 
-228.07 186.43 
126.03 -153.54 
-117.46 366.37 
-112.51 74.34 
-512.64 -255.72 
-118.83 132.27 
107.73 -301.62 
226.60 -238.83 
 2.76 -518.66 
-407.14 -165.94 
537.94 65.14 
-191.73 369.10 
-14.34 -36.45 
-195.62 -260.42 
-228.82 483.30 
162.20 229.69 
-289.18 -226.69 
