43.98 -500.08 
422.52 -329.57 
-319.37 17.28 
412.69 233.83 
284.46 -147.39 
62.88 -493.29 
-428.34 -6.76 
-26.62 399.53 
-121.37 -48.15 
-45.44 542.21 
-465.70 240.76 
515.43 251.68 
-132.74 38.87 
60.99 -242.12 
55.77 -459.59 
113.53 -54.63 
-333.54 491.81 
451.86 -187.93 
455.79 -11.57 
159.43 37.38 
16.36 -280.43 
61.40 262.49 
319.87 -359.15 
500.82 88.81 
295.04 244.62 
355.80 109.47 
-444.66 252.48 
527.18 75.88 
285.26 323.91 
-47.48 232.76 
-364.51 259.32 
193.13 138.09 
-28.60 140.15 
110.29 -128.94 
-576.16 -47.10 
-295.14 -325.55 
289.51 315.18 
391.90 -132.29 
-56.13 336.55 
-106.33 10.70 
-435.85 139.21 
118.23 186.00 
228.94 -132.04 
-580.82 42.47 
359.80 -70.43 
209.83 505.41 
483.33 215.69 
61.46 526.81 
-122.98 18.11 
-344.96 62.78 
-309.38 -428.43 
-537.65 -254.58 
-81.94 147.42 
111.90 241.60 
124.13 -499.20 
210.82 -220.79 
