-408.93 248.62 
-594.42 -78.85 
-454.73 133.02 
-157.52 -409.13 
413.22 116.01 
419.46 360.55 
-407.67 -111.00 
-85.33 550.40 
-2.41 282.46 
-105.72 -460.80 
214.26 -21.45 
233.14 -507.17 
577.87 -5.21 
331.75 467.25 
-424.06 -199.65 
23.61 164.12 
-419.86 -265.39 
289.59 -298.31 
57.32 -277.64 
-265.24 23.55 
122.04 -220.88 
-149.15 61.36 
22.73 496.31 
-206.79  5.68 
-102.68 -72.32 
-229.81 552.36 
80.57 170.41 
-329.16 -325.03 
-334.20 191.75 
-103.18 -188.66 
-46.84 582.41 
-99.10 38.39 
325.27 385.48 
-425.27 207.95 
-20.41 -26.07 
-284.13 -236.56 
-119.69 329.94 
64.72 586.13 
-379.83 -135.79 
-372.47 263.70 
-143.21 348.48 
-357.10 -339.80 
-58.39 205.61 
128.93 -418.53 
510.44 -199.98 
304.46 127.74 
228.02 -52.40 
-97.60 -148.12 
-275.18 281.86 
446.41 398.90 
116.75 -545.80 
506.75 -303.38 
-79.38 563.64 
-274.50 191.46 
-176.49 310.87 
-26.66 240.23 
