-358.59 418.71 
499.33  2.47 
110.91 -285.89 
-226.47 -214.09 
-182.51 -205.74 
-358.32 82.08 
68.74 -154.01 
-408.69 251.46 
378.19 -70.57 
302.19 -485.80 
504.76 -234.24 
-133.42 504.55 
535.41 -68.00 
-143.00 523.73 
298.66 21.18 
176.60 432.19 
-351.67 336.18 
-375.85 362.82 
371.60 364.33 
-356.32 95.33 
367.46 195.44 
-196.43 -519.34 
-385.86 390.23 
-300.99 -294.58 
-373.56 -101.40 
-589.44 -31.50 
411.26  9.37 
-243.97 234.00 
48.39 -551.49 
169.06 -278.34 
126.09 -237.54 
470.48 265.05 
-93.38 -263.34 
282.18 -216.39 
-261.05 -252.61 
-503.99 183.14 
-306.58 25.75 
-493.82 150.58 
-417.31 -125.88 
-130.89 -161.27 
-323.20 370.99 
503.89 24.78 
172.34 479.42 
-321.68 -125.73 
-355.47 -14.01 
-134.54 566.32 
-336.68 332.77 
-231.89 161.34 
-2.00 -294.63 
461.07 49.83 
74.99 270.64 
-398.19 375.44 
-587.09 115.38 
-564.99 201.73 
-119.20 -117.40 
-127.65 -244.20 
