-365.57 -172.84 
-514.87 -307.90 
-92.15 581.09 
-21.91 292.73 
-281.86 243.52 
-445.13 -22.54 
-65.70 137.19 
-70.14 -243.16 
589.94 -100.41 
-8.74 481.69 
-276.38 -443.76 
-38.37 504.08 
368.16 -319.42 
-142.12 68.43 
249.84 402.80 
-116.26 -90.55 
-264.51 229.35 
 8.36 -498.13 
516.19 -286.98 
391.12 -309.60 
38.14 18.56 
-252.90 509.61 
-550.18 -73.33 
-538.76  7.58 
-511.88 -119.02 
-400.02 -320.20 
-119.05 313.31 
-13.59 -332.59 
-124.12 107.06 
-129.18 -113.04 
-43.57 -545.19 
289.09 -260.49 
-528.41 81.96 
22.34 136.18 
-486.20 185.77 
500.32 69.02 
-181.47 -400.83 
351.17 413.58 
424.33 207.40 
122.68 485.02 
133.50 88.58 
-111.59 59.82 
-189.85 -27.40 
-490.82 227.36 
205.32 -113.06 
257.59 209.91 
-312.72 -334.97 
-225.04 -520.86 
479.87  9.08 
203.84 -352.89 
22.41 -8.31 
493.90 -302.10 
11.72 278.46 
396.05 -100.36 
-72.31 -100.85 
320.21 -98.32 
