-454.42 -133.42 
210.80 -255.48 
533.23 -71.65 
126.61 -196.50 
437.06 296.43 
434.55 160.36 
-304.36 -268.76 
205.09 38.08 
233.51 183.15 
-21.49 -277.93 
-115.36 -411.07 
-380.23 -72.05 
-372.76 -128.89 
339.66 283.89 
336.64 -429.24 
244.67 150.69 
470.81 53.86 
-472.10 -177.43 
280.95 -424.36 
50.61 -565.30 
289.50 403.25 
239.10 -417.43 
-265.38 246.75 
234.94 -460.49 
-335.83 361.30 
229.98 -436.89 
224.11 -328.16 
41.34 597.83 
-184.44 -233.77 
267.74 -356.37 
-371.88 -192.69 
-399.90  0.04 
-54.77 -214.45 
343.98 -158.93 
120.01 -198.73 
158.76 -4.52 
-453.90 -158.23 
448.47 140.59 
534.17 106.74 
-249.30 -294.23 
-371.27 -13.47 
106.24 -161.47 
-83.79 554.00 
541.72 -68.52 
95.92 -262.65 
-178.09 -533.50 
463.09 -357.82 
-370.08 -64.97 
463.53 -124.66 
-88.74 -392.44 
455.08 -21.58 
-484.98 68.41 
-22.30 -434.87 
-58.09 -3.58 
-332.34 -260.62 
-95.24 -60.77 
