 6.05 -162.47 
-82.86 -504.23 
214.18 58.71 
194.32 403.17 
-429.57 -115.28 
65.88 415.45 
331.53 181.99 
-358.25 -0.81 
-2.80 -26.90 
-136.11 -157.43 
-392.18 -228.05 
522.87 -258.11 
314.28 510.57 
325.41 -286.52 
-100.03 324.06 
-429.46 -337.82 
-317.39 189.95 
-151.65 -153.28 
186.02 230.48 
-167.15 -47.50 
68.06 -297.74 
63.60 -30.77 
421.37 328.83 
168.77 -422.93 
-413.21 368.13 
-106.08 303.97 
-45.13 415.77 
-230.09 215.58 
-81.53 -408.36 
-288.77 -77.23 
424.33 116.49 
280.16 -480.70 
-333.02 -335.74 
-140.67 258.12 
 3.60 426.99 
-226.75 -255.22 
218.69 -227.61 
378.06 333.47 
86.19 47.71 
179.10 517.84 
-82.17 457.07 
137.77 347.69 
-246.15 -165.88 
-429.96 67.18 
-29.36 -115.60 
-228.71 64.09 
27.93 -108.20 
-72.41 406.85 
93.49 -562.87 
228.75 -316.39 
352.85 -303.10 
432.96 103.50 
-426.69 -227.00 
348.77 -320.95 
336.39 -292.49 
 5.96 374.07 
