-194.31 -255.57 
178.20 384.80 
523.99 60.33 
-4.08 -428.80 
373.75 -344.36 
-254.66 -134.55 
-83.49 204.75 
-199.14 -446.68 
374.03 -84.02 
-59.70 -493.70 
38.24 109.33 
402.42 153.92 
159.60 -24.54 
353.97 -181.97 
405.26 166.41 
542.83 -59.82 
-76.54 -208.40 
76.98 100.66 
-474.38 187.68 
-297.87 -260.14 
23.71 343.73 
-156.41 -537.59 
-272.50 196.55 
90.63 338.09 
160.96 -417.33 
409.17 223.82 
93.68 141.05 
-245.54 522.88 
372.29 310.34 
-43.87 -217.10 
77.78 443.85 
-345.12 -368.89 
-181.72 -103.55 
147.36  7.07 
544.81 -116.91 
-313.35 355.33 
391.39 -22.60 
285.63 311.26 
456.46 -304.15 
46.46 -335.00 
-586.58 -23.81 
393.20 95.15 
-393.39 -242.67 
-262.13 -275.86 
169.05 -242.40 
59.08 409.15 
-355.41 295.36 
-0.45 224.80 
-377.11 -212.74 
-428.10 -283.96 
214.99 158.68 
426.41 -115.14 
104.16 280.13 
357.49 47.65 
-88.11 -78.73 
-343.99 19.45 
