464.13 282.09 
-416.66 335.13 
259.45 152.60 
420.86 -414.81 
397.40 350.60 
-115.22 -459.26 
-153.83 -344.48 
-312.90 348.94 
460.14 11.33 
 3.27 -217.64 
159.03 503.97 
-285.58 402.08 
155.77 52.98 
532.61 -108.50 
-120.77 527.87 
12.17 -90.33 
452.02 393.81 
-192.44 -381.70 
530.04 -225.58 
-80.95 307.97 
-391.32 221.24 
44.89 -596.58 
53.34 -490.70 
-277.71 432.38 
-117.04 140.67 
528.75 -28.19 
-332.77 412.82 
-46.72 -485.75 
278.96 -310.22 
-272.80 -341.80 
209.96 32.34 
-45.84 474.77 
-354.00 209.21 
-167.98 -412.45 
362.28 -403.71 
-64.99 491.41 
-148.56 330.25 
37.60 576.12 
-387.59 182.74 
-366.69 -427.90 
-194.22 279.35 
-462.43 80.36 
259.79 -498.84 
83.68 277.58 
-193.55 476.38 
 9.65 -232.11 
-253.69 -383.01 
360.25 95.48 
-285.47 -476.05 
88.47 281.01 
-400.24 -223.69 
-189.68 -98.43 
-14.52 -292.68 
-316.89 472.21 
128.86 -124.50 
208.94 24.86 
