138.61 212.72 
15.09 -459.23 
288.84 207.63 
309.00 227.19 
436.84 69.34 
65.25 -338.12 
11.84 -490.49 
525.21 92.16 
218.18 38.30 
372.43 126.83 
-135.38 115.44 
144.28 489.92 
156.24 -40.20 
-333.73 -360.54 
210.42 211.17 
-73.66 478.65 
-368.03 -467.37 
151.32 -506.56 
-229.69 -23.80 
-216.42 -401.25 
476.69 177.35 
366.77 412.00 
-62.44 -196.27 
117.51 -379.30 
-158.96 168.23 
-44.95 23.48 
487.31 335.83 
-411.01 228.34 
-486.52  8.34 
114.33 22.19 
489.23 -165.80 
-6.00 -158.00 
39.33 389.20 
216.63 56.88 
-440.17 -293.83 
94.33 142.97 
-144.33 -105.82 
249.36 -397.96 
71.63 -468.09 
94.73 51.09 
-550.99 119.28 
-304.69 368.11 
224.10 -329.19 
243.72 -150.69 
519.40 181.51 
-75.54 -551.73 
53.06 370.53 
-265.12 -91.85 
-215.52 114.99 
-170.75 -5.69 
488.26 -188.40 
-415.06 192.49 
-354.21 -34.17 
-35.86 472.23 
-264.09 -123.62 
-463.52 -128.14 
