259.53 311.00 
65.17 -197.22 
504.40 -49.44 
328.22 -119.08 
-392.53 350.21 
 4.88 80.32 
480.98 294.91 
-20.06 -549.15 
-300.19 -466.46 
185.99 491.58 
235.57 229.60 
-171.40 -125.62 
-217.44 -542.99 
184.04 -339.82 
-516.45 -187.86 
-372.82 461.09 
-62.64 431.13 
-166.15 292.49 
-433.53 348.65 
50.26 -266.48 
-487.85 223.32 
-105.82 -381.25 
550.36 126.55 
-48.22 87.01 
188.37 -210.62 
580.40 -126.23 
-19.54 -39.45 
399.15 -360.96 
-509.13 -189.00 
-176.37 -268.01 
179.62 -425.43 
513.04 197.69 
304.88 -397.96 
120.86 392.23 
398.14  1.12 
-376.43 182.73 
377.44 -254.51 
529.45 41.24 
-484.16 299.98 
-72.97 298.67 
21.97 -492.89 
154.64 -202.82 
-88.31 191.49 
30.16 266.47 
543.22 -76.34 
-24.94 11.74 
534.32 263.22 
21.54 225.40 
141.59 194.22 
-197.29 -269.50 
-207.24 -499.78 
-275.07 51.83 
154.32 68.62 
-515.11 -155.26 
-313.62 -273.16 
-231.39 -126.93 
