331.92 207.04 
-146.31 93.12 
-35.34 -369.37 
451.22 154.34 
179.00 131.66 
-168.94 -262.80 
-202.96 -93.37 
-50.83 436.65 
-476.90 -217.77 
141.04 -77.15 
324.12 242.59 
-42.05 -161.03 
151.52 198.93 
220.13 -128.46 
441.65 -87.27 
37.32 307.91 
-161.79 315.56 
89.81 -79.94 
496.66 10.69 
-76.49 -283.64 
-169.08 -528.37 
-177.79 -335.11 
284.41 163.66 
341.81 336.97 
-500.55 95.34 
-95.49 -225.14 
-126.63 364.20 
-474.12 204.01 
-4.04 -346.91 
-270.07 156.34 
134.03 -244.08 
-191.97 -478.10 
105.96 -376.13 
34.30 -524.26 
-87.87 571.35 
-165.91 217.16 
-25.63 -517.77 
347.92 -442.91 
253.34 -114.74 
-131.62 218.31 
412.42 -169.41 
-170.54 -233.39 
-62.10 -591.93 
-304.06 -445.70 
-384.62 97.08 
498.81 -298.22 
30.96 579.10 
20.40 183.39 
452.42 -187.87 
507.08 -207.69 
-467.93 -163.03 
105.02 -471.98 
37.60 450.89 
-345.06 -255.60 
-499.67 211.82 
-62.11 580.94 
