-384.14 -81.67 
-98.50 -154.86 
190.42 395.67 
521.92 62.43 
577.20 60.24 
-550.42 -44.04 
156.19 -172.67 
-101.84 -429.97 
477.17 323.24 
331.83 137.13 
-35.83 -11.73 
-582.84 92.34 
-238.22 281.89 
-491.89 -112.37 
-432.22 158.36 
28.08 552.61 
82.22 183.68 
-35.47 526.77 
217.08 -556.28 
-385.28 -4.96 
374.69 -216.19 
-181.80 509.03 
-26.17 -254.55 
-164.13 -86.35 
-385.28 -71.93 
-124.53 -424.95 
-157.54 541.43 
133.73 -483.77 
347.45 -105.27 
17.19 -312.63 
57.31 167.24 
 7.47 -150.44 
208.10 35.13 
-328.01 477.56 
-543.04 78.81 
-43.16  9.06 
-371.05 431.42 
-18.20 -465.90 
-244.73 261.68 
-497.72 156.25 
577.04 -33.67 
331.89 -196.38 
194.55 -85.48 
-163.88 -426.67 
443.64 357.74 
-49.76 -331.82 
-587.78 -93.97 
-544.66 -40.44 
36.36 -117.85 
448.91 226.90 
-138.72 -544.79 
91.91 188.01 
228.22 64.20 
-268.96 241.01 
-58.24 -334.64 
-483.35 297.65 
