-410.79 -302.01 
-564.92 -169.72 
-65.10 592.13 
-77.42 39.44 
-439.72 144.87 
216.66 512.10 
-171.67 -25.64 
136.03 -377.66 
346.54 -375.59 
306.14 206.64 
359.30 106.52 
67.62 280.72 
-116.28 -3.57 
188.03 111.83 
274.33 -441.96 
508.07 224.25 
404.43 -285.00 
193.94 -535.36 
546.64 36.83 
-67.23 40.36 
-156.36 502.04 
-308.23 289.89 
-158.96 -86.95 
-3.34 44.71 
570.86 62.68 
146.30 -518.55 
218.02 -26.51 
-466.28 -180.46 
215.03 88.14 
-88.88 -493.89 
-370.81 -403.76 
-150.16 429.82 
323.83 -31.08 
150.85 27.88 
-65.43 51.88 
-20.39 -547.03 
-235.99 -312.61 
-256.83 -415.87 
-21.03 173.98 
371.29 433.61 
400.87 -133.97 
58.26 73.65 
136.18 350.05 
424.21 102.40 
349.63 359.61 
-160.11 120.47 
64.30 520.97 
-433.69 -254.62 
-94.61 -491.63 
440.91 392.11 
510.17 294.20 
15.31 -450.24 
59.08 -315.07 
-112.70 92.18 
196.87 346.73 
449.68 165.07 
