80.46 234.02 
-36.71 -410.92 
-135.63 -192.41 
-217.08 -435.40 
403.16 188.36 
118.84 -217.59 
96.12 -105.77 
494.09 -145.52 
547.84 91.51 
405.88 -280.00 
-228.64 158.89 
443.59 156.81 
177.72 -105.97 
294.52 79.41 
30.86 -497.29 
-528.79 114.19 
92.47 107.04 
215.64 413.79 
347.11 414.87 
191.46 18.93 
218.60 368.05 
-466.12 349.50 
-208.87 14.44 
-361.52 194.42 
315.23 365.16 
240.38 -416.43 
93.13 82.00 
227.59 496.81 
232.26 -214.56 
-509.26 97.91 
375.37 -113.22 
520.52 13.75 
48.18 212.92 
383.12 -43.06 
350.01 260.96 
-556.19 -4.59 
235.85 -319.93 
505.64 -51.70 
-138.62 -412.08 
-155.44 174.46 
74.52 -478.14 
-224.60 -492.30 
-10.31 -236.20 
-3.00 -595.30 
-414.02 258.52 
-472.09 311.90 
449.44 -117.96 
526.88 205.17 
-340.94 113.39 
570.77 -56.71 
-50.13 239.38 
469.06 -359.47 
-330.19 -442.16 
-406.68 243.99 
498.67 269.13 
-114.23 164.58 
