-355.69 35.93 
-142.85 174.91 
220.57 351.59 
469.52 -11.86 
497.36 -285.82 
-464.87 -60.38 
-279.84 107.52 
-2.15 -592.46 
480.36 -144.27 
-490.96 -180.13 
94.84 482.97 
-305.93 498.33 
562.64 -109.24 
303.96 -352.06 
381.47 66.98 
158.24 -410.82 
-169.39 59.56 
-47.11 -32.12 
-246.87 -524.15 
-411.21 -34.73 
-124.72 -180.58 
-416.22 405.13 
468.95 -330.37 
495.86 152.00 
360.51 418.35 
321.68 -235.84 
593.97 26.04 
-24.17 -19.81 
303.67 -439.42 
-246.65 338.96 
87.38 242.81 
-421.67 -2.62 
-42.00 546.28 
11.01 17.38 
-333.87 -195.30 
548.94 -57.23 
-157.35 215.94 
218.92 35.23 
-323.92 -116.87 
86.90 332.49 
-128.23 -358.82 
-125.73 -262.21 
-557.27 -31.59 
-528.34 170.88 
-309.74 -474.77 
-284.42 272.51 
-396.12 -434.09 
-211.96 343.37 
402.82 -314.32 
-325.99 -181.18 
27.20 -441.54 
-191.18 308.73 
204.99 125.44 
24.32 -200.41 
357.79 -162.75 
210.49 411.59 
