-11.25 -168.04 
-5.68 403.87 
467.74 -143.67 
371.44 -452.14 
228.16 64.30 
-60.14 -550.37 
314.52 -51.97 
-127.63 529.02 
-72.16 -399.23 
25.25 287.76 
277.49 -108.45 
-405.53 149.60 
454.16 -189.67 
137.32 173.60 
383.25 387.96 
51.52 -142.39 
-307.73 -219.62 
-213.50 221.72 
-368.37 426.29 
17.92 -143.73 
-333.40 -372.64 
-297.10 48.69 
-437.06 -209.34 
-245.03 412.77 
-463.72 -104.61 
-103.11 -349.01 
-583.83 -115.44 
216.71 62.41 
-174.47 -24.91 
-447.45 -57.48 
183.59 21.72 
-417.30 257.55 
274.28 446.54 
-564.22 35.58 
293.00 -291.36 
-321.19 -105.92 
122.67 -455.95 
448.54 210.36 
18.28 16.78 
54.89 297.80 
-422.47 -262.31 
68.45 455.17 
-239.81 -512.08 
358.53 37.09 
-303.78 -321.99 
-356.80 393.68 
311.10 -305.19 
414.45 -271.75 
77.71 -328.73 
-374.94 -128.88 
214.71 511.45 
242.85 -284.48 
130.02 -421.90 
-529.60 157.78 
-314.75 98.92 
27.61 -408.60 
