-130.28 -444.60 
-76.69 -449.11 
216.15 -432.13 
159.43 95.46 
80.94 -341.36 
-502.83 -218.94 
287.32 -491.97 
-343.81 -47.83 
-156.12 -275.38 
-55.70 194.55 
340.73 -44.65 
-314.08 499.55 
326.34 355.61 
-391.29 145.89 
 8.79 -493.18 
-218.75 -351.77 
569.77 45.20 
509.69 214.30 
363.58 51.33 
89.10 277.04 
-322.18 203.23 
-198.84 251.24 
228.49 237.44 
491.05 -172.24 
-24.59 450.48 
80.97 -324.80 
-466.98 180.74 
-19.98 307.28 
150.44 -258.16 
-443.99 297.44 
-71.66 -444.74 
118.99 -182.28 
-105.73 302.72 
-458.23 -210.90 
245.86 295.73 
-94.46 -22.71 
459.18 -320.65 
190.20 -367.43 
18.24 488.58 
-343.30 91.49 
294.55 -466.70 
116.62 155.59 
207.21 -417.98 
-413.61 384.96 
-420.30 -34.08 
66.73 542.67 
200.23 -146.84 
163.65 -135.44 
347.52 465.39 
338.99 252.07 
30.33 -410.85 
 8.05 299.48 
-467.84 204.34 
-36.22 -370.50 
-230.30 266.64 
-266.72 126.46 
