-508.47 304.90 
-492.90 -335.40 
44.95 597.64 
231.74 -429.48 
116.63 -257.46 
87.34 298.29 
-224.00 175.28 
-465.15 104.88 
273.92 -489.83 
-278.20 430.71 
-161.35 125.17 
-558.92 -209.94 
278.01 476.97 
-32.46 -459.13 
-396.61 282.73 
-3.63 207.49 
115.23 -402.67 
-299.21 181.50 
458.34 -257.81 
475.83 -40.93 
-430.24 -348.19 
-116.46 222.08 
429.05 -86.23 
-166.56 -348.82 
-165.22 -7.44 
322.13 104.87 
300.99 -147.02 
-475.63 54.93 
20.57 -510.14 
-247.88 204.52 
-234.40 -216.16 
80.53 -409.04 
378.60 -93.38 
-409.47 116.80 
 3.43 -429.25 
-199.79 -494.39 
-484.42 -2.95 
219.63 220.39 
-89.50 230.26 
-36.26 -341.51 
 7.31 -96.48 
-335.25 281.89 
577.78 -109.69 
568.34 -118.62 
564.41 81.89 
-395.16 -78.45 
195.14 313.52 
56.38 288.73 
-225.11 440.08 
-180.61 -184.72 
286.31 -480.78 
-75.58 -225.50 
195.73 418.72 
-219.37 534.17 
-387.87 -174.38 
-252.56 -516.79 
