-490.35 -340.09 
-386.75 -280.47 
44.62 226.54 
-78.09 117.30 
-529.08 -109.27 
262.10 68.27 
303.07 405.32 
-350.77 -174.01 
482.26 -336.22 
45.88 520.60 
243.71 -475.40 
475.35 -314.12 
-143.59 -379.59 
534.46 234.26 
-87.82 -490.38 
187.94 -519.51 
-270.04 -408.16 
451.31 157.09 
595.09 -19.91 
-237.19 505.83 
-178.40 -383.87 
-235.23 505.67 
-66.61 -123.63 
-246.12 -312.38 
-229.00 -511.23 
196.66 298.90 
-327.84 -299.74 
120.42 -215.34 
259.98 -138.71 
131.63 424.79 
303.81 -254.28 
-296.61 202.15 
435.06 110.83 
-263.67 -402.07 
-482.04 -167.16 
188.81 92.33 
-159.01 -399.96 
-434.38 -155.39 
-333.36 -195.49 
-60.46 525.61 
305.24 203.93 
-445.90 -19.79 
478.07 -267.95 
-31.42 -500.18 
-222.02 241.07 
468.57 -207.06 
-49.35 561.37 
300.21 -220.08 
393.47 -77.91 
34.33 164.21 
23.83 -345.87 
330.77 483.26 
435.60 275.77 
54.58 -560.11 
449.12 273.51 
488.51 -177.22 
