283.28 272.50 
125.96 52.15 
-515.68 -84.49 
239.12 405.27 
-231.35 -412.28 
-26.25 -14.79 
-524.63 -65.68 
-350.26 51.57 
-120.63 547.05 
-227.85 482.55 
-182.32 -545.56 
449.97 -336.32 
-220.69 266.80 
554.21 69.98 
514.67 34.93 
506.32 -58.31 
349.14 459.97 
61.55 552.92 
-49.27 393.55 
340.65 -208.38 
444.60 -292.18 
136.30 -497.18 
-408.59 -142.75 
-548.68 -221.58 
-255.77 415.92 
-39.23 558.69 
359.73 -444.76 
159.13 -456.07 
-379.98 -282.78 
127.80 -388.30 
362.09 275.43 
-108.85 219.55 
270.53 -503.69 
-334.73 93.55 
295.79 160.98 
-190.94 -166.77 
-260.85 167.81 
-162.61 394.22 
-470.78 217.35 
-421.97 294.55 
448.07 -169.91 
-447.10 45.42 
-33.57 208.53 
83.69 328.47 
205.10 369.73 
-282.48 137.96 
-145.06 -36.90 
-61.00 483.70 
-24.10 -513.40 
-389.44 -63.01 
-381.91 -364.10 
-162.05 -24.57 
177.38 331.96 
-311.35 174.34 
-548.42 148.75 
371.99 -229.10 
