414.86 162.47 
499.41 -280.72 
108.06 475.95 
362.82 -28.67 
-247.76 349.43 
147.06 171.76 
174.99 545.11 
-96.70 -135.25 
-242.56 -90.40 
-81.12 -576.35 
355.06 -112.85 
90.60 -281.21 
278.52 -22.75 
-17.38 -233.95 
377.93 -346.37 
-339.98 -284.97 
-95.19 -335.73 
-295.01 440.15 
-345.82 284.34 
-29.40 30.00 
-60.78 281.00 
377.70 64.47 
42.21 377.40 
213.37 -432.19 
129.27 493.13 
542.34 10.00 
196.07 -488.26 
-67.90 382.64 
127.54 -247.36 
347.24 -386.24 
556.65 -96.86 
-34.06 148.85 
319.70 362.16 
285.63 -155.37 
-234.04 164.88 
221.38  4.31 
-193.79 523.58 
296.39 474.49 
95.28 380.24 
569.91 95.37 
23.93 510.22 
-230.13 206.56 
183.29 -454.81 
331.77 -263.81 
516.45 126.35 
-375.35 339.67 
-103.91 -197.55 
430.59 -79.47 
-241.14 -525.71 
-92.63 -389.84 
453.19 166.36 
276.40 -80.11 
274.77 -441.19 
512.98 -81.97 
-211.10 561.25 
-214.57 -552.86 
