339.12 374.82 
-221.98 14.81 
-422.17 -289.49 
194.02 -240.64 
-54.05 -137.91 
-153.87 45.71 
-165.56 -502.52 
231.76 -233.56 
363.95 -194.35 
119.06 -464.97 
-32.39 -444.10 
25.04 -105.80 
396.53 240.44 
164.29 167.80 
-331.66 226.20 
-95.84 30.11 
-264.47 336.20 
-465.22 194.30 
303.85 -175.00 
-270.33 -362.27 
541.47 44.51 
-84.91 284.88 
-2.19 500.41 
114.80 60.52 
-36.21 -454.39 
-93.41 -171.26 
367.77 -148.39 
-89.35 -204.45 
-126.03 279.18 
-114.90 -399.05 
-484.30 -99.51 
-572.50 -98.10 
-344.71 -389.20 
-528.31 73.47 
-228.91 517.26 
448.42 -299.43 
-33.55 461.75 
153.67 369.71 
-333.33 317.85 
230.38 -26.58 
-386.60 -50.24 
-9.46 -575.44 
-193.75 -180.47 
-460.89 -276.87 
-307.90 456.91 
-12.96 487.79 
45.89 -150.93 
-325.18 81.60 
103.24 -488.48 
-143.92 505.17 
99.44 367.97 
-358.73 -382.06 
-581.87 -7.42 
-528.22 -220.42 
39.05 24.38 
262.75 284.53 
