-423.61 44.90 
-376.28 -464.87 
-311.08 -374.91 
158.73 -544.47 
432.03 56.40 
559.88 202.60 
169.85 169.95 
46.71 -217.56 
-502.09 293.06 
88.14 14.72 
-193.98 -501.01 
-55.81 -313.05 
192.16 -456.84 
200.89 552.26 
-306.67 -200.37 
467.96 103.92 
184.78 -23.09 
-292.21 -461.56 
193.83 -297.10 
497.06 253.22 
33.35 -412.80 
-469.09 -24.07 
312.11 127.25 
-480.22 -175.31 
-77.26 -418.10 
440.63 237.84 
-51.08 -592.17 
-81.58 460.12 
75.84 -358.54 
571.05 -161.53 
-375.41 47.11 
282.22 -294.78 
-68.21 595.43 
120.67 149.25 
-327.07 239.26 
47.51 -399.33 
127.15 110.84 
-393.10 356.28 
183.27 252.51 
398.98 421.05 
-209.75 -338.02 
355.80 346.06 
84.95 -429.18 
191.98 -84.55 
195.49 -342.21 
530.02 152.78 
382.64 -97.83 
588.30 -115.95 
502.09 162.21 
-77.84 -150.79 
-141.61 -269.06 
471.82 -274.07 
-31.71 -486.19 
360.40 28.24 
277.24 -15.92 
-71.38 565.71 
