-558.99 -23.16 
68.05 79.42 
412.30 229.27 
-170.73 -209.37 
-17.82 -242.01 
-150.39 221.13 
307.66 -169.47 
530.81 -161.28 
-453.83 -180.44 
195.12 427.46 
265.22 282.93 
-242.56 -518.12 
233.10 -126.11 
-373.63 87.68 
-74.67 -9.27 
-131.85 282.12 
363.68 377.71 
-89.25 235.06 
-508.52 -275.98 
449.84 -302.95 
378.35 -123.90 
-426.62 -3.19 
523.02 -138.27 
-453.81 -259.62 
25.12 411.10 
440.53 239.53 
-189.22 59.54 
-216.42 -536.27 
-524.49 247.92 
-145.60 -98.55 
-471.20 -237.81 
-270.16 -135.70 
-94.64 -526.76 
567.27 142.08 
-206.65 302.08 
137.30 -150.67 
-282.77 414.09 
323.17 -275.87 
-275.61 399.76 
-469.81 268.94 
-102.88 -337.92 
51.17 562.97 
-137.68 -231.19 
-415.51 -370.61 
27.34 -538.79 
-501.02 12.73 
111.93 -260.21 
-173.86 288.97 
-462.05 -21.77 
-409.59 -411.20 
36.75 210.14 
204.62 526.37 
405.85 -375.74 
-335.54 470.73 
-406.94 408.08 
-31.41 50.19 
