321.65 -463.70 
259.01 113.71 
-189.05 -308.24 
34.93 101.92 
-369.68 127.44 
165.13 534.10 
133.37 322.66 
454.82 -308.10 
149.79 356.15 
-484.50 283.37 
-553.25 -74.87 
300.02 -399.94 
-378.56 385.44 
-76.48 69.44 
392.77 229.80 
77.02 -167.08 
-4.24 -185.30 
128.69 -76.15 
-470.51 -296.89 
98.75 414.97 
-112.40 -529.49 
-52.71 -75.92 
-83.74 359.84 
404.27 280.60 
-338.95 300.19 
21.71 154.51 
412.32 -112.53 
203.91 -34.77 
-265.83 -474.58 
-115.32 154.21 
61.67 -539.05 
-146.99 -55.22 
-273.74 211.29 
147.28 -288.32 
-250.43 -92.41 
 8.92 428.05 
-168.71 -431.85 
453.04 -318.52 
-261.54 -424.64 
-466.91 -41.47 
-205.17 -24.78 
231.48 17.31 
367.86 -315.80 
258.44 -108.46 
-131.25 -537.47 
-77.33 428.59 
-150.10 -307.05 
416.01 243.69 
-235.28 429.12 
263.93 -487.97 
265.89 275.23 
411.53 -45.13 
-74.90 -250.62 
-174.86 258.48 
403.94 -320.17 
-322.43 334.17 
