488.49 -201.87 
-475.22 -11.95 
-278.64 -375.24 
-142.78 -210.30 
-446.22 283.12 
-252.90 -393.38 
81.08 34.87 
-454.03 296.79 
-31.19 -440.25 
119.39 -7.30 
-175.30 386.81 
-580.13 132.58 
-200.15 256.22 
-213.88 324.60 
413.13 152.80 
-398.01 -72.50 
-347.87 -355.01 
510.32 -68.01 
-92.05 -41.52 
-286.02 427.74 
-37.64 -369.67 
487.37 323.55 
-29.72 -21.97 
269.39 137.51 
-528.16 -103.06 
396.61 -174.18 
-46.75 233.25 
13.70 86.12 
462.00 -99.52 
-5.76 498.88 
-383.31 146.38 
-273.89 -77.99 
91.38 170.54 
-135.63 505.16 
47.55 531.45 
436.46 -271.17 
186.33 -544.34 
130.39 43.28 
-329.77 401.99 
-353.68 -470.91 
-50.81 -400.21 
537.62 59.94 
-49.74 -527.29 
20.10 187.73 
-138.27 -277.29 
394.00 330.02 
480.81 -8.50 
165.42 -118.05 
406.56 -346.31 
339.87 90.91 
-235.68 -233.37 
412.10 198.11 
-501.32 212.85 
219.65 -549.10 
382.56 154.39 
426.03 275.86 
