-410.20 -60.10 
-37.48 504.92 
304.66 164.69 
374.22 -116.15 
-131.14 197.73 
337.72 -11.78 
294.66 504.22 
-239.15 133.22 
296.22 -517.20 
405.51 234.90 
306.09 -103.49 
160.82 122.28 
21.66 -589.42 
-252.03 385.62 
-264.73 -492.57 
-238.18 -435.31 
-49.13 455.02 
190.28 -437.73 
-155.65 -37.35 
-227.40 -302.83 
-251.49 374.57 
-326.44 -179.08 
357.85 -428.74 
-3.73 394.08 
474.18 18.49 
-67.74 -296.12 
-329.06 -321.58 
198.96 -547.65 
445.50 -264.72 
164.71 246.65 
26.83 -229.19 
73.81 355.16 
-217.73 74.96 
-160.15 -288.90 
378.24 209.12 
-484.94 36.68 
230.45 -358.19 
-393.73 -442.32 
546.52 -40.55 
-125.48 -583.94 
-428.81  6.67 
319.01 -280.19 
357.54 461.10 
-496.95 -242.88 
362.51 102.27 
-86.01 210.53 
387.13 363.78 
-166.41 -573.91 
19.05 405.34 
-533.87 211.30 
344.83 113.13 
287.45 103.21 
-174.45 251.91 
-80.66 -397.14 
-440.12 -302.50 
-486.06 -121.02 
