-410.97 216.92 
-121.68 -444.98 
-99.18 553.88 
-106.03 57.66 
-1.71 107.27 
-269.03 -128.68 
115.65 300.57 
-8.89 591.86 
-275.43 -58.21 
-160.04 -167.12 
-182.59 -249.51 
-332.83 498.08 
-267.81 -128.63 
406.12 331.76 
-293.77 115.32 
331.86 -462.72 
139.40 307.37 
334.62 430.66 
559.57 70.26 
-223.05 350.67 
470.90 -168.55 
-469.72 24.60 
-355.41 38.59 
50.81 164.46 
-267.56 152.00 
92.96 134.05 
567.34 -70.02 
-40.25 -323.89 
-100.77 -142.61 
-218.28 203.05 
-226.32 -436.21 
365.46 472.70 
339.82 -414.91 
594.20 36.94 
244.37 -538.02 
 1.21 399.82 
-242.94 -100.27 
-288.64 -250.22 
81.51 38.64 
481.09 -192.41 
459.91 269.65 
-144.64 67.20 
-350.11 -328.28 
-79.71 280.61 
-122.03 -528.23 
-339.95 -95.00 
16.13 98.10 
-234.44 62.29 
-280.34 228.27 
-77.42 569.30 
11.89 -317.46 
314.19 85.57 
-13.90 194.43 
-11.36 577.48 
-283.60 398.38 
 7.98 501.72 
