242.47 287.08 
115.00 275.65 
-85.67 -309.50 
216.52 -150.51 
-482.61  9.87 
483.98 220.51 
75.47 -464.72 
-274.22 201.37 
-29.56 431.78 
182.46 -232.43 
-11.24 -161.69 
-108.68 -54.26 
156.73 54.55 
444.05 -180.04 
-473.54 313.02 
-27.36 381.32 
-227.81 -262.68 
241.52 397.94 
-196.10 557.76 
30.43 553.80 
-488.69 -45.41 
-120.52 -372.18 
-282.44 -359.40 
-50.72 133.46 
353.51 141.49 
214.65 218.16 
219.50 -499.12 
313.11 -398.88 
-592.82 -9.01 
209.76 545.46 
-539.62 124.19 
139.82 414.16 
-300.92 -297.40 
22.28 396.77 
35.84 -398.30 
-78.75 136.58 
-109.61 -11.03 
18.86 -307.24 
194.92 -15.31 
-379.52 338.00 
71.21 415.86 
131.18  7.49 
250.98 -94.27 
-371.71 187.59 
-265.94 -292.46 
69.94 425.71 
-238.71 182.91 
473.04 -267.95 
-449.73 157.14 
-315.65 497.88 
63.68 23.41 
-293.99 59.35 
-461.98 -258.03 
-103.00 -479.04 
58.36 361.36 
378.66 433.24 
