137.81 -487.23 
302.51 -366.39 
-92.78 -29.15 
-295.88 -256.81 
15.21 -558.33 
-200.52 -317.23 
-33.17 -493.53 
-574.21 54.89 
249.61 154.30 
-0.83 -295.36 
-377.03 199.23 
-65.12 -308.49 
-248.64 331.15 
-20.17 174.55 
-43.12 -231.61 
-72.50 -477.74 
131.14 541.94 
325.55 -281.35 
161.48 464.26 
-455.44 -142.35 
-127.52 -542.12 
42.64 428.79 
306.66 427.92 
-276.79 -410.26 
66.71 -161.22 
-465.59 -317.64 
-377.61 -78.50 
149.52 554.74 
-23.55 541.78 
380.08 223.19 
-161.05 409.93 
-80.34 -313.62 
-405.61 269.96 
424.67 67.75 
-197.18 -245.69 
-427.41 -106.84 
316.00 211.17 
-10.21 -521.89 
-121.53 -403.78 
-234.40 527.73 
380.76 332.21 
-440.19 -60.92 
-108.52  8.62 
-246.36 -156.81 
-478.84 183.46 
315.49 -386.58 
-386.43 113.60 
162.83 -571.82 
20.90 -266.96 
197.77 -202.03 
-288.40 382.89 
312.23 -84.61 
-200.13 110.53 
528.26 -165.56 
211.16 84.79 
274.09 299.58 
