-403.96 -183.31 
335.25 204.96 
312.57 182.69 
-63.89 221.19 
358.68 447.68 
-77.16 -530.11 
-411.41 274.73 
-160.37 -481.15 
263.44 472.73 
84.17 448.92 
313.74 443.53 
283.84 -206.94 
-11.22 238.89 
386.47 298.73 
-246.98 -469.00 
61.26 403.96 
107.06 288.68 
522.37 -63.66 
86.72 417.19 
-64.86 -576.23 
218.00 -96.99 
-342.66 -345.88 
279.85 391.87 
243.09 -399.49 
-424.75 372.21 
-93.15 573.27 
-342.90 -172.16 
-373.41 -132.65 
-324.31 -159.15 
74.23 -253.44 
-247.67 -490.83 
95.07 -443.09 
-68.59 565.17 
477.25 -131.39 
-157.55 -320.65 
-267.05 -285.66 
-159.89 -574.73 
-291.82 -85.72 
-175.99 -545.16 
41.26 250.96 
-363.78 140.08 
-541.62 -17.86 
-394.40 265.72 
497.56 11.10 
363.41 -51.95 
353.41 -450.93 
-0.82 -271.61 
279.31 -115.97 
27.64 426.26 
-463.19 -277.01 
-193.96 -566.16 
-179.83 -243.40 
-504.71 28.65 
 0.57 490.30 
 8.22 151.42 
135.40 -81.89 
