-100.45 -265.24 
-131.26 -174.09 
-368.70 128.43 
431.17 -312.15 
-511.17 -116.95 
-499.43 -89.01 
253.38 -412.04 
-217.39 226.04 
310.27 -131.41 
343.90 -163.13 
-191.68 237.74 
358.18 413.84 
-311.64 33.14 
 1.47 436.35 
426.46 -190.24 
-321.75 -323.86 
330.68 -342.70 
-149.04 274.90 
-83.12 -108.13 
140.61 -353.73 
398.25 -254.66 
-12.53 466.66 
69.06 537.71 
-513.85 57.27 
-406.75 106.34 
-357.98 440.42 
-230.96 247.52 
-212.18 137.44 
-380.73 182.50 
-214.08 -279.65 
-340.68 -435.85 
-245.97 473.75 
-376.81 337.53 
-57.47 76.96 
-563.77 131.78 
-0.78 533.10 
400.92 -339.12 
326.46 -379.64 
129.57 -221.07 
321.18 123.68 
82.36 137.21 
-54.47 -215.71 
-56.97 143.13 
53.91 -104.21 
258.92 409.80 
181.89 -214.01 
334.32 -90.70 
183.80 -183.07 
-171.75 -185.88 
384.23 57.90 
-159.02 -405.57 
592.52 48.53 
-116.94 287.84 
30.06 60.94 
138.39 -342.40 
513.10 -282.31 
