42.14 -350.70 
-99.14 525.84 
370.74 287.72 
69.70 464.39 
502.17 206.55 
-140.64 575.18 
576.24 -136.52 
-555.39 -206.74 
-78.26 95.70 
-493.89 -243.40 
-147.46 -574.30 
-65.24 -387.09 
-134.30 327.53 
-296.94 170.37 
314.94 -97.27 
388.03 178.12 
-40.78 293.46 
-333.63 152.93 
-117.95 -261.66 
-511.29 -32.65 
-122.05 521.76 
336.50  9.81 
370.50 -107.44 
232.11 -147.58 
83.21 -50.04 
-132.10 246.55 
 7.94 110.10 
-155.44 -374.85 
353.35 -116.01 
80.26 413.58 
-57.97 221.97 
-196.19 -280.77 
-312.91 -492.53 
-384.12 111.56 
369.22 -276.77 
-456.97 -69.78 
-276.44 -241.28 
314.68 -505.45 
-145.07 294.82 
176.12 124.96 
-77.30 -302.27 
-56.60 -292.35 
123.67 -324.66 
-200.64 -60.63 
-3.68  0.30 
137.38 296.22 
426.87 -78.14 
111.56 -329.64 
-193.81 415.65 
-367.50 -330.18 
-46.79 16.83 
-559.69 -14.94 
-448.29 -266.57 
517.25 -303.36 
-370.85 -263.73 
-365.74 49.88 
