322.29 16.65 
94.69 -455.34 
-187.10 -322.49 
303.73 -41.23 
-435.34 -263.90 
55.34 -503.16 
12.78 106.92 
-399.00 115.47 
200.07 379.63 
-32.39 -542.88 
59.09 -122.55 
293.18 53.58 
511.46 180.67 
-493.63 -194.19 
139.48 -300.53 
-305.69 166.24 
318.95 343.89 
392.73 -0.57 
-245.05 471.23 
281.63 -484.78 
-246.02 169.90 
494.54 42.36 
491.64 215.86 
131.82 264.34 
406.74 387.45 
-467.05 -111.19 
-215.59 -73.71 
-14.99 569.65 
128.81 295.97 
-325.92 -127.04 
316.68 -300.79 
-360.27 273.33 
277.82 -192.68 
-195.80 -368.39 
263.45 -62.94 
-515.41 37.32 
-127.21 -331.58 
242.79 -467.43 
-90.68 -59.19 
91.40 -93.31 
56.51 -163.02 
-190.17 -0.75 
414.52 403.21 
286.57 208.90 
-55.38 -159.82 
351.93 35.47 
307.12 499.22 
203.78 -25.89 
209.45 217.03 
169.16 554.44 
495.65 306.64 
46.43 -25.34 
-519.03 -185.84 
346.03 456.34 
-15.88 -598.15 
217.68 15.94 
