-446.13 326.88 
109.34 -544.28 
-122.31 453.59 
-188.78 501.93 
214.31 418.38 
255.80 430.75 
-4.90 406.10 
-518.67 -290.17 
-287.13 376.57 
47.55 -397.21 
95.48 -79.57 
523.05 13.14 
18.88 483.81 
-39.93 385.39 
-69.48 -406.65 
484.33 -164.72 
-366.67 46.25 
45.70 160.16 
410.68 58.27 
-86.55 299.50 
-220.97 452.24 
-442.37  7.42 
-522.33 -226.99 
427.06 -12.23 
-482.24 -279.65 
481.75 114.66 
-417.48 368.97 
377.05 -155.03 
-84.43 406.62 
-224.69 -550.62 
-238.65 322.43 
334.25 230.48 
-142.66 -125.15 
-310.61 501.49 
276.37 -126.86 
-239.86 120.33 
-180.17 304.24 
-2.75 333.43 
482.08 -97.15 
-423.54 56.06 
179.66 242.21 
-357.19 155.01 
113.88 -213.98 
75.37 235.45 
185.61 532.69 
39.03 501.62 
 9.16 -426.22 
423.11 -380.81 
29.86 552.78 
206.79 -150.79 
41.92 -280.19 
-25.47 -549.52 
-356.72 -395.48 
-71.47 517.67 
216.99  8.52 
401.22 237.18 
