206.12 343.53 
-144.67 -53.01 
-356.17 -129.71 
-363.21 50.12 
279.67 -318.91 
-126.95 -208.86 
-413.49 -84.28 
-337.46  0.73 
103.60 -327.84 
-200.32 -18.43 
 2.68 331.60 
-480.10 -290.02 
-323.64 215.05 
-519.87 -236.44 
-162.12 -134.48 
64.58 35.57 
-478.58 -72.81 
-155.09 -92.82 
90.73 -325.64 
-346.15 30.77 
171.69 -339.43 
113.42 -395.67 
398.45 -262.45 
151.91 -414.89 
59.00 328.49 
462.03 -164.38 
165.89 118.19 
-150.67 -74.32 
-68.22 -33.90 
 8.95 -597.83 
191.58 490.12 
65.23 -181.93 
-509.25 -106.18 
-231.77 -398.94 
-418.64 115.72 
-366.44 -254.34 
139.60 -116.75 
-341.74 76.92 
-350.52 -316.45 
-377.60 -180.36 
19.94 515.62 
-300.30 -277.81 
-351.45 -484.16 
335.22 -230.08 
-318.82 373.50 
288.47 -189.34 
-521.99 -80.40 
122.59 164.25 
397.99 127.99 
-1.04 380.78 
-364.66 177.83 
-477.94 -200.10 
260.76 -220.97 
86.31 535.87 
-451.28 -334.38 
227.65 553.19 
