-32.71 -186.61 
293.84 325.23 
-110.96 -311.43 
393.41 390.57 
-94.10 402.25 
-117.62 23.14 
292.58 -125.30 
491.47 -108.31 
-175.05 548.59 
347.16 39.34 
-398.79 -409.45 
92.94 542.54 
-353.31 122.65 
453.94 108.70 
-446.38 -33.12 
-92.89 -190.34 
533.22 -189.38 
156.82  7.36 
-419.66 -295.42 
-98.28 -288.40 
147.52 387.29 
-77.79 513.18 
-112.43 501.35 
-126.46 -194.02 
-153.38 -476.03 
-210.37 248.49 
-442.03 365.10 
-309.01 95.04 
161.89 -86.62 
-214.26 -435.04 
-462.42 306.02 
-439.69 -192.43 
557.23 134.24 
215.69 -484.00 
210.08 -269.48 
-270.32 -525.02 
-185.61 388.22 
58.44 193.96 
330.54 120.02 
 4.15 227.60 
261.76 416.02 
-12.25 114.47 
127.05 244.23 
259.31 216.09 
-175.03 273.64 
80.63 -68.38 
409.75 -363.04 
-396.77 125.63 
-242.49 -437.43 
-237.31 465.90 
-268.53 14.58 
65.97 363.36 
-564.74 -195.37 
-288.48 445.43 
208.57 -292.01 
-239.73 134.11 
