295.59 343.17 
87.85 284.16 
341.21 -279.03 
-144.82 -239.87 
386.72 218.95 
-260.33 -520.81 
-184.78 89.95 
549.55 -52.68 
21.57 -217.38 
247.04 -330.09 
313.61 203.48 
-136.34 -13.62 
102.51 -286.03 
69.34 31.69 
-26.34 233.82 
-216.29 -171.57 
-530.11 -229.85 
135.17 -34.73 
234.84 165.40 
62.59 27.00 
61.80 -515.75 
508.26  7.04 
-183.85 210.52 
-152.10 -339.51 
-200.70 -468.06 
172.03 92.68 
-416.91 139.68 
-414.14 -277.54 
 1.77 481.01 
-110.30 -36.10 
-508.55 177.00 
-184.82 -335.13 
569.88 -182.03 
68.66 -263.13 
229.32 64.26 
-239.82 -549.89 
250.70 -391.93 
-152.82 -227.21 
42.91 465.66 
-273.97 70.53 
-587.18 19.78 
247.37 -299.82 
-117.86  2.31 
-106.53 -432.90 
-84.93 432.56 
-42.66 -243.90 
-572.35 57.52 
239.74 -544.78 
81.84 -575.72 
-15.30 273.68 
236.02 -255.01 
123.89 555.91 
-153.78 -216.87 
501.63 275.74 
-318.16 237.17 
-125.93 -264.68 
