-50.01 -341.20 
425.09 -71.49 
413.60 411.52 
138.65 412.55 
29.94 -250.77 
-106.67 152.18 
-390.99 -132.80 
-116.64 500.20 
-403.83 410.01 
304.71 -200.43 
-36.64 -149.95 
242.57 81.82 
495.97 -193.69 
448.97 -112.58 
-105.07 121.80 
197.43 122.64 
232.79 383.62 
-172.22 -342.02 
-525.25 137.23 
157.81 108.43 
-29.48 -205.52 
-290.60 -4.61 
-245.01 130.33 
-268.87 -354.34 
479.62 201.96 
-102.00 -519.33 
-147.52 -522.57 
-57.12 -57.78 
80.09 -3.16 
393.89 177.83 
31.64 596.77 
514.05 193.40 
-326.74 -308.43 
486.13 -155.78 
158.54 -210.78 
-577.05 -140.29 
-146.91 474.91 
310.64 483.98 
 4.29 128.06 
486.27 -2.40 
136.56 27.64 
-268.76 -184.56 
-170.79 -243.39 
570.07 42.56 
198.94 279.99 
91.56 -19.62 
-15.30 -574.30 
-346.30 443.50 
-179.56 -123.93 
485.97 -320.37 
313.32 -286.86 
97.27 45.93 
-126.93 -197.23 
-451.64 -44.79 
-181.30 498.28 
-150.60 -574.98 
