503.55 -136.20 
-413.75 -407.10 
112.58 151.93 
198.58 123.98 
103.07 355.84 
101.86 -116.29 
300.22 349.93 
144.97 66.49 
540.85 166.35 
-24.66 -173.02 
336.32 107.73 
61.47 -188.01 
-467.45 -361.15 
563.30 -121.11 
101.25 -274.77 
336.07 -43.13 
557.00 185.05 
378.20 -326.69 
-90.71 -450.16 
-305.00 103.66 
55.67 492.61 
-476.35 -247.99 
-50.11 -67.63 
-204.23 238.35 
513.51 69.42 
34.70 100.05 
-24.96 -33.67 
-557.91 80.44 
-10.56 147.95 
-153.80 447.73 
-241.76 -406.03 
 3.29 78.59 
-57.04 -62.07 
-281.43 -444.01 
-412.00 279.33 
319.76 -78.19 
-49.20 193.17 
-423.25 -86.67 
538.39 -122.56 
-171.24 -474.45 
-248.14 -248.16 
363.71 -267.35 
-134.97 468.44 
245.90 396.20 
331.94 -54.05 
-482.01 -278.65 
256.40 251.39 
-295.73 503.01 
-203.85 -240.41 
-6.72 -443.26 
-274.81 182.82 
520.50 -146.29 
83.39 23.68 
-24.58 -242.43 
449.35 -274.54 
-35.40 -97.65 
