-19.13 -228.51 
-31.98 -98.39 
-277.23 -366.62 
-339.65 -232.67 
375.72 -121.01 
252.33 182.12 
-250.39 -504.38 
-440.98 183.24 
486.61 -36.01 
367.69 -335.38 
167.21 254.30 
75.55 77.51 
-438.83 216.99 
41.37 -73.02 
-314.36 125.17 
-512.72 -110.31 
344.93 -208.00 
-193.86 132.32 
211.01 -52.83 
-120.17 -561.66 
-111.91 477.39 
75.88 85.73 
198.40 -432.71 
305.00 103.86 
-457.65  4.66 
321.24 -192.15 
-207.71 198.28 
123.94 -575.93 
144.62 335.36 
199.60 173.72 
-310.83 -36.20 
-112.38 -392.99 
27.28 190.30 
395.77 37.23 
-311.53 -196.56 
128.22 482.32 
182.46 228.61 
-157.44 -18.79 
-95.52 -312.61 
-303.24 222.87 
-323.03 -502.02 
-373.62 -299.81 
-326.33 170.67 
-353.26 -31.99 
-131.15 357.38 
-458.55 -52.83 
-267.20 46.92 
-49.38 67.04 
-291.42 292.60 
398.03 307.45 
-437.25 -78.54 
495.65 -248.11 
219.29 128.52 
-273.18 361.67 
-45.17 -247.37 
507.11 318.64 
