403.92 399.31 
-350.83 -411.82 
-34.18 -559.83 
109.87 -576.07 
442.81 220.81 
-338.11 419.33 
211.16 -476.89 
26.80 -521.49 
156.03 254.89 
332.75 -408.83 
-289.42 311.86 
-518.58 241.72 
-68.28 -155.66 
-557.37 -42.61 
-88.98 -311.34 
156.98 -360.55 
117.78 562.52 
-574.25 -112.62 
-91.12 492.49 
-25.81 549.60 
200.43 450.30 
227.68 92.29 
33.44 98.66 
-6.18 -164.94 
141.07 533.27 
208.15 289.19 
85.36 -561.32 
-187.29 -225.12 
198.73 214.08 
-258.99 -93.85 
-139.69 -430.03 
-542.21 -213.85 
374.34 -10.43 
328.50 -399.50 
305.12 -93.60 
-321.54 -243.31 
328.29 -275.36 
398.40 -402.88 
106.52  9.01 
-183.69 -281.28 
297.14 -104.11 
114.08 -547.86 
-586.59 -7.61 
520.11 17.16 
-261.28 235.60 
229.04  6.88 
231.53 -532.32 
386.37 -168.28 
444.37 -364.87 
15.00 444.95 
272.30 -306.29 
-258.19 -170.11 
16.76 272.52 
-142.44 -388.94 
-384.01 -32.60 
102.67 -487.93 
