206.98 547.71 
-193.89 101.94 
499.88 -286.97 
-229.77 -329.26 
18.33 -584.78 
-495.23 50.52 
254.95 -379.61 
-342.00 372.17 
47.81 -579.83 
574.45 20.90 
111.67 -498.22 
-521.28 14.60 
-310.70 -466.41 
510.73 -313.66 
-13.89 129.68 
-308.09 193.19 
-87.97 -338.32 
-99.57 -75.58 
-109.69 -528.06 
38.43 -377.63 
-199.98 -522.96 
-109.04 449.30 
306.28 -341.70 
-331.58 -111.29 
548.49 -96.28 
289.80 33.69 
-89.45 28.79 
-244.03 -47.96 
152.53 239.91 
-282.89 -362.99 
358.80 153.40 
433.85 51.79 
256.02 -254.87 
-296.46 198.17 
-417.82 -3.46 
-453.69 89.49 
-5.07 -445.09 
-365.18 330.84 
-175.01 83.66 
269.65 -423.19 
40.75 339.33 
-421.12 -54.46 
-21.58 -428.29 
52.04 218.16 
-273.63 524.24 
-246.65 75.94 
-436.02 184.96 
-150.75 -139.86 
217.36 -456.39 
55.51 -94.55 
-340.70 478.43 
-314.29 -129.34 
366.19 321.61 
-81.66 50.60 
-456.95 -357.34 
70.10 167.47 
