-499.41 -58.31 
-18.16 -240.34 
427.26 187.68 
-293.94 135.30 
320.60 -168.95 
159.92 578.13 
287.79 -195.90 
-170.76 549.02 
-155.44 73.87 
557.77 -142.89 
176.88 -537.98 
-33.68 -567.93 
145.88 -471.16 
-131.89 289.36 
-252.33 -6.72 
-202.01 -463.47 
 4.11 -103.26 
252.86 309.82 
239.66 -179.71 
333.26 -106.52 
358.94 134.82 
-416.28 246.03 
-200.70 425.41 
-217.34 30.72 
-117.71 494.04 
-130.76 -98.02 
350.57 26.56 
-424.47 54.56 
-526.65 -95.73 
335.18 -53.79 
-542.84 -53.64 
-429.00 -25.47 
-347.29 83.02 
-69.89 -92.30 
-317.00 296.45 
391.96 -310.69 
470.18 31.88 
-559.89 -110.92 
440.28 36.01 
-300.11 -16.13 
257.51 203.38 
450.41 -213.08 
376.70 46.59 
-397.06 417.56 
-214.75 -556.44 
461.49 -44.60 
392.59 -367.94 
467.81  6.74 
-429.84 -84.41 
-135.02 -460.05 
-171.00 507.16 
233.23 67.60 
407.34 -160.79 
63.09 -280.25 
163.42 107.85 
296.75 199.03 
