-294.34 246.67 
374.29 -320.93 
126.48 402.06 
-401.03 -152.55 
200.67 528.26 
284.05 -123.51 
438.10 294.54 
-122.34 -151.57 
-169.44 348.11 
-393.04 -399.43 
97.87 -257.78 
-208.25 -318.45 
-404.05 122.70 
-61.78 54.42 
456.74 98.71 
172.89 -458.82 
221.39 -500.91 
153.85 23.56 
185.34 -477.40 
-148.02 -256.58 
164.46 -235.36 
-378.41 341.39 
390.42 -106.40 
347.92 29.84 
330.23 164.53 
-108.64 -17.38 
-166.88 -12.00 
-40.83 556.69 
341.81 211.71 
-547.24 127.15 
-122.66 -340.99 
22.10 119.82 
500.78 -169.75 
269.25 -233.69 
-365.70 -187.71 
-486.38 335.94 
242.12 -355.44 
111.42 -160.45 
313.11 -66.81 
-481.21 -321.12 
-361.61 282.93 
35.42 -28.90 
-141.49 -317.05 
361.34 -273.12 
-383.22 371.20 
-213.18 -134.92 
-36.57 -534.15 
523.18 -13.19 
-99.46 362.39 
510.85 -199.14 
-451.33 -253.74 
139.99 -291.29 
-119.07 -37.01 
-425.38 -380.87 
270.84 -75.63 
-146.78 169.80 
