-397.25 -15.09 
320.18 249.56 
485.96 -163.41 
326.53 294.52 
261.21 -190.29 
369.35 -364.96 
409.80 -85.56 
297.18 390.31 
167.52 360.44 
457.83 126.64 
-224.77 152.62 
-105.06 -539.60 
144.24 -162.25 
-519.89 -73.07 
330.99  0.47 
-99.52 -226.44 
-32.73 -223.68 
257.71 34.90 
-137.27 34.29 
-140.68 -221.38 
127.95 308.00 
-285.97 157.77 
578.05 -84.57 
540.34 73.25 
335.44 -216.64 
-434.79 -311.55 
106.79 -524.40 
393.15 14.50 
-253.04 -440.02 
476.77 -174.85 
-293.13 -261.01 
473.88 -292.55 
158.63 128.24 
33.72 314.44 
-295.80 154.17 
85.44 -103.48 
-151.70 19.18 
353.79 393.99 
366.12 446.92 
92.55 50.71 
483.86 -227.02 
304.72 51.01 
272.52 -183.64 
179.95 545.44 
-440.70 88.74 
-174.77 178.67 
-383.33 -105.18 
-526.38 10.38 
139.77 312.48 
-286.70 402.67 
-107.79 -173.72 
-465.85 -301.19 
208.91 -543.94 
562.71 -169.99 
112.75 517.04 
-276.42 -62.72 
