-269.97 458.75 
-588.27 -81.53 
160.95 -478.90 
-260.66 -90.19 
-89.67 231.35 
315.42 94.53 
576.08 73.68 
-556.34 -82.73 
-125.19 352.82 
-232.93 205.06 
219.92 229.89 
-34.94 74.75 
-571.08 50.23 
-14.01 -138.31 
86.90 -101.27 
-373.06 49.25 
519.90 -113.92 
-128.14 429.03 
-295.63 -280.62 
-113.61 135.21 
-213.95 538.40 
257.92 -122.73 
-366.87 -247.27 
 2.73 372.87 
213.89 105.34 
-443.94 -22.15 
235.10 -151.79 
-197.00 44.40 
-106.27 -262.72 
-477.74 83.09 
317.19 -377.29 
-88.81 -465.39 
-469.50 -259.30 
-65.28 -13.62 
288.66 -380.79 
-228.17 137.23 
191.87 -451.67 
502.02 -22.65 
351.07 287.28 
88.73 67.07 
37.54 55.17 
-125.02 -227.55 
71.94 -426.50 
292.25 -351.80 
132.64 -157.65 
141.72 -145.61 
-436.37 -2.39 
-23.44 -376.04 
335.71 138.94 
-124.53 80.63 
339.02 154.16 
284.85 134.39 
502.43 216.57 
433.00 271.47 
124.54 477.44 
135.72 -547.62 
