-43.03 253.38 
-291.13 121.36 
176.62 277.55 
314.79 173.56 
340.53 442.01 
-239.07 473.40 
95.60 -577.42 
-347.18 96.41 
-143.19 -209.37 
299.31 171.22 
545.90 129.87 
-470.08 330.45 
-300.87 -138.15 
-119.27 -278.51 
-71.19 -293.00 
-452.24 48.97 
151.78 63.55 
-17.96 261.84 
-15.29 -76.31 
-130.51 40.80 
-334.60 -256.64 
-41.09 381.28 
-454.18 18.82 
313.41 -206.57 
46.93 -367.03 
364.85 -382.65 
44.50 76.23 
247.08 -520.79 
224.36 191.90 
-9.84 -461.27 
-359.72 349.50 
37.82 -25.01 
-359.49 -467.11 
591.79 34.53 
324.71 208.29 
-28.64 75.06 
357.53 146.62 
-166.64 -12.31 
23.95 262.05 
-427.36 -142.96 
-45.18 440.46 
121.75 514.10 
-558.92 -99.90 
-23.74 362.89 
-82.84 173.58 
117.41 -176.38 
-177.92 403.23 
-475.89 -259.59 
-349.92 263.88 
-259.46 -150.39 
110.27 -480.29 
105.28 -466.21 
113.14 -215.69 
564.32 -89.94 
-355.16 331.86 
455.02 155.96 
