-97.00 -318.96 
322.85 -73.23 
-389.52 135.69 
-518.41 186.77 
369.94 214.41 
329.05 362.07 
219.78 -471.58 
-77.05 -77.05 
40.76 -576.03 
-16.42 -531.94 
586.04 -27.94 
-148.16 -92.46 
168.40 -291.66 
-105.54 -367.38 
212.60 299.80 
-233.41 360.02 
180.25 -451.10 
-354.16 -79.49 
-262.46 -498.36 
-354.22 -372.52 
-442.34 288.68 
-142.89 210.71 
556.13 41.03 
138.71 -347.28 
349.64 -353.68 
-86.91 -578.05 
-22.12 -599.16 
512.79 255.18 
-285.04 93.34 
-71.78 351.45 
219.64 147.11 
-542.37 142.61 
276.89 93.50 
586.31 50.23 
127.43 -430.57 
-53.48 -92.22 
64.30 -381.05 
-91.01 412.75 
-339.87 -388.66 
355.46 276.14 
-196.01 468.46 
-335.80 -183.44 
-403.90 -31.79 
205.87 349.37 
132.34 -152.45 
58.49 -344.54 
-308.53 347.14 
206.00 384.45 
-159.65 -268.52 
308.50 437.80 
190.26 -474.52 
91.83 -3.62 
-147.21 -435.61 
256.57 -425.06 
152.36 -283.52 
54.37 -315.22 
