56.12 -141.19 
14.52 324.01 
290.80 163.41 
323.05 271.43 
-485.32 -22.64 
-316.24 402.54 
-32.90 -493.49 
502.95 -45.48 
68.65 254.73 
-40.13 514.78 
-175.63 -340.46 
510.67 -11.90 
270.85 -529.65 
334.47 136.32 
115.75 488.42 
-29.52 -422.45 
156.02 404.68 
-226.26 -433.49 
-156.65 -138.22 
-440.69 79.82 
-52.21 538.64 
240.80 202.69 
-258.12 -457.26 
-126.41 416.79 
-438.00 -44.07 
-459.84 -10.92 
-32.40 -92.99 
-236.86 -286.50 
-274.50 515.12 
232.80 -409.55 
-399.78 -204.19 
-16.15 -240.55 
76.12 -528.86 
364.92 -469.03 
240.93 -365.51 
-234.33 250.19 
-212.90 -132.33 
232.59 546.39 
-520.87 -31.62 
-439.23 -49.91 
-109.05 -453.41 
283.72 -11.46 
-310.33 -435.12 
18.50 125.06 
61.64 240.32 
-153.39 515.45 
-354.56 317.19 
-162.17 305.57 
201.79 -73.52 
-155.44 369.53 
-20.05 48.19 
-80.35 379.94 
248.82 -456.45 
285.46 -390.45 
94.97 31.96 
207.37 -277.40 
