-183.99 -110.50 
-109.55 282.14 
-532.48 -102.32 
-269.47 313.72 
264.00 -346.47 
171.92 225.23 
225.53 518.56 
-191.33 -70.73 
80.39 -373.11 
-528.90 200.27 
-152.37 95.03 
-191.28 516.13 
395.70 -397.77 
-78.61 -263.01 
-221.87 263.90 
-586.28 -27.81 
-524.06 -100.25 
168.38 -136.03 
475.84 -213.32 
-102.14 -91.67 
525.77 163.31 
183.03 -243.18 
-469.15 347.92 
31.35 579.07 
-11.89 53.43 
508.85 -17.17 
268.64 -99.59 
-524.78 -86.08 
159.39 -239.47 
106.27 236.01 
-112.82 -470.56 
303.61 89.61 
336.80 334.66 
-176.77 385.74 
-508.72 152.34 
-514.39 208.14 
171.91 105.79 
-512.32 -258.12 
-348.88 438.49 
-567.44 48.69 
478.30 211.46 
 2.24 -369.15 
177.15 374.46 
55.16 -63.77 
-506.31 76.71 
-82.46 -550.91 
-4.17 251.59 
-40.38 221.07 
24.82 -226.72 
-241.30 53.55 
-384.40 96.08 
88.02 481.24 
-497.26 132.12 
-268.05 -102.80 
78.40 -279.51 
362.74 77.42 
