34.06 439.92 
104.42 198.97 
-262.85 484.13 
-345.43 -253.67 
417.77  6.57 
435.38 406.38 
514.67 -278.19 
49.49 -261.67 
393.48 -425.77 
194.74 -93.47 
176.89 466.22 
-284.89 -388.79 
-506.40 -159.21 
165.94 399.94 
566.30 -194.89 
488.40 -201.09 
-207.23 -379.48 
-96.38 -58.47 
-118.72 -485.94 
297.83 -504.39 
-125.15 302.12 
-143.34 -141.92 
-219.48 415.77 
187.46 -311.18 
168.54 -78.31 
456.65 -350.90 
269.46 -137.20 
-503.85 72.74 
328.28 60.40 
-409.78 134.58 
-152.04 149.27 
193.55 366.92 
-396.08 245.74 
290.05 516.38 
131.06 -326.46 
275.27 -242.33 
-248.22 280.78 
-339.69 -476.61 
-125.84 432.84 
192.36 -324.66 
-401.94 -335.14 
-452.21 -178.67 
-70.92 556.66 
588.14 -82.50 
-194.50 204.93 
406.76 -288.85 
261.70 -433.77 
-457.49 116.59 
-133.12 99.52 
101.37 503.61 
-387.16 43.62 
90.15 -460.85 
-171.62 508.10 
267.03 345.56 
-255.85 351.97 
167.09 -183.53 
