580.93 -68.85 
96.34 14.60 
-152.90 101.07 
-531.62 95.00 
244.11 -501.26 
-76.01 333.02 
151.94 552.70 
-25.63 482.98 
305.70 361.21 
-110.36 -197.99 
-29.10 -154.93 
51.67 517.17 
-73.19 -56.78 
442.31 372.30 
-197.39 223.22 
42.35 116.04 
-129.91 -500.02 
-80.53 67.61 
336.96 126.04 
-98.80 -224.24 
-117.38 458.78 
-557.38 -1.41 
-221.06 172.85 
327.62 -263.18 
-435.50 -240.35 
-67.71 -29.20 
-123.82 -505.54 
56.34 514.82 
353.23 -448.47 
-417.97 134.26 
253.96 -399.63 
-269.27 -140.89 
-50.88 357.48 
118.57 -149.59 
402.27 -218.41 
-222.92 -188.83 
566.23 -39.67 
301.34 127.69 
287.53 257.63 
-48.45 187.86 
240.42 478.91 
456.15 226.88 
-499.57 -198.31 
173.21 -279.95 
497.84 -11.70 
-132.40 170.27 
-460.39 370.92 
-129.38 437.36 
125.88 181.11 
312.38 -172.83 
74.63 390.07 
263.45 91.40 
168.66 127.58 
244.99 -103.66 
310.95 -408.47 
-142.58 184.71 
