-104.84 330.94 
556.01 71.42 
117.58 447.28 
161.88 -5.37 
-285.21 291.75 
-323.96 -257.54 
-496.79 102.80 
157.19 539.94 
-242.51 254.03 
-123.50 419.94 
490.37 -34.27 
47.65 -131.67 
444.49 333.23 
221.81 -267.17 
494.77 -254.93 
-276.75 -117.98 
-95.54 84.10 
-202.89 82.52 
-139.43 534.52 
-405.93 210.44 
-198.39 -516.54 
-349.54 18.28 
-412.33 -11.05 
235.30 -247.91 
506.12 -99.58 
-389.75 -34.78 
-207.80 397.08 
-297.96 -217.37 
-85.53  9.27 
-393.65 103.81 
218.01 -493.88 
76.59 212.93 
281.33 44.18 
-310.54 433.69 
-29.32 28.06 
174.26 40.50 
-179.25 321.92 
516.14 139.86 
-146.51 -11.06 
254.25 437.34 
405.35 134.32 
-198.70 -188.04 
-87.58 140.29 
-72.72 156.13 
223.32 198.08 
-407.13 430.18 
-580.58 -64.38 
289.03 -429.55 
305.70 -465.88 
82.30 -165.45 
-327.76 -350.39 
-26.33 -219.64 
-305.67 -316.92 
183.17 -355.11 
-327.83 -386.36 
-313.83 68.28 
