-99.85 -332.22 
-185.23 325.83 
-128.06  5.82 
282.56 -18.30 
41.66 -230.31 
-53.19 301.04 
-31.46 595.37 
112.77 286.94 
-144.90 -208.07 
-202.60 222.41 
-186.13 -23.29 
-139.64 -50.38 
-138.31 87.78 
-460.94 336.46 
504.78 175.16 
-1.23 -405.05 
141.22 -142.66 
52.62 -472.88 
172.87 227.39 
-390.34 61.82 
 9.14 -25.00 
-57.56 -176.53 
112.27 -534.25 
-211.70 -507.98 
541.54 119.95 
-97.23 -295.89 
-242.22 -245.42 
-218.72 -528.42 
-242.60 -267.60 
-268.93 182.86 
-126.87 -179.89 
418.66 157.04 
-109.88 -526.31 
-497.75 -310.65 
51.63 -350.68 
472.11 -341.78 
580.28 -80.43 
-581.56 -50.98 
-93.86 342.87 
-201.30 219.43 
-423.54 -65.18 
-317.28 354.85 
-269.59 -67.90 
174.12 -81.95 
124.64 154.71 
441.27 -51.43 
-545.71 -83.66 
-329.61 391.83 
-411.67 -159.11 
-316.00 -194.27 
243.32 -61.77 
198.69 -113.18 
103.37 -279.55 
77.07 -447.02 
-290.40 12.35 
-224.05 -364.56 
