182.22 -29.04 
-75.26 -108.15 
-221.64 403.47 
127.65 13.86 
-51.42 -190.13 
492.46 275.57 
-340.11 12.13 
-512.84 152.16 
-387.79 -253.07 
-278.32 -481.33 
-266.07 -451.34 
-55.00 -387.96 
-223.02 140.06 
541.53 94.82 
438.30 -110.09 
429.32 231.88 
-381.43 50.10 
-406.02 29.54 
-151.70 42.62 
-23.01 342.54 
-535.87 -41.62 
377.85 -283.85 
362.32 122.31 
-204.79 -491.10 
-42.70 454.18 
319.62 -196.77 
383.28 260.19 
-255.50 370.20 
-24.70 104.62 
100.68 525.80 
294.27 -381.11 
-126.11 -351.30 
-304.59 -356.88 
-205.44 -335.61 
-295.26 122.63 
-17.65 374.31 
484.96 -340.71 
-35.91 -374.23 
24.39 399.05 
308.13 367.84 
-353.30 442.63 
-375.06 196.09 
-100.91 -23.22 
213.81 478.69 
-239.41 -226.19 
181.14 -225.62 
-40.55 204.04 
554.80 -57.85 
-244.12 -304.10 
-26.50 -394.54 
-8.86 -246.45 
-395.45 69.01 
-182.65 196.10 
230.75 28.59 
318.78 91.42 
-156.23 430.76 
