391.71 -191.04 
57.11 -257.89 
-570.48 121.26 
-224.72 -36.50 
398.43 -334.67 
76.62 -37.21 
-203.82 -360.05 
-72.87 -520.94 
148.45 543.25 
-580.97 44.85 
-308.23 143.62 
531.25 -88.95 
47.57 -436.98 
-551.97 43.74 
423.29 357.37 
237.47 127.51 
-146.25 13.56 
-432.32 -316.58 
442.97 -261.38 
484.71 159.26 
117.48 -482.11 
-197.22 176.31 
70.55 28.86 
443.37 -163.02 
-339.36 -135.74 
-331.59 -302.70 
-403.74 -108.04 
-16.64 -302.02 
292.15 490.21 
-427.90 72.53 
135.63 -462.77 
-23.76 -241.94 
-254.40 -233.02 
-54.56 -331.46 
115.92 201.72 
-304.37 315.08 
-344.43 -70.33 
-71.61 -396.29 
-108.96 19.88 
420.88 117.86 
399.49 -308.04 
-334.89 442.30 
-460.36 -60.26 
37.34 -421.15 
-111.18 314.52 
-56.65 -178.28 
307.24 -89.53 
30.11 394.43 
-84.76 -575.08 
-26.20 -25.00 
77.12 359.77 
-28.71 531.21 
-302.33 214.04 
339.25 -83.77 
561.90 60.84 
517.39 -273.16 
