335.55 -452.56 
356.92 -329.04 
107.76 -106.80 
236.73 -75.62 
21.09 19.07 
-302.42 -319.31 
-271.92 46.22 
-36.54 140.71 
-261.34 69.94 
48.44 -498.71 
-142.17 -31.77 
-315.54 149.36 
285.71 406.14 
367.39 417.37 
427.09 -1.00 
-303.12 158.31 
-30.59 -321.60 
114.51 543.48 
-413.39 -200.86 
323.47 314.03 
332.77 -107.59 
-360.65 84.92 
-538.21 79.88 
383.97 143.34 
62.24 -507.85 
-582.01 123.01 
173.83 206.00 
143.92 -333.28 
-324.64 -152.95 
208.50 398.98 
-308.09 -353.82 
466.25 -374.30 
394.15 192.87 
93.09 -118.30 
-18.41 159.09 
-534.59 85.14 
262.77 261.90 
406.45 204.90 
409.70 233.20 
196.58 197.45 
517.53 -234.78 
-227.77 401.93 
-74.36 -239.03 
335.32 -497.06 
226.69 -458.71 
-258.52 -392.35 
-102.47 288.71 
-229.80 39.69 
190.01 245.61 
230.04 -493.49 
482.37 287.16 
299.98 -207.59 
-188.18 159.89 
-136.80 93.55 
352.18 142.58 
291.72 149.13 
