88.92 555.99 
-51.79 462.91 
-400.39 437.14 
-399.87 -317.85 
204.27 137.47 
465.59 -85.59 
37.09 492.58 
-23.74 -285.57 
215.62 408.79 
43.09 320.51 
556.93 142.66 
202.18 -561.76 
312.80 -226.81 
69.59 260.34 
-188.67 356.05 
530.40 -55.83 
388.33 -296.95 
-16.02 523.03 
226.15 407.92 
99.69 440.46 
-529.84 -276.02 
232.39 218.51 
-84.40 209.12 
-331.43 298.60 
-581.22 -36.75 
-5.08 183.76 
201.85 -491.68 
-488.11 -326.56 
-269.94 327.74 
324.80 330.82 
 5.43 -598.88 
-89.31 565.64 
 0.64 -302.47 
509.73 136.56 
161.36 110.61 
-268.31 497.14 
53.18 -33.96 
-160.95 79.41 
-161.54 335.74 
333.57 94.96 
-251.97 133.65 
297.92 100.93 
181.57 -152.18 
510.18 -26.53 
147.95 -52.44 
333.95 478.04 
237.09 366.97 
-374.34 -354.58 
63.82 412.14 
396.98 -182.18 
313.76 -466.53 
84.66 -532.08 
-10.60 173.35 
-330.20 259.18 
-383.92 -267.96 
299.73 -416.84 
