181.15 169.68 
-194.59 -74.44 
361.74 164.61 
218.67 -359.07 
234.99 539.48 
-307.02 -496.67 
-450.50 -175.63 
-22.78 -300.27 
-506.97 33.67 
-495.17 -273.75 
138.04 384.97 
-423.14 -114.41 
59.12 25.27 
492.36 102.32 
-261.65 -461.05 
-64.70 49.26 
-562.84 -190.04 
-426.43 384.74 
-287.04 -131.86 
459.96 -293.69 
-340.26 -347.31 
-14.09 -518.27 
-362.28 -223.49 
-22.43 -429.73 
457.11 -4.18 
443.23 392.90 
59.79 -274.97 
337.72 46.95 
-49.59 74.28 
306.01  0.39 
180.85 13.69 
212.77 -536.27 
489.17 21.28 
-553.58 -61.89 
261.49 216.80 
-157.02 323.77 
78.59 -167.83 
-258.19 123.92 
312.50 -133.87 
246.65 286.79 
412.53 -403.78 
350.65 177.61 
47.61 -72.09 
87.42 70.57 
-432.13 -382.78 
-218.91 -526.88 
-173.74 -538.33 
131.40 331.79 
572.21 153.89 
402.06 108.85 
310.56 72.45 
336.20 -222.47 
-252.66 87.35 
205.59 -113.18 
-230.85 142.65 
-214.52 -441.86 
