-548.94 200.80 
-51.82 158.16 
133.54 -520.46 
351.96 471.55 
-319.72 42.77 
-140.36 460.30 
295.09 252.59 
280.02 272.98 
95.81 411.91 
25.06 -307.03 
-504.16 -249.95 
-182.51 -189.89 
-405.83 -414.59 
-14.43 544.30 
-40.03 248.09 
-426.80 322.77 
259.73 -340.32 
21.11 581.92 
221.03 553.29 
351.24 -330.27 
-234.88 453.29 
-257.91 -122.56 
124.22 -262.06 
192.23 -91.81 
428.42 -19.71 
-509.07 315.76 
-354.05 127.91 
143.46 -370.80 
243.39 -46.50 
-39.54 580.95 
485.00 28.92 
 2.16 -398.16 
-306.00 72.41 
334.93 -365.45 
-98.38 424.45 
37.88 -246.35 
-180.35 529.96 
-375.13 -337.61 
-422.05 415.69 
337.85 -28.87 
506.94 -206.14 
-161.39 455.88 
275.16 417.81 
280.86 168.74 
25.48 501.46 
106.61 -351.38 
56.33 -466.33 
-62.00 268.02 
524.61 -185.49 
-545.10 -88.60 
-35.66 -261.94 
-256.92 256.85 
325.92 186.10 
-78.40 287.76 
60.32 -488.94 
309.11 352.07 
