-231.71 392.86 
-295.88 -346.03 
-237.19 -41.43 
-216.60 -258.50 
-74.22 233.30 
-222.50 -293.63 
-55.32 209.19 
431.86 237.79 
-353.82 244.54 
305.35 -301.13 
-13.82 104.67 
-10.98 -393.22 
259.12 -307.47 
-132.53 -76.44 
-195.47 -418.01 
523.80 212.77 
-552.04 -190.22 
489.93 -168.10 
292.56 -471.11 
-347.63 353.65 
-62.27 -9.15 
508.35 60.58 
-226.53 336.69 
225.17 -518.75 
-132.42 429.97 
11.98 435.22 
287.81 -134.85 
-295.86 160.03 
306.98 244.86 
49.15 -172.40 
169.95 -281.04 
-570.47 144.96 
-68.36 -66.34 
-414.19 366.43 
568.38 186.71 
-182.55 54.77 
-122.73 531.46 
366.38 -453.90 
-7.91 233.83 
324.04 -480.43 
144.30 -236.27 
117.48 322.29 
189.26 -335.98 
94.49 -328.30 
376.86 381.02 
178.56 564.52 
11.53 -378.22 
406.43 192.58 
186.45 -510.01 
-488.06 -313.95 
-53.78 -521.37 
-467.35 29.44 
500.13  9.79 
-197.88 -333.96 
-95.12 43.42 
440.88 -322.22 
