76.32 63.15 
425.07 -313.02 
557.10 161.87 
144.12 159.98 
422.80 355.36 
264.97 455.40 
-317.16 -400.12 
63.29 -256.84 
-205.37 164.16 
100.84 553.76 
-172.42 242.14 
-501.90 -29.48 
-260.87 -408.63 
426.40 37.70 
-117.97 -334.35 
-120.76 170.46 
-90.35 309.74 
314.11 241.55 
-258.32 -192.77 
352.64 -195.65 
488.46 41.34 
-307.97 -393.50 
359.63 -130.39 
-450.28 -142.08 
184.62 -335.27 
-541.53 232.33 
-220.60 445.95 
218.93 389.55 
-321.91 113.87 
-99.07 496.92 
44.25 -71.20 
526.07 -239.79 
-347.11 -396.10 
-317.00 418.47 
28.09 426.13 
53.89  3.70 
-26.48 -304.78 
108.84 -435.80 
-84.89 487.54 
-445.10 -142.88 
285.35 -518.42 
24.47 532.36 
-441.97 -382.82 
30.02 461.58 
-67.58 -284.35 
-381.04 -292.56 
157.89 155.12 
-578.53 37.76 
17.07 456.41 
-288.64 -230.91 
369.36 -142.33 
-294.90 -415.19 
187.10 348.00 
-388.99 -115.20 
411.87 254.50 
-48.86 253.53 
