307.30 467.68 
-95.50 -18.71 
-457.79 -269.32 
466.10 267.97 
-257.92 -510.18 
-198.02 -41.40 
247.40 451.24 
-383.91 -18.09 
74.37 -18.96 
-157.07 292.58 
-297.62 -32.39 
-223.02 -249.27 
-154.25 -83.94 
-242.45 -281.46 
-57.01 -371.06 
-480.45 342.84 
-210.05 472.41 
-456.84 -7.58 
48.76 531.86 
-305.88 468.88 
-180.69 414.30 
239.13 146.90 
-348.43 -381.33 
-243.56 -146.26 
-363.60 325.75 
-544.22 -26.70 
80.59 511.85 
-62.65 106.22 
224.68 80.26 
-363.38 161.67 
-36.17 -565.90 
-23.43 201.27 
-525.03  9.44 
-168.48 -316.50 
545.28 -105.14 
341.13 -419.93 
401.19 -426.27 
-573.84 173.44 
-69.23 -562.75 
263.11 92.15 
125.70 535.61 
-152.71 -165.53 
478.43 -117.82 
-146.22 398.48 
-389.37 77.43 
-281.80 -52.24 
-132.93 298.80 
-154.06 97.95 
-42.64 -303.54 
-384.17 -449.30 
284.07 178.24 
321.19 295.44 
-167.82 569.94 
456.74 -371.48 
83.85 -192.40 
426.25 22.75 
