-363.26 -23.33 
90.57 -576.68 
-72.23 -397.96 
-157.28 -358.74 
534.67 -96.08 
-234.73 142.30 
-22.03 -141.74 
-29.42 582.13 
-296.24 -485.46 
407.36 218.58 
581.74 -90.79 
543.59 -9.41 
-68.46 -35.13 
-197.25 287.82 
-148.40 -460.97 
368.90 -288.16 
-34.58 553.43 
457.88 337.06 
352.31 -362.12 
262.94 -484.27 
 0.05 566.16 
-181.67 -278.91 
82.42 -584.56 
-135.56 202.20 
165.61 283.08 
366.53 358.82 
-504.22 118.68 
103.85 477.04 
-72.17 116.69 
238.88 -33.95 
90.01 -520.22 
-243.78 -64.08 
-137.17 436.20 
-289.39 432.63 
457.73 -350.79 
-498.63 -167.45 
539.44 -78.15 
431.43 -277.34 
230.13 233.53 
125.30 -110.24 
103.24 -30.23 
361.43 -71.86 
526.86 -123.60 
-526.84 -74.09 
-167.57 -138.68 
-102.87 -43.49 
535.63 119.21 
433.92 375.38 
-124.07 -6.48 
208.31 420.87 
593.98 69.89 
202.17 -120.61 
363.32 -373.16 
435.21 -110.90 
351.68 373.13 
566.89 166.93 
