-60.96 290.78 
-60.30 -355.20 
-41.91 -476.47 
228.48 530.37 
35.53 -275.94 
207.05 537.67 
 8.06 -594.44 
-370.01 -350.05 
-48.88 249.73 
42.22 317.93 
-590.52 -18.27 
275.32 -462.82 
242.11 -536.46 
475.70  9.19 
-137.56 150.68 
212.93 -400.01 
-21.80 -153.47 
-486.99 -100.25 
118.09 -58.52 
383.44 -113.36 
-164.97 373.40 
-442.73 -239.43 
-134.90 -329.30 
-412.46 431.52 
251.08 460.44 
199.27 558.30 
529.06 -70.89 
511.70 -240.69 
-224.03 -51.22 
-319.50 248.75 
45.62 51.41 
-7.55 -100.40 
-471.63 -291.53 
314.36 -195.87 
-304.27 -139.18 
296.48 254.06 
449.58 -152.83 
-380.47 -57.27 
175.42 -412.35 
159.83 193.43 
-94.02 562.82 
233.86 -156.80 
366.44 431.73 
-246.41 -98.25 
-72.19 218.16 
-105.79 15.57 
114.54 -275.32 
181.66 545.56 
149.84 125.22 
30.22 139.04 
-212.19 -279.77 
-270.75 -425.38 
348.05 161.62 
284.94 -164.97 
170.28 -196.69 
-254.27 -5.25 
