-421.05 383.77 
323.05 -226.73 
-21.01 -154.78 
435.40 301.61 
281.04 350.01 
150.87 78.96 
432.15 114.99 
446.42 175.28 
39.15 -441.26 
365.67 -455.73 
534.29 108.74 
548.30 -36.18 
-81.76 -407.01 
76.99 -350.48 
-114.94 -80.70 
-276.19 -324.76 
236.64 24.78 
-532.67 -136.61 
-146.16 -420.85 
-37.98 495.26 
-506.88 86.28 
78.17 11.32 
244.73 312.23 
137.37 -58.60 
464.99 161.54 
555.07 -183.89 
169.83 -31.79 
159.36 357.57 
-326.05 -431.98 
-370.13 117.16 
-356.03 122.09 
117.00 186.42 
282.07 253.97 
-124.17 -159.89 
-294.21 326.76 
252.77 185.19 
370.17 -103.02 
-180.12 -193.53 
-133.19 -241.14 
39.69 510.93 
-90.13 52.63 
211.51 -153.45 
116.30 14.75 
530.32 -220.97 
-413.54 230.70 
-380.92 -334.80 
-223.77 135.42 
16.38 351.88 
62.64 73.54 
-82.94 -581.54 
-473.53 269.48 
-487.73 -200.04 
-415.91 -134.72 
-336.19 202.75 
255.96 304.32 
-56.03 -227.71 
