122.15 -340.23 
405.40 -356.74 
494.39 34.54 
42.66 158.88 
321.09 321.51 
148.65 -268.62 
528.54 -189.52 
-496.08 42.00 
-13.55 -10.20 
-375.76 204.48 
-553.59 -51.57 
67.46 106.34 
319.30 394.57 
-101.04 508.55 
445.31 -401.36 
-502.01 -99.09 
175.62 -176.76 
-272.66 -439.66 
388.57 303.49 
322.18 -281.50 
-510.79 -201.43 
79.99 -163.38 
-109.86 226.90 
508.77 243.85 
94.74 508.99 
586.71 -66.22 
464.05 -234.04 
-209.39 -442.15 
364.59 -404.28 
96.42 -343.89 
-122.47 367.64 
-318.23 -124.53 
-216.91 -275.10 
110.42 -240.57 
85.26 468.60 
237.40 -252.53 
-9.81 331.14 
399.26 -78.51 
-369.50 -6.83 
-216.08 152.61 
244.92 -4.86 
-342.27 303.94 
546.14 36.70 
-271.17 260.60 
-20.72 491.87 
-68.66 -280.15 
-154.28 -119.59 
-575.19 163.40 
98.27 -255.23 
-38.15 569.05 
215.56 219.64 
102.76 143.51 
22.65 -408.60 
322.50 -1.86 
213.79 16.18 
-435.99 323.20 
