-383.33 404.21 
-532.38 222.21 
180.92 413.98 
83.97 546.80 
-275.29 133.72 
-527.10 -250.99 
198.82 418.32 
150.38 315.32 
-478.29 -286.96 
-356.46 -391.52 
524.69 -15.89 
192.16 95.72 
201.71 12.46 
274.82 -457.06 
364.09 -272.64 
-249.77 -172.47 
374.37 -97.89 
-332.50 334.56 
378.40 -395.42 
476.63 44.70 
211.80 63.18 
-458.88 65.63 
304.50 94.44 
-154.60 457.53 
-302.90 35.59 
76.51 -388.63 
143.59 -179.10 
-322.95 -284.91 
252.08 380.17 
199.40 -30.51 
-244.66 -2.85 
168.90 -216.05 
427.89 -294.30 
116.22 388.13 
154.06 -257.66 
-161.93 -20.76 
21.02 -130.02 
176.69 322.38 
-14.79 334.40 
-521.80 -236.16 
-96.00 -240.91 
-265.70 97.86 
-127.61 -353.01 
-509.10 -52.58 
-20.51 87.98 
246.55 -158.98 
-126.82 474.21 
-561.43 17.07 
-217.39 369.13 
244.88 -378.75 
277.05 -285.95 
-522.72 126.61 
-500.52 -115.69 
-468.81 -246.76 
136.66 -470.13 
-81.03 192.55 
