253.45 436.42 
61.87 415.01 
181.80 336.38 
-208.36 545.34 
 1.60 430.16 
-161.83 -154.95 
-77.98 465.43 
-216.90 503.40 
-217.23 -83.91 
15.10 -422.51 
410.28 69.25 
-177.39 503.95 
-200.88 -389.10 
-41.45 297.73 
126.59 89.60 
-32.12 69.60 
380.35 -124.94 
-371.61 210.23 
-313.37 -109.94 
-2.36 566.98 
-15.42 456.68 
33.80 484.64 
-512.00 -307.05 
-349.75 409.53 
-104.89  3.59 
38.80 486.77 
505.70 47.47 
-194.79 -102.91 
51.75 458.26 
273.17 -53.38 
-368.40 -424.49 
-4.22 -495.18 
-108.33 489.85 
-491.11 -138.72 
312.34 25.37 
-193.62 -210.55 
-279.35 -237.96 
-473.69 11.93 
132.61 -380.52 
63.68 -400.22 
-370.92 464.97 
589.63  6.05 
65.76 358.14 
553.78 184.63 
-180.28 187.16 
424.29 -297.97 
-80.01 -398.25 
393.00 109.72 
497.66 285.67 
-586.66 -41.18 
-504.20 34.85 
303.70 18.45 
488.60 92.36 
-285.23 -468.78 
405.90 -371.38 
-294.04 -364.32 
