273.50 404.22 
329.11 -49.79 
-300.50 471.64 
-111.00 -352.21 
-522.12 109.56 
-66.51 155.93 
-109.55 101.65 
-507.94 124.08 
408.61 133.66 
234.79 366.53 
-496.09 -136.26 
-54.17 374.93 
-37.45 105.99 
-435.03 273.87 
107.30 -390.38 
-145.78 -88.87 
20.44 392.76 
-284.19 242.70 
136.68 216.68 
-336.98 -383.50 
-413.31 -3.36 
-153.65 -199.59 
-203.53 -144.17 
246.57 -198.50 
-394.41 316.00 
33.10 133.83 
-279.07 21.32 
-288.03 252.49 
-299.57 -152.53 
159.45 -44.57 
286.70 344.09 
-153.26 355.04 
-550.98 138.29 
-59.36 109.32 
244.94 233.94 
356.70 -115.59 
490.81 -208.43 
254.07 405.29 
68.51 -538.24 
-19.74 112.71 
-583.20 24.52 
40.93 -326.92 
-81.82 -445.53 
-154.42 178.95 
-66.71 70.05 
406.89 211.91 
118.80 -336.91 
247.35 -175.67 
139.24 -508.15 
203.18 -63.28 
149.95 200.79 
262.63 -147.24 
246.12 -185.31 
-136.68 -15.72 
215.57 -343.83 
417.30 293.34 
