-349.51 -299.09 
-398.80 188.19 
80.81 -125.51 
-83.27 212.86 
196.53 -379.72 
373.13 185.36 
-214.25 225.83 
-163.74 -53.35 
460.33 221.06 
343.14 430.14 
279.25 -465.11 
 2.65 -460.26 
242.31 29.55 
-500.65 50.06 
10.87 -27.71 
-18.82 474.67 
564.07 -22.62 
-475.19 145.49 
110.31 -340.15 
364.69 -284.15 
-42.56 -26.86 
180.40 250.29 
86.04 60.36 
-3.89 -73.86 
419.57 235.02 
252.69 -436.03 
315.94 29.20 
-521.52 80.85 
94.46 356.34 
91.90 331.73 
241.17 -259.31 
92.76 -333.20 
-362.65 142.61 
159.66 -295.68 
-461.09 -146.24 
354.81 -455.66 
-22.39 64.72 
-278.74 444.55 
445.10 14.97 
33.87 259.52 
175.25 -175.79 
-30.23 -308.84 
-467.66 -57.06 
-80.30 247.47 
369.45 78.38 
-397.67 267.96 
425.85 236.48 
-254.94 -222.63 
-359.31 -126.38 
103.62 159.17 
-55.10 -390.78 
98.89 107.88 
-244.55 -339.65 
421.53 -185.98 
126.30 313.80 
57.18 -80.84 
