-388.34 172.69 
-124.88 -463.95 
234.97 -83.13 
-210.78 -354.05 
149.55 -146.66 
529.47 -18.10 
534.66 -172.59 
166.37 -292.93 
221.54 415.49 
-279.19 260.30 
-411.72 297.22 
319.11 131.34 
-116.00 -379.03 
-174.80 225.20 
107.75 491.12 
-404.26 -268.80 
-11.34 -486.73 
-73.71 -10.91 
68.11 259.70 
356.81 235.09 
-343.86 -238.87 
-189.05 -419.20 
420.31 -352.13 
-237.93 -313.57 
-526.82 -12.38 
-524.44 91.94 
481.26 -207.10 
506.25  5.65 
-465.97 -75.68 
220.92 -457.43 
71.30 219.57 
583.66 78.41 
379.43 -329.97 
478.32 -312.58 
-242.11 -116.48 
159.25 -299.98 
324.36 -147.48 
287.19 -395.77 
-444.42 -136.87 
-236.55 -170.98 
-24.35 110.32 
195.71 -266.04 
320.38 -372.50 
-347.48 18.68 
-54.07 324.06 
417.33 31.80 
213.14 15.40 
-200.55 -258.63 
-69.04 531.00 
-367.80 -80.81 
522.94 28.36 
21.24 -288.46 
389.47 -114.39 
-569.91 -102.35 
37.50 566.73 
125.46 420.57 
