156.74 -346.08 
217.16 -489.75 
-495.06 122.06 
283.06 479.16 
-248.70 -264.68 
-25.63 64.57 
-192.47 144.37 
-54.23 458.19 
-86.81 -330.54 
-400.83 180.55 
-330.93 436.96 
-262.89 280.10 
173.98 -247.62 
-354.66 382.15 
-367.63 351.73 
113.45 -19.37 
404.51 -107.33 
-47.73  8.91 
476.73 -86.66 
-237.26 487.64 
-320.19 -376.95 
-132.67 -312.98 
479.54 130.38 
-459.67 168.01 
-319.00 -115.85 
-53.22 364.10 
187.40 552.25 
-55.29 432.18 
174.35 31.61 
-8.50 224.49 
-158.64 66.04 
431.73 137.64 
-434.24 -380.86 
-196.98 -148.12 
347.56 -463.26 
91.14 -538.25 
228.46 106.43 
-80.63 -47.49 
-363.05 169.17 
266.83 -336.40 
-458.88 -42.03 
-144.93 512.61 
-410.25 -127.25 
-116.92 -494.38 
254.72 388.08 
40.70 -214.66 
-4.05 519.98 
-460.42 -222.45 
-408.98 265.24 
111.43 -565.15 
492.65 -266.94 
328.10 355.89 
-9.10 -106.50 
-538.07 -51.54 
-420.40 275.48 
-257.14 390.71 
