-557.66 -41.77 
-325.76 -424.56 
 8.90 75.86 
85.04 244.62 
-501.49 -177.45 
-49.03 145.51 
-584.74 -131.34 
453.13 222.42 
177.34 309.80 
102.44 -1.09 
-533.40 44.99 
369.97 294.92 
-96.72 -122.40 
-503.76 312.71 
-368.25 386.11 
54.12 425.33 
72.74 -148.18 
295.20 -219.79 
340.92 -270.33 
-40.53 -328.60 
-92.02 533.96 
-99.45 -532.60 
264.06 -10.60 
-144.94 541.63 
-288.38 404.33 
-12.71 359.90 
-369.30 -375.13 
364.21 -181.54 
-248.27 -251.32 
114.89 -80.51 
114.31 -185.23 
-94.44 379.59 
506.03 -123.69 
452.65 -273.46 
81.63 -2.90 
-142.81 276.51 
-310.02 -288.35 
157.45 -192.33 
-242.94  6.58 
-22.75 -380.98 
-281.14 -353.38 
540.48 -154.58 
188.57 -356.59 
49.77 479.08 
186.31 60.35 
513.52 -115.39 
-93.55 385.52 
560.76 -21.93 
291.80 -137.55 
303.93 -249.39 
12.61 164.28 
-466.65 316.88 
525.41 188.47 
169.77 421.46 
10.32 45.94 
-500.96 203.65 
