-582.96 20.63 
66.45 521.19 
-262.53 409.60 
-475.92 121.90 
-163.76 -260.35 
-48.73 -123.37 
-378.12 -159.09 
-353.79 291.01 
-205.39 111.48 
-318.37 169.02 
216.14 -384.03 
316.98 167.37 
189.25 162.38 
-305.46 284.84 
-586.03 70.74 
504.04 -173.03 
249.13 517.85 
51.69 -30.30 
564.19 70.35 
-376.47 -402.16 
-576.72 -37.69 
-123.46 -451.35 
-34.81 402.10 
-58.61 -463.31 
71.77 270.51 
113.59 -5.21 
-363.53 20.15 
-219.18 523.91 
-339.68 488.67 
157.42 -433.69 
483.78 -111.40 
-520.50 -295.91 
234.12 -405.27 
-280.13 89.05 
-188.96 -287.64 
-116.57 -397.33 
433.23 -79.78 
195.83 -91.10 
-561.22 -156.00 
-35.13 455.96 
69.14 -217.35 
-493.08 -114.02 
-58.53 529.82 
-63.51 215.48 
94.19 -203.52 
-129.73 226.41 
-165.52 -79.90 
-347.30 230.94 
168.65 461.81 
 1.30 -428.94 
-132.31 465.27 
261.92 -213.08 
484.58 54.90 
475.33  0.96 
-41.08 119.81 
-81.81 86.30 
