-418.21 -35.58 
324.35 491.99 
-178.24 -397.85 
-74.90 -561.23 
69.15 312.00 
318.33 309.58 
-309.31 399.78 
192.30 -197.95 
46.98  9.91 
-190.83 74.62 
-72.94 525.30 
115.41 172.52 
-240.58 25.86 
-246.05 -206.58 
44.31 537.65 
-506.19 222.84 
11.87 190.23 
-343.21 219.92 
312.16 47.74 
-124.47 119.24 
-196.26 -170.13 
77.95 71.65 
-242.46 -77.91 
-231.71 406.17 
-480.68 10.38 
139.33 -148.12 
-263.23 -257.76 
205.13 547.76 
-354.01 319.24 
173.02 -417.91 
-305.59 -332.71 
100.74 -384.39 
-480.66 -155.16 
-176.64 372.54 
508.58 -35.22 
-34.41 -489.74 
268.63 -17.51 
536.02 -94.66 
-94.79 -327.68 
121.20 540.33 
148.03 453.18 
-480.68 -19.70 
252.60 -153.49 
-353.70 -480.65 
-442.00 285.61 
-285.23 31.95 
-152.14 -445.53 
78.14 -358.90 
-212.47 320.93 
325.47 -408.90 
399.58 193.36 
319.27 170.18 
294.18 291.62 
165.55 568.55 
-560.52 211.41 
490.32 -285.77 
