-499.07 -176.79 
-117.44 -579.94 
-586.26 -86.62 
-451.33 285.07 
-506.98 10.71 
-151.73 -296.99 
-67.21 343.88 
 0.44 13.80 
186.88 177.59 
124.76 60.64 
-368.25 -7.42 
-154.23 326.56 
256.62 -258.03 
73.78 242.42 
108.01 48.85 
168.94 87.23 
-179.50 429.48 
-479.67 213.13 
333.63 -147.32 
-380.60 -320.67 
-362.82 -19.19 
170.00 -59.33 
323.86 -499.87 
26.13 -202.06 
383.05 -406.81 
81.37 -389.49 
311.50 55.70 
503.78 -195.71 
531.17 -95.46 
290.74 -229.82 
-187.45 451.66 
480.83 129.67 
-402.70 60.83 
-450.57 221.69 
-390.23 334.35 
-164.90 -271.87 
18.37 -463.73 
500.19 -107.36 
-248.40 -409.42 
190.79 -347.97 
-123.05 370.31 
286.52 -124.71 
-447.37 -33.48 
-277.28 349.52 
-131.83 -2.39 
441.14 -351.42 
 9.44 471.21 
-50.34 530.77 
423.31 -233.06 
455.71 -173.28 
-40.29 -100.61 
44.70 308.26 
-437.70 -345.62 
320.83 -97.78 
-300.64 -490.16 
-501.47 -30.35 
