-64.58 54.40 
434.36 63.42 
-246.23 62.27 
315.22 415.92 
345.83 158.78 
-102.71 -343.82 
-199.47 -164.48 
-214.77 340.16 
210.46 -486.47 
-248.05 -41.06 
295.31 -431.90 
-498.84 307.76 
325.44 -484.71 
374.52 263.32 
382.08 -349.98 
102.17 -565.26 
-356.00 -227.00 
-198.27 -490.38 
60.39 446.13 
60.57 118.17 
115.24 -107.17 
-424.81 192.67 
-77.54 455.36 
-174.82 375.65 
54.43 -402.64 
417.49 178.40 
-231.87 -362.17 
-574.44 -160.32 
-146.15 -174.94 
415.47 -186.99 
95.57 575.50 
294.39 -386.44 
-260.57 -258.00 
-438.78 40.09 
-284.70 62.00 
-439.05 310.20 
363.64 32.50 
484.13 -120.18 
48.59 -514.13 
247.01 -468.16 
-261.54 -456.77 
-505.01  1.88 
-41.21 394.11 
-396.27 163.85 
513.82 221.41 
-300.32 251.62 
 7.60 -273.82 
-92.08 -321.86 
453.42 284.40 
-160.36 -315.73 
-305.32 383.06 
547.98 145.71 
181.29 170.16 
267.05 -411.18 
-494.51 224.41 
-64.22 152.64 
