43.01 383.50 
-548.53 128.87 
-418.70 284.80 
367.14 265.44 
-497.63 255.01 
539.53  2.39 
-47.54 336.88 
-540.01 -14.08 
-112.53 477.65 
15.56 21.85 
382.50 -428.15 
490.80 -240.73 
202.57 -16.83 
-11.60 79.25 
461.73 361.40 
70.22 -534.69 
-392.18 137.01 
467.21 312.92 
199.05 -21.92 
198.45 541.36 
547.27 -142.94 
-227.27 -195.01 
455.46 -149.11 
40.25 55.94 
-209.78 -88.62 
41.78 -540.62 
-396.47 195.63 
-118.83 146.70 
-44.65 455.47 
166.63 57.94 
-38.58 381.72 
241.69 463.76 
-123.84 -433.20 
299.23 -158.97 
-268.91 -27.29 
289.32 -456.84 
-324.05 380.21 
544.47 -8.16 
-303.50 489.22 
276.95 146.72 
266.59 -232.20 
344.11  9.80 
-322.64 206.57 
-152.84 15.62 
-258.50 -396.86 
-475.61 -84.05 
-146.82 -226.80 
-94.22 -390.42 
157.84 282.01 
-211.30 288.36 
-209.16 -474.26 
384.72 -276.11 
-188.97 516.45 
-426.76 -263.45 
-201.68 -496.44 
-171.40 389.42 
