-55.07 -245.75 
-59.61 395.89 
22.51 -116.57 
-465.14 -29.68 
32.94 550.40 
-274.79 -284.67 
-355.08 -357.42 
302.11 122.37 
61.61 -231.45 
210.57 466.02 
-307.48 -181.48 
-106.42 -492.42 
85.36 -163.77 
190.63 392.20 
505.53 12.72 
273.57 -461.87 
316.26 200.55 
-392.31 271.56 
449.39 -315.08 
-107.52 -459.36 
67.03 -222.69 
 8.10 -317.38 
-184.44 -79.70 
-0.17 -347.64 
-347.46 -479.98 
271.29 117.84 
-479.75 163.88 
-197.04 -518.81 
563.79 149.31 
-147.59 -437.33 
-502.17 -3.87 
93.76 188.49 
-28.70 337.84 
109.69 -173.09 
-321.40  7.46 
-110.56 556.73 
263.14 188.21 
559.29 -38.01 
-364.41 119.32 
-97.03 232.93 
-369.49 -300.76 
-443.77 -311.94 
-9.50 -241.84 
-130.91 -36.57 
-452.30 57.83 
-21.51 37.83 
281.23 60.17 
148.44 134.67 
50.65 -537.74 
307.88 -139.26 
-543.26 -116.94 
162.41 -231.77 
-366.90 412.54 
182.69 180.36 
83.12 -421.31 
403.12 367.20 
