-337.32 -450.00 
-145.92 512.36 
210.21 -547.59 
504.18 118.72 
145.93 -141.91 
-278.15 -398.22 
178.59 188.29 
265.58 240.01 
-396.16 348.57 
-219.23 -272.90 
-514.52 192.21 
-191.75 470.81 
-453.07 154.15 
309.00 -152.49 
-386.50 -36.10 
-386.86 269.95 
-87.18 555.05 
-522.82 -10.97 
-392.14 93.41 
389.97 424.29 
-376.19 -356.39 
-194.13 -113.44 
112.24 -521.14 
189.78 55.45 
182.39 70.67 
151.06 28.71 
-335.51 -456.88 
-199.72 461.79 
-384.29 -26.44 
455.88 124.68 
155.67 -349.77 
182.02 -14.11 
199.53 203.11 
-276.85 423.34 
566.72  1.16 
-309.87 -383.43 
439.92 341.24 
-100.86 -29.46 
107.91 30.82 
471.38 -272.55 
-287.51 -106.56 
549.10 -134.82 
-13.39 -269.29 
352.27 -319.03 
494.88 -27.01 
-457.49 -92.55 
-295.61 -390.34 
-88.31 -556.84 
-319.70 -73.18 
370.55 346.76 
-78.09 -349.45 
-99.29 -313.37 
-326.29 71.40 
366.63 -328.30 
285.76 297.23 
226.90 -301.26 
