-472.29 218.85 
-357.68 244.20 
-85.62 469.99 
-380.00 434.89 
-25.25 -571.55 
-344.35 -393.63 
424.47 -127.94 
364.38 -379.77 
14.24 483.91 
585.47 -31.65 
-265.38 -132.85 
-3.32 -310.50 
219.58 257.00 
-314.68 -449.85 
-283.81 212.39 
-41.44 371.01 
132.55 135.51 
-396.83 -279.66 
-355.22 211.15 
-280.84 -504.24 
462.34 374.73 
-92.33 223.19 
-73.19 232.54 
-416.24 -12.73 
-384.07 -284.33 
-59.89 536.93 
-470.93 72.86 
290.42 -151.62 
330.34 72.03 
-256.22 252.45 
125.38 174.42 
362.42 -456.19 
-398.70 67.80 
273.92 386.03 
-224.82 -263.73 
-289.02 -161.69 
436.31 -364.47 
108.97 -442.35 
223.53 -384.52 
-410.11 -378.67 
-411.58 -145.59 
318.34 -307.04 
68.32 164.96 
-485.59 156.04 
-162.69 -264.07 
487.63 -47.23 
494.43 -7.38 
342.24 19.40 
21.11 -168.06 
111.70 -364.43 
-226.82 183.75 
-331.32 188.78 
112.92 152.02 
266.24 135.34 
249.93 -490.88 
109.61 -37.39 
