454.03 218.55 
308.57 244.57 
-550.24 -135.67 
-153.04 498.86 
248.79 280.42 
-45.23 -414.57 
431.45 -160.07 
174.09 440.71 
-236.12 -545.15 
-405.68 -270.07 
-127.81 -68.99 
16.38 206.14 
-123.14 -284.55 
282.38 400.20 
-276.54 -355.93 
-172.59 229.47 
-129.16 22.10 
367.86 173.13 
352.48 -311.70 
-92.42 130.28 
223.54 -55.64 
-171.37 45.41 
302.68 331.47 
-272.45 433.28 
335.15 -356.61 
-354.92 -124.83 
-429.05 -17.63 
557.47 -34.11 
-98.53 -66.44 
-318.25 -51.20 
-479.68 -336.70 
420.88 200.25 
24.50 -87.88 
-327.80 -435.74 
-553.14 56.28 
-118.37 443.59 
-74.13 235.52 
-512.20 -139.43 
449.35 -208.20 
400.07 -335.89 
-526.58 225.35 
-106.05 -584.28 
-111.83 -89.96 
473.41 -242.78 
-323.51 444.35 
84.75 99.99 
-212.16 -392.76 
65.86 -460.32 
-281.39 124.17 
551.59 -91.21 
-315.78 -119.46 
 6.39 -108.58 
-456.22 166.57 
-269.22 266.39 
-278.37 517.95 
-62.06 30.53 
