400.66 320.00 
192.47 -471.21 
-251.91 224.92 
-84.36 239.14 
305.44 236.83 
-214.93 -442.05 
-183.16 159.76 
195.14 388.54 
69.19 365.75 
-2.24 -173.21 
-37.29 -437.33 
-57.68 256.94 
81.93 -487.34 
-187.26 162.71 
36.07 138.36 
-272.20 -60.37 
178.17 -66.25 
197.18 491.44 
-377.21 319.25 
-108.92 31.88 
-414.94 -44.77 
-166.32 -119.77 
55.80 20.23 
-154.25 -70.18 
32.01 14.30 
-138.81 -449.95 
-245.18 -529.93 
68.90 -4.77 
-90.68 361.52 
234.72 511.23 
-200.22 -155.34 
364.13 -61.44 
310.82 -182.26 
204.08 -162.72 
489.00 18.11 
-357.65 -419.09 
262.92 28.46 
434.80 93.22 
-3.07 498.73 
-480.80 -214.97 
462.74 144.58 
-348.52 370.39 
-82.50 -446.62 
-343.10 -69.10 
-287.70 45.78 
-279.15  7.06 
-139.51 -455.05 
569.04 102.99 
-45.81 81.81 
-447.25 -273.21 
-396.75 144.52 
399.18 -437.50 
-571.75 -172.49 
-146.73 -147.77 
363.76 -77.31 
-119.69 -17.69 
