-258.73 -122.01 
-136.90 -527.49 
-307.39 -87.91 
-357.52 327.38 
451.20 -124.47 
-147.64 512.55 
-262.32 -25.27 
-362.31 471.02 
-490.57 -339.40 
-157.78 533.56 
-97.92 -93.27 
495.26 155.97 
83.93 196.18 
463.47 -299.98 
202.46 -533.56 
482.95 312.26 
-489.59 -179.35 
-328.17 -88.67 
244.08 -338.79 
-461.84 -301.36 
-90.54 -540.01 
312.24 140.21 
75.67 414.29 
-108.61 -125.38 
-246.60 -440.39 
-500.26 259.82 
133.35 -364.08 
342.67 136.15 
-483.65 223.36 
-26.29 76.84 
46.72 -270.38 
387.44 -73.03 
-398.82 -365.89 
309.44 299.62 
-489.08 -19.62 
267.39 -28.33 
294.59 -164.28 
205.99 29.12 
277.24 -486.91 
-228.75 -307.37 
-71.90 -358.56 
335.47 195.40 
-424.18 -114.96 
197.05 32.23 
-237.35 164.12 
-189.84 -7.96 
-369.53 258.20 
420.36 -353.27 
-558.29 149.21 
522.39 -161.35 
-426.78 -277.09 
-298.40 -27.73 
371.34 -152.56 
71.05 -395.30 
331.43 -381.15 
-521.19 -133.17 
