-316.72 -112.74 
149.52 74.56 
-191.08 -266.97 
215.66 -136.55 
-323.38 -420.04 
535.36 98.00 
560.79 31.50 
206.82 -37.88 
-459.86 75.08 
-512.55 -216.27 
257.47 113.93 
-334.36 -277.85 
125.04 -38.33 
-418.81 -92.88 
 0.79 22.63 
270.94 -372.92 
-33.93 -215.55 
-143.52 269.93 
-171.56 61.73 
-246.22 -272.94 
-171.67 -69.29 
381.92 -283.18 
450.63 356.09 
450.21 245.62 
232.25 -147.81 
281.49 -341.53 
297.59 58.80 
126.94 464.23 
105.73 431.73 
-281.74 496.93 
-262.64 491.36 
-337.46 -223.25 
492.20 191.01 
75.42 -446.12 
-203.01 465.04 
522.05 -240.80 
136.36 -433.20 
-401.87 -74.14 
-50.32 -306.28 
445.33 -78.36 
-246.45 -478.68 
-3.77 175.91 
415.88 131.49 
109.28 -347.39 
483.65 343.25 
127.04 28.52 
-261.55 217.65 
169.06 -104.15 
127.10 167.91 
-281.49 505.49 
-315.46 -323.16 
346.43 259.52 
357.09 -350.80 
-235.21  7.77 
-88.69 569.89 
-420.05 -167.55 
