137.09 -227.06 
441.99 -200.05 
-61.44 -299.74 
219.56 327.35 
-269.96 461.69 
-187.29 263.76 
-280.54 162.57 
382.92 -133.73 
329.94 -438.64 
374.75 32.14 
336.68 224.36 
-511.74 194.46 
100.22 -402.80 
-326.03 40.37 
269.50 -5.54 
-129.08 471.22 
-73.88 -23.39 
251.82 -462.15 
267.55 269.30 
231.94 -194.34 
-227.47 -514.88 
32.18 -171.59 
-525.56 189.81 
-102.68 215.48 
317.51 171.68 
245.83 -135.33 
-278.98 244.86 
342.79  1.64 
563.23 138.98 
102.37 22.39 
83.48 519.62 
-76.31 -162.28 
-322.09 -272.85 
584.66 -53.99 
-206.93 77.29 
230.94 108.38 
368.21  5.93 
173.89 182.69 
-335.06 -449.69 
107.16 -421.66 
-346.19 232.45 
-75.92 -495.77 
228.60 361.30 
39.99 -48.26 
271.56 247.22 
-156.55 329.24 
366.82 -469.39 
-568.39 145.19 
-23.41 487.65 
-276.19 -101.69 
-267.07 333.54 
215.43 368.10 
424.00 -126.95 
-250.35 202.24 
197.33 367.11 
-375.25 310.01 
