276.97 372.97 
54.32 502.94 
19.97 -231.72 
-207.59 -40.36 
163.54 67.27 
141.74 -468.58 
-45.25 61.22 
-90.60 269.48 
55.04 -562.84 
87.47 -511.77 
-28.45  3.24 
-379.30 -229.72 
-540.19 -215.44 
385.55 122.12 
-560.03 -150.37 
296.37 376.51 
-80.47 -62.38 
-400.60 333.39 
-206.08 277.56 
-152.68 -160.45 
-206.59 -59.92 
-16.11 -343.51 
-24.68 -570.46 
-63.88 -501.84 
413.16 385.54 
464.21 292.83 
109.66 531.66 
200.33 -360.67 
-287.41 482.97 
-349.24 -472.61 
153.42 33.20 
-156.67 -301.52 
-164.74 472.33 
-286.05 -260.33 
-498.07 -222.27 
261.39 -19.50 
-204.73 371.48 
212.71 449.34 
-32.72 165.20 
-466.08 -165.79 
-117.13 141.08 
485.57 -18.30 
197.53 332.83 
-26.81 -50.87 
-139.21 165.50 
424.99 -373.95 
326.34 -74.38 
-536.77 -17.82 
-11.13 -444.42 
506.18 -152.57 
467.96 211.12 
-26.29 476.60 
-487.31 246.43 
130.35 -260.64 
-279.17 278.89 
-236.28 -496.13 
