99.96 482.00 
367.92 -245.01 
-214.38 -30.49 
-322.36 286.39 
-92.17 -503.55 
91.56 188.41 
-495.45 -29.47 
162.31 366.80 
-438.97 -353.47 
-126.89 -282.28 
-111.92 -226.24 
296.49 161.88 
-201.64 -353.67 
169.29 409.74 
-180.54 223.17 
-264.57 198.81 
54.79 -430.62 
-10.70 202.43 
450.48 -125.20 
294.90 -264.79 
-174.69 -563.82 
510.93  8.77 
-151.49 424.87 
-275.55 476.23 
-8.42 154.33 
359.57 188.79 
-274.78 -314.06 
-201.70 -303.22 
-176.27 -407.21 
162.30 319.28 
483.66 61.23 
-250.73 371.01 
497.04 203.84 
-96.20 -496.02 
-373.63 -267.88 
148.40 -353.16 
-46.63 -336.73 
256.24 -48.01 
-441.20 92.57 
-498.32 -299.39 
-290.15 506.34 
-72.95 444.74 
-573.66 -165.92 
140.61 -579.87 
-82.00 -71.37 
-121.97 -246.25 
-54.53 243.99 
254.03 -143.09 
-210.13  7.83 
-180.50 -115.47 
-53.01 -19.81 
-399.50 406.66 
-235.15 -145.81 
118.58 -488.57 
-343.33 -116.25 
-81.95 -186.02 
