-195.23 -142.47 
577.71  0.70 
322.18 244.26 
59.14 -124.91 
-326.91 -30.20 
342.30 399.19 
-510.83 233.19 
226.00 79.71 
139.58 349.96 
-554.48 69.37 
148.98 -354.00 
439.56 336.60 
-304.03 38.18 
-205.96 -114.29 
436.68 -368.01 
396.75 395.21 
75.32 564.29 
-319.30 362.89 
-285.75 470.66 
-122.09 77.01 
-496.13  2.97 
-69.40 13.71 
-214.89 -192.73 
493.49 -298.61 
-283.15 188.20 
-107.96 293.37 
-491.88 302.29 
-468.89 276.65 
167.04 219.08 
-332.09 -196.25 
314.87 372.67 
110.10 -227.99 
-103.27 291.02 
-204.30  2.74 
-251.40 428.11 
-490.81 -157.53 
508.85 171.98 
-95.02 304.35 
-113.72 315.06 
-342.86 57.93 
-182.13 427.55 
-473.59 46.59 
163.20 -253.69 
-162.20 113.91 
-505.96 -19.54 
-42.77 105.97 
-97.14 104.73 
-458.18 -165.28 
191.37 -86.69 
313.83 -467.68 
-301.03 306.08 
201.19 -0.90 
-515.78 202.08 
-30.12 157.65 
-324.94 144.71 
-439.78 -85.22 
