345.82 -419.12 
-255.65 -516.41 
-332.93 -432.59 
289.36 440.30 
145.14 154.72 
-120.94 171.05 
272.19 530.96 
-384.97 411.74 
-245.53 -332.76 
313.40 -50.86 
-412.29 411.82 
152.43 526.54 
502.70 235.72 
-32.55 19.49 
202.11 524.84 
-235.70 -485.15 
-127.07 -443.11 
288.13 -261.54 
95.33 -9.99 
441.42 -305.06 
-1.87 -215.43 
-36.71 543.23 
-397.14 -87.63 
16.04 585.33 
332.28 -227.10 
-45.52 -130.03 
405.78 235.91 
192.78 396.14 
472.57 93.65 
61.11 337.08 
-100.45 -538.83 
-80.68 137.42 
382.15 -373.78 
-417.86 -302.55 
554.98 -33.80 
-99.89 -409.64 
-508.56 -40.69 
165.82 169.85 
401.29 133.76 
-585.35 16.49 
-486.94 -165.43 
-407.94 -296.41 
51.37 388.74 
-163.04 23.64 
 0.07 -571.19 
209.96 416.95 
-143.46 353.53 
-301.14 -64.19 
120.89 64.36 
-224.49 372.92 
-462.03 234.26 
388.19 434.64 
388.93 -432.73 
-121.05 -260.63 
218.94 -325.44 
-173.63 250.20 
