189.21 157.89 
106.57 -537.16 
66.31 -409.26 
161.43 -87.91 
344.86 -62.88 
-245.09 -52.18 
218.16 389.24 
251.41 -251.76 
-498.26 32.52 
-284.38 -59.28 
61.72 439.91 
-15.16 483.95 
119.17 503.27 
-162.36 -448.48 
-181.18 541.42 
-262.24 -345.30 
122.85 -65.58 
43.72 122.36 
35.41 495.86 
-251.93 441.01 
-513.18 67.04 
236.86 -149.52 
-117.74 -418.39 
157.07 237.21 
151.89 179.21 
-17.39 318.34 
-479.85 159.69 
-488.78 -310.53 
-345.13 -489.44 
504.76 -280.40 
-364.10 -217.01 
47.55 208.76 
540.68 116.83 
-258.52 214.74 
-284.73 -70.60 
-267.27 379.50 
-106.01 321.89 
189.22 -244.59 
-149.88 -354.25 
423.16 66.66 
477.56 179.48 
-247.81 416.60 
-124.60 216.23 
505.24 183.12 
-13.48 482.82 
-357.05 -209.50 
354.14 237.93 
-241.55 240.59 
269.02 -51.44 
-143.25 -442.77 
-91.38 435.52 
-327.66 196.56 
-339.46 -119.74 
419.87 -214.11 
-235.54 169.12 
-74.54 -195.75 
