-411.59 -416.03 
439.47 313.76 
-574.54 140.67 
-392.70 119.13 
-160.92 257.62 
-48.35 308.48 
363.41 18.31 
580.47 -82.79 
352.18 419.56 
-107.27 80.07 
413.99 279.04 
-187.83 -528.69 
-210.30 -541.56 
157.81  0.09 
37.83 99.32 
-185.12 568.51 
-76.68 546.93 
113.16 -104.89 
465.41 -271.45 
-388.09 68.91 
-573.21 -175.26 
92.56 27.56 
-167.38 -3.66 
61.48 -234.93 
-114.96 -156.07 
574.31 59.19 
220.44 -397.09 
-517.83 -214.40 
-168.25 116.21 
-519.11 61.89 
-99.39 -38.59 
-133.80 547.46 
340.28 105.98 
21.78 -330.85 
-588.71 -24.67 
372.04 -27.25 
-85.44 479.58 
451.42 138.55 
205.31 -328.70 
394.19 304.44 
571.90 -79.10 
403.64 -301.28 
266.45 478.88 
165.12 465.35 
-533.58 102.19 
324.50 -132.96 
232.58 409.17 
179.45 238.07 
-107.98 -110.64 
-17.24 439.81 
46.96 -404.25 
428.74 372.78 
-68.42 -203.83 
-431.80 140.75 
-165.46 -77.44 
235.99 -142.87 
