-49.40 -98.87 
-493.51 -19.85 
238.26 173.64 
-351.39 -447.02 
-169.31 226.30 
61.44 264.08 
532.16 156.84 
-152.29 -525.54 
-508.90 -27.15 
236.40 -79.67 
-46.00 502.28 
68.39 403.91 
-414.11 -287.52 
10.96 22.76 
432.79 -45.12 
592.38 -59.78 
-152.42 -240.20 
-414.69 -144.21 
-307.87 12.85 
395.68 -430.14 
164.25 304.89 
-87.56 207.11 
-51.32 -579.58 
-90.09 130.07 
161.56 198.24 
-236.25 -444.99 
353.44 460.95 
50.76 491.50 
209.29 -321.18 
-46.65 -48.13 
299.39 -455.28 
186.94 -87.73 
492.65 -27.98 
168.65 368.03 
32.59 -339.08 
339.85 -404.89 
-43.18 -501.62 
-410.25 183.20 
234.60 -344.18 
-306.18 504.43 
-114.74 460.86 
-325.62 -20.38 
180.64 -464.71 
-360.09 -121.05 
-109.70 -31.55 
182.64 -435.16 
-125.17 -441.28 
369.83 -145.65 
-428.11 -113.66 
-289.88 -76.51 
11.92 -411.07 
-429.35 -357.65 
230.38 151.68 
205.30 -53.34 
-283.51 -206.92 
343.87 162.82 
