528.64 -2.25 
-195.08 142.68 
524.39 195.71 
-171.83 -322.02 
46.69 415.84 
-115.62 17.72 
-205.08 300.48 
-2.31 69.38 
540.98 193.13 
-463.42 308.16 
164.95 311.33 
140.41 -78.49 
-85.99 -422.24 
253.27 26.24 
-152.97 539.01 
260.62 163.91 
-138.33 -539.73 
152.62 -19.51 
-269.13 -176.08 
-63.19 584.18 
-281.46 215.18 
-225.33 82.77 
181.88 264.93 
-273.14 -482.12 
178.72 -469.22 
75.31 -2.81 
-344.15 39.81 
-504.12 -9.15 
434.49 -230.91 
-228.57 111.27 
368.39 -189.76 
278.55 248.75 
-77.74 520.17 
-222.81 554.66 
233.06 -105.12 
-184.75 -547.09 
11.62 340.50 
80.15 -448.49 
52.73 295.95 
151.46 -514.51 
384.14 -371.20 
-557.69 -200.00 
-376.61 140.36 
-120.90 213.00 
-441.55 -152.03 
-307.54 -484.90 
-545.23 168.01 
-209.40 239.21 
-263.97 271.86 
25.89 -243.98 
85.75 -562.87 
-123.01 515.55 
-15.38 -11.53 
-235.74 -536.29 
-131.90 178.09 
-46.04 -178.64 
