154.44 61.53 
54.89 212.06 
-57.77 -145.41 
-99.06 244.39 
-424.09 -259.57 
203.12 -92.97 
-266.22 88.73 
-304.28 91.66 
47.77 -506.48 
290.13 95.05 
335.57 282.59 
-160.02 -545.62 
 2.99 -33.30 
461.54 341.41 
122.64 302.93 
-20.79 492.38 
-144.98 372.56 
282.58 -162.29 
-498.00 -233.24 
191.78  3.71 
405.46 17.70 
-416.44 -65.92 
29.09 552.11 
-280.86 408.82 
197.84 -243.67 
97.45 -340.34 
-267.66 139.02 
-161.42 515.66 
138.62 -567.16 
174.48 -547.81 
-90.99 -322.62 
-152.06 -112.31 
-377.10 -95.87 
-123.66 137.94 
-144.38 581.32 
335.29 161.10 
81.51 -410.59 
61.31 -323.69 
250.30 -153.57 
164.41 -118.60 
48.98 -594.13 
408.89 319.78 
-216.96 -117.65 
247.20 251.23 
-129.78 135.40 
220.02 182.70 
-332.65 -465.04 
152.92 -10.37 
106.92 -55.76 
39.46 566.07 
-99.33 49.56 
-120.94 88.81 
-149.94 -42.58 
-70.18 -68.50 
62.12 -321.66 
20.51 140.82 
