225.80 365.72 
-131.60 -282.16 
220.67 -529.27 
-16.11 550.01 
280.45 -110.26 
408.92 211.15 
142.50 -579.82 
-266.28 485.96 
67.58 -387.58 
-443.41 194.50 
345.09 136.78 
121.68 -466.57 
-272.54 -521.14 
190.53 -44.76 
14.60 -172.23 
-269.27 -319.81 
154.92 -47.32 
-362.42 120.18 
-141.52 -152.19 
-322.94 232.83 
325.56 409.43 
492.08 332.30 
258.51 -172.28 
394.95 145.30 
27.81 -344.87 
276.56 398.77 
124.54 -575.89 
222.25 488.96 
-360.82 -328.59 
48.91 25.98 
-138.75 -510.92 
94.59 -453.82 
-93.84 -259.26 
-455.74 345.27 
-238.23 209.82 
71.61 -480.38 
-4.32 402.67 
550.02 175.38 
280.06 -391.58 
-466.46 -292.21 
186.13 481.71 
-414.22 376.41 
-480.10 269.74 
364.07 -335.20 
-134.19 294.67 
-215.56 -61.64 
425.66 -306.06 
75.27 -382.93 
-286.29 -131.90 
-207.27 29.57 
133.36 -135.55 
-186.41 -418.84 
191.74 -467.05 
12.82 357.92 
-289.13 212.15 
372.62 92.53 
