126.68 -94.52 
-497.69  5.53 
-231.21 203.15 
-230.70 255.12 
230.89 -74.27 
458.03 -265.34 
-224.13 -265.93 
42.78 -162.51 
-177.40 87.03 
181.60 80.41 
-35.58 -258.12 
394.32 298.19 
310.13 194.09 
-33.66 -493.70 
440.27 -207.49 
-162.67 -299.92 
98.03 343.06 
-168.14 -470.70 
151.20 -320.99 
348.39 -25.42 
35.26 -202.84 
-95.01 -106.98 
187.51 -341.60 
344.37 229.29 
333.83 370.56 
253.95 87.49 
-519.22 -132.52 
252.04 75.88 
93.60  3.88 
100.09 389.64 
-452.33 -170.81 
-530.47 217.40 
-121.23 -246.98 
425.54 -233.51 
-190.21 377.82 
-399.41 311.60 
-23.04 131.09 
-253.77 212.79 
-186.38 -491.11 
366.77 121.09 
269.40 -359.21 
216.20 -507.15 
-171.91 -156.50 
430.78 -116.38 
-54.18 432.21 
375.38 -75.79 
176.98 -435.65 
-205.93 156.62 
-439.51 -225.85 
-496.14 53.39 
-127.42 -355.48 
57.33 23.02 
341.91 -307.87 
247.52 84.79 
-548.54 -3.95 
448.27 271.97 
