426.51 -362.45 
-53.55 374.55 
546.93 -175.51 
-2.32 204.54 
74.73 -33.38 
-58.58 590.68 
-599.13 15.95 
-231.41 124.01 
 2.92 -45.62 
-411.67 -5.48 
-244.47 528.27 
 5.90 -165.08 
-194.30 -55.19 
-274.98 -161.79 
39.09 249.09 
431.55 389.84 
43.67 -514.16 
377.35 287.18 
178.75 503.62 
-169.95 -575.17 
-340.90 -302.11 
-99.77 77.33 
-163.63 53.39 
-248.99 514.83 
380.77 -164.23 
223.99 -528.16 
-330.88 343.32 
-263.05 456.58 
-42.83 -200.72 
-13.90 -178.40 
323.09 435.69 
-71.69 513.74 
42.58 -83.84 
398.41 58.55 
-109.38 31.71 
-455.61 -225.84 
189.03 -3.32 
302.93 332.32 
416.65 117.20 
-475.14 357.54 
-41.99 -257.71 
-139.02 -181.99 
-157.23 -70.23 
399.54 38.48 
431.96 337.57 
-355.87 304.96 
-474.42 35.47 
-56.13 -319.80 
-78.18 519.22 
233.88 -256.77 
-465.47 260.83 
 0.09 -449.94 
-298.41 35.40 
-115.68 571.20 
-63.06 -425.63 
300.30 386.70 
