-437.83 64.41 
95.04 -498.47 
279.54 150.32 
118.49 -526.51 
227.30 420.82 
116.96 -33.28 
-544.27 -39.86 
-326.42 -13.32 
-76.08 205.56 
157.33 -403.08 
-256.45 483.11 
-504.12 -55.46 
231.89 127.92 
-147.73 -281.22 
-438.69 -11.07 
126.02 256.21 
518.93 46.15 
283.57 158.23 
333.18 -408.77 
406.09 -302.65 
199.61 486.93 
-149.99 58.94 
14.98 566.46 
-288.94 236.05 
252.99 199.39 
323.81 -487.58 
-24.96 -358.70 
83.79 480.91 
-89.90 380.16 
21.58 235.69 
-326.28 -459.36 
-169.03 -234.46 
259.94 483.90 
-196.43 -315.46 
-39.28 -377.30 
143.15 530.71 
-512.15 185.02 
71.49 -202.36 
-404.32 343.81 
500.39 11.81 
-295.09 348.95 
-387.09 -96.23 
-16.74 457.20 
26.40 98.73 
244.80 468.66 
-71.39 -362.09 
493.17 25.93 
-171.13 -478.47 
12.26 598.57 
464.21 -280.06 
-88.84 -230.02 
-139.06 395.36 
229.69 -42.26 
-221.91 522.95 
-344.22 72.00 
-164.03 -452.41 
