488.11 238.49 
583.58 -25.54 
-344.95 -328.34 
-333.15 341.66 
178.64 191.27 
164.36 380.82 
 1.40 189.21 
-9.26 234.19 
486.19 -315.65 
-352.22 -341.22 
-129.14 347.04 
172.47 -448.83 
188.01 556.22 
336.66 275.99 
335.65 -480.88 
-221.44 -199.21 
557.11 -158.38 
-300.30 -329.45 
-222.05 440.36 
179.56 -387.50 
-128.23 435.37 
185.97 -524.90 
-73.64 -45.64 
279.21 -265.30 
-8.63 373.31 
73.42 -503.82 
-219.93 -239.53 
347.11 338.36 
-138.13 -250.02 
530.50 243.45 
207.38 514.76 
-21.61 323.50 
408.36 65.24 
-141.65 191.57 
101.15 -588.84 
-357.21 -283.90 
-250.82 -150.72 
-333.97 -78.10 
-64.07 420.04 
33.96 199.43 
-130.86 -335.22 
-23.64 470.98 
-322.59 -338.79 
-61.09 -178.40 
-465.20 -85.22 
366.40 463.54 
87.74 -303.23 
112.59 -549.16 
-14.56 586.91 
258.90 -276.07 
-439.90 49.72 
-320.21 -256.56 
18.17 -119.19 
-405.32 90.59 
255.23 -523.81 
-137.55 -349.90 
