-29.32 -267.23 
-219.14 -385.02 
275.28 -395.27 
-279.21 51.95 
328.02 406.03 
586.10 66.96 
526.99 -173.79 
-594.85 -54.97 
-110.86 328.63 
16.09 262.11 
308.32 447.93 
-75.47 -100.78 
-174.23 500.87 
74.90 -291.10 
118.20 -265.64 
-448.82 -134.33 
-10.85 26.51 
573.91 127.17 
-435.33 -248.15 
328.96 -115.95 
37.78 97.08 
224.89 381.51 
142.94 177.48 
110.17 -129.01 
218.33 -34.39 
417.69 273.13 
539.87 -192.64 
-91.73 -418.20 
102.61 -440.67 
495.82 134.08 
104.77 527.32 
65.17 -121.83 
-21.20 87.92 
233.44 116.67 
409.91 426.31 
-18.28 192.26 
-41.44 386.23 
37.90 373.75 
-32.76 14.68 
-589.90 59.86 
-181.40 62.91 
-342.84 -159.25 
-42.27  6.99 
41.27 -457.79 
93.94 78.88 
-124.02 -559.63 
78.63 -127.05 
251.54 -219.72 
-134.10 -172.42 
-77.44 400.49 
-547.38 -164.27 
593.46 81.58 
-230.17 -124.53 
-19.37 -421.53 
178.23 137.71 
-200.24 425.19 
