409.99 359.09 
-42.66 -581.85 
-73.77 -404.43 
-85.14 -26.24 
-28.60 561.92 
-554.18 130.43 
76.48 361.44 
427.60 -210.24 
506.52 -280.23 
319.23  3.53 
-272.97 -517.25 
85.24 -264.75 
210.95 339.95 
96.00 62.55 
-461.58 -254.29 
236.91 379.86 
-412.22 -203.06 
585.96 -6.29 
354.98 406.90 
54.15 -492.76 
-125.42 -41.19 
147.80 -34.69 
-265.55 -159.82 
-88.85 -588.97 
582.24 -75.76 
-0.00 442.96 
21.07 -6.49 
488.88 -56.11 
-161.44 -226.20 
13.81 478.39 
59.31 467.69 
433.45 -292.18 
-21.95 189.58 
-359.41 -238.62 
-299.24 -447.66 
-79.52 -332.02 
-299.11 304.01 
214.19 -421.55 
70.35 86.38 
265.67 -138.71 
438.92 156.45 
-344.16 97.18 
-248.31 75.61 
-204.35 -129.33 
20.67 -352.08 
494.15 67.64 
-5.80 288.86 
-534.20 -8.03 
410.42 209.44 
462.90 31.59 
-386.17 -200.58 
334.35 242.42 
98.15 -265.22 
228.88 480.93 
309.78 -455.76 
-177.25 572.40 
