-154.45 -116.17 
259.37 -191.07 
597.15 -7.33 
81.28 -231.05 
-398.30 344.53 
-414.01 -380.62 
259.19 -98.56 
255.47 -384.57 
-69.10  3.49 
104.07 249.04 
397.32 325.50 
-244.07 -368.05 
-60.69 149.03 
88.45 58.45 
-193.23 -535.51 
-78.33 -137.07 
181.06 -456.15 
-421.45 53.29 
214.03 405.12 
506.71 -309.54 
321.61 -372.72 
-70.33 -526.64 
-66.30 -53.33 
386.14 -271.45 
215.69 -195.87 
-145.35 -538.80 
207.34 -227.03 
-456.72 -205.47 
-262.05 538.59 
-196.98 119.41 
396.98 194.73 
53.76 -462.50 
219.09 338.14 
42.46 186.52 
265.69 280.89 
-135.69 223.74 
152.08 -58.90 
-445.45 214.28 
-19.35 -53.77 
327.73 270.43 
-324.43 -6.10 
-466.86 189.51 
-250.14 160.30 
343.25 -147.62 
511.88 -250.79 
530.85 266.33 
-12.46 -355.64 
328.37 275.09 
59.21 -66.46 
-319.35 49.24 
-167.64 402.50 
69.40 488.54 
72.78 -240.51 
82.53 131.78 
186.06 -26.15 
451.29 -393.39 
