447.96 -121.75 
116.60 -125.58 
-487.97 89.07 
-344.57 213.58 
362.94 -404.71 
-26.37 -7.14 
-202.05 -127.33 
 3.30 -242.22 
-26.00 159.31 
157.52 -566.72 
441.95 62.21 
44.15 -331.33 
409.06 26.40 
-140.81 77.72 
299.67 -101.57 
339.12 -235.13 
-392.91 261.62 
46.23 495.50 
196.25 -360.19 
563.69 172.61 
67.88 174.05 
382.26 -251.43 
-236.69 437.95 
-584.66 34.40 
-68.97 587.71 
-298.67 -196.06 
-16.41 -555.75 
476.39 176.82 
153.73 19.07 
467.36 264.50 
-205.57 464.25 
404.34 -181.68 
208.03 556.22 
-162.67 -362.74 
64.14 492.48 
153.44 228.99 
426.13 -12.26 
-552.36 -173.58 
-164.66 -383.67 
82.17 421.34 
-421.15 90.45 
-202.96 -423.86 
214.36 -260.41 
72.88 -546.29 
-56.22 -572.63 
-207.44 512.49 
479.18 354.22 
218.85 -219.51 
 5.47 529.36 
338.91 -198.07 
102.90 524.61 
36.06 -116.64 
-225.57 -116.58 
-508.56 -64.06 
153.60 411.42 
56.12 -179.00 
