-113.34 425.52 
-93.32 569.38 
415.25 249.15 
379.11 233.58 
235.58 262.28 
427.46 324.34 
-476.78 -328.35 
443.46 320.85 
104.16 440.72 
-112.26 253.84 
-434.05 -194.88 
163.18 -499.13 
-501.00 67.58 
486.58 -260.92 
-387.57 428.18 
-18.79 489.51 
-46.76 161.94 
-128.53 65.26 
-193.29 -264.71 
456.58 125.86 
-457.88 337.47 
-285.33 -43.02 
524.38 -252.43 
312.97 84.78 
499.60 171.90 
 0.46 60.15 
165.51 558.14 
-335.18 397.49 
-479.30 61.79 
87.83 -470.12 
-107.80  9.90 
-209.95 305.03 
219.45 493.39 
-124.51 -160.09 
-295.20 -104.01 
175.45 241.27 
 8.72 171.71 
-385.34 -82.30 
156.16 -392.76 
309.72 -495.02 
255.42 454.74 
-391.73 187.44 
-538.49 -171.22 
-375.18 25.79 
-337.73 143.63 
-73.57 284.74 
-423.55 -13.66 
-7.96 423.69 
-22.40 588.41 
599.40 -14.94 
177.89 17.15 
191.23 -225.03 
-137.08 -517.52 
48.77 -359.69 
-117.01 -138.64 
-150.14 -31.12 
