-514.45 -97.87 
-245.08 -20.62 
358.54 -146.28 
-105.33 576.01 
-174.26 162.98 
-75.96 36.03 
95.02 -174.89 
-125.63 163.55 
415.38 196.64 
-162.44 -333.85 
453.55 -117.57 
128.35 126.82 
529.27 -252.97 
-156.22 111.00 
-129.45 -458.92 
471.87 -134.68 
-445.84 131.25 
523.04 -67.17 
-516.01 -46.05 
-91.23 -264.16 
545.95 42.74 
-226.56 76.17 
276.40 524.44 
-406.57 148.29 
-251.75 -155.38 
471.10 142.25 
-406.39 388.09 
516.62 -62.69 
-413.84 185.08 
337.95 -450.71 
212.12 444.44 
-246.27 -187.66 
413.28 -121.47 
426.28 -55.12 
-349.84 286.64 
-368.01 -141.79 
-130.62 -308.48 
-194.61 544.60 
-460.49 -276.18 
90.40 -277.30 
-145.89 -362.20 
157.90 408.17 
-22.73 -448.59 
-165.01 533.32 
46.77 260.85 
70.43 153.05 
213.48 275.61 
-473.32 -364.24 
530.31 93.49 
261.25 251.71 
-330.71 -429.63 
496.06 -321.27 
319.08 176.90 
-99.56 -286.03 
347.44 -449.49 
-114.77 486.11 
