268.13 -296.03 
-333.44 375.78 
31.10 -319.96 
-84.27 371.36 
-26.37 331.93 
514.33  8.28 
211.21 -519.21 
-12.02 -420.27 
-194.51 -81.75 
78.20 -535.80 
-5.32 -40.10 
-131.20 91.38 
371.49 -457.90 
523.44 164.60 
-106.61 -415.96 
521.31 274.81 
162.80 498.42 
394.43 -321.05 
-367.33 -260.30 
137.78 -158.93 
494.33 177.01 
-525.24 -252.35 
424.25 141.89 
542.40 -82.53 
264.45 -215.35 
-45.78 -248.71 
86.91 248.74 
-394.98 306.08 
173.96 -14.96 
-150.58 212.38 
-337.92 -303.03 
-92.65 290.70 
252.95 88.71 
-467.95 241.16 
480.48 46.21 
-32.96 -577.65 
96.61 -461.55 
-66.30 567.26 
-470.99 315.57 
-566.18 -155.12 
130.43 -115.48 
-530.25 190.85 
228.45 370.54 
120.08 -119.87 
-49.96 -573.89 
-352.59 282.35 
37.40 -207.79 
-521.57 22.41 
51.20 257.94 
-457.70 -15.80 
-234.14 -544.81 
340.47 221.53 
192.62 -288.14 
343.74 -303.96 
105.59 -27.38 
22.40 -594.91 
