472.44 -345.52 
-524.13 -103.40 
584.72 -92.25 
-195.55 -95.87 
-578.00 -156.15 
299.90 14.79 
351.51 -438.85 
438.60 139.06 
435.79 380.05 
-8.92 -127.25 
424.05 424.19 
-465.93 200.86 
-52.87 -577.92 
33.95 -281.64 
149.34 273.22 
 4.75 -10.28 
228.75 -69.21 
56.13 513.46 
-131.17 -369.43 
-288.29 -157.45 
-201.75 380.07 
105.67 213.71 
-385.61 -257.81 
277.93 -191.83 
-18.93 395.59 
517.09 -178.79 
38.14 -107.98 
178.62 -117.68 
288.03 -238.16 
368.92 267.78 
-40.16 -472.92 
356.03 202.69 
-408.63 112.26 
-124.78 281.62 
-178.69 220.62 
-1.24  4.62 
173.74 -151.16 
-62.10 329.31 
-395.05 -90.52 
322.78 50.19 
550.36 72.72 
452.11 -28.56 
-18.65 -124.27 
332.98 383.48 
-122.43 322.04 
-432.71 46.55 
-233.12 -200.50 
138.17 -566.66 
-109.81 584.80 
-305.67 164.29 
82.70 -468.00 
131.46 -344.54 
-204.84 -498.19 
-464.56 -86.17 
376.65  9.01 
65.37 162.85 
