-168.53 -346.06 
224.27 301.56 
-79.72 432.02 
-303.12 135.95 
-307.23 -507.51 
519.60 258.78 
-282.60 172.14 
-382.50 414.59 
22.22 54.93 
-161.07 208.25 
-69.46 386.35 
400.25 -234.59 
-361.47 102.36 
-319.23 -467.83 
-130.29 -426.05 
373.32 120.60 
33.26 356.01 
44.57 134.33 
260.47 -513.34 
-214.46 -524.08 
378.42 -328.19 
-246.18 -228.25 
-150.07 -345.06 
-257.93 -45.07 
-304.03 -239.48 
-244.85 -343.90 
240.98 333.59 
-89.40 -142.23 
-354.96 15.65 
-260.93 153.36 
-494.76 -61.80 
-532.85 203.11 
-568.54 -83.33 
-570.10 62.70 
-178.32 -230.31 
-490.79 -228.43 
431.64 94.39 
-300.20 71.72 
157.91 -82.89 
272.59 -369.56 
198.77 -527.32 
-189.02 397.32 
458.88 -20.55 
-80.41 -84.20 
-214.69 325.47 
187.78 242.24 
-506.09 38.30 
-183.72 387.72 
-394.67 207.30 
-243.76 -146.76 
-241.59 -546.14 
344.12 133.71 
-473.48 -175.00 
-127.35 -287.71 
-229.59 201.34 
99.27 -84.25 
