212.07 -515.98 
496.26 72.87 
-575.56 13.59 
-44.09  6.17 
324.26 385.30 
337.38 -361.17 
-176.57 -390.58 
-140.49 -419.22 
291.92 206.72 
-505.48 137.34 
-149.96 47.61 
-60.96 240.37 
214.02 57.30 
-156.29 -7.69 
89.31 -16.07 
145.90 64.33 
270.17 -179.81 
-200.72 300.71 
191.95 -406.12 
-188.22 290.09 
-420.48 -50.19 
-76.33 61.44 
198.72 148.16 
-21.69 -40.42 
-225.35 -215.65 
523.43 131.46 
-420.81 277.33 
262.44 -255.18 
106.70 555.77 
-178.81 -73.89 
313.94 -110.23 
229.98 -519.57 
-309.08 485.55 
-368.98 454.98 
-36.19 -122.55 
380.93 -396.36 
157.49 -554.45 
170.80 389.58 
453.26 -107.89 
-420.27 -422.61 
391.20 103.57 
-146.70 -156.75 
548.65 101.81 
-163.15 -380.35 
-10.49 -585.42 
-561.07 -164.53 
-512.89 -62.92 
164.06 193.80 
320.11 328.72 
-397.22 -430.89 
164.60 39.05 
-397.94 -253.57 
-235.84 -435.17 
357.29 -177.71 
-500.45 -329.57 
-79.49 556.25 
