-85.98 -122.44 
209.79 337.29 
-142.50 277.58 
-215.61 80.81 
-442.82 -270.60 
-586.62 52.44 
175.96 -394.91 
194.08 -361.24 
-157.08 -332.07 
-238.71 -423.79 
-369.77 -47.81 
-425.03 -5.99 
348.89 286.43 
248.39 265.11 
331.09 430.77 
-281.30 -64.12 
-155.74 545.81 
558.67 155.34 
-65.45 402.76 
109.18 481.42 
220.38  5.06 
428.42 149.68 
-240.22 341.61 
440.26 397.40 
189.28 323.91 
457.90 -128.89 
192.60 448.03 
34.09 -79.81 
-263.72 64.54 
-568.50 -147.57 
393.76 -188.68 
240.49 403.28 
-89.49 273.23 
-204.99 426.09 
-173.55 -568.33 
-243.50 -410.38 
-50.31 448.76 
-156.74 142.92 
139.05 -147.35 
125.17 -211.53 
-218.47 -283.59 
560.52 147.36 
113.22 493.51 
134.06 94.87 
428.99 274.51 
-374.30 -150.72 
191.97 -162.00 
407.83 418.76 
435.82 209.16 
-197.12 -204.32 
-302.58 23.76 
405.34 428.32 
331.04 470.67 
153.09 -410.79 
358.58 173.91 
441.28 92.86 
