456.19 -286.11 
149.68 -28.15 
510.16 211.56 
-276.78 25.90 
180.81 501.75 
-421.41 -300.51 
-366.44 -366.31 
125.70 570.49 
-538.82 -29.99 
-70.32 530.12 
-147.54 478.94 
-393.44 -52.98 
-598.31 -8.29 
-8.59 -5.35 
-80.12 293.05 
-191.38 142.58 
269.21 -473.40 
369.70 76.05 
462.50 -9.10 
447.49 287.31 
-417.82 -265.57 
-5.24 -502.50 
22.33 -232.18 
-53.19 -545.74 
-288.09 158.57 
-52.66 228.08 
-39.74 431.24 
-410.64 -374.77 
-231.52 116.47 
-578.68 -17.84 
82.98 382.40 
240.21 58.29 
-449.37 117.58 
-395.60 422.37 
143.36 -141.16 
92.53 443.35 
198.52 -183.78 
87.30 -112.83 
80.75 61.71 
 1.43 117.19 
-460.96 370.94 
-251.76 -474.10 
-116.79 155.40 
-542.24 -124.02 
394.83 63.79 
307.83 94.27 
-391.56 165.79 
-59.90 -228.15 
454.51 -351.93 
-14.74 437.89 
-201.89 129.48 
-312.81 68.51 
135.64 -478.80 
124.75 156.82 
-494.81 333.93 
-81.85 169.19 
