36.96 -85.70 
384.56 321.89 
-379.04 380.60 
-253.05 -485.71 
124.68 -224.96 
-579.74 -102.92 
-107.02 -171.53 
-300.23 -473.83 
546.03 72.02 
-54.07 333.25 
-116.68 -290.79 
-185.69 -491.92 
-21.75 -191.48 
-231.12 368.19 
62.67 449.33 
-81.05 556.88 
-48.86 209.84 
-231.58 466.64 
111.76 222.40 
-122.59 -326.34 
298.12 204.07 
-559.19 -21.52 
-153.15 362.51 
10.66 459.66 
-188.55 61.04 
362.11 449.96 
334.52 -68.33 
16.66 252.17 
170.13 -298.91 
534.81 -61.93 
187.41 413.00 
-421.83 -32.79 
496.69 326.25 
-409.79 63.48 
-438.76 37.93 
-172.17 -465.19 
-268.97 451.69 
-369.40 -417.25 
276.97 -335.94 
322.22 -214.23 
298.49 -363.07 
514.98 39.26 
435.11 -48.73 
332.13 430.37 
512.88 -27.56 
85.65 -494.98 
-113.06 128.54 
260.86 65.09 
247.54 403.21 
-270.18 369.33 
-269.43 77.20 
90.32 531.65 
497.31 222.96 
-338.75 -152.03 
-118.95 279.37 
359.72 91.01 
