357.57 -336.49 
 8.28 -210.43 
213.71 -283.17 
170.30 477.22 
492.26 326.66 
-38.48 -352.89 
295.89 345.61 
-236.43 -336.08 
-74.86 503.58 
-203.59 -329.86 
74.79 -122.87 
440.49 -12.99 
-202.48 516.44 
172.69 111.68 
-456.05  0.93 
-442.14 275.83 
-166.68 175.81 
-396.76 -404.90 
251.54 -42.27 
-263.56 -8.15 
112.53 -211.30 
96.29 326.86 
-158.07 269.22 
-6.16 266.92 
71.78 -510.90 
434.74 303.58 
-190.62 -27.15 
-441.52 -397.10 
-36.53 -278.29 
-402.38 437.81 
73.05 13.98 
-33.65 317.06 
-298.71 -463.35 
477.56 -1.58 
-295.72 22.69 
-147.14 86.00 
190.28 -313.69 
-472.18 326.33 
-489.54 31.40 
169.75 498.77 
-134.71 -526.54 
-36.97 -11.55 
-341.01 -7.21 
-473.47 -275.07 
-255.04 526.07 
-294.89 208.87 
28.93 102.40 
-105.49 376.00 
-378.64 286.78 
49.31 -23.58 
494.15 336.44 
-257.10 -500.31 
-188.29 -429.37 
-235.74 345.12 
-121.81 -477.62 
456.82 45.37 
