-193.40 -77.40 
223.15 269.67 
589.30 -87.15 
-559.95 -195.41 
300.05 450.59 
-317.03 291.51 
231.28 -458.84 
86.46 -514.69 
145.37 15.55 
-418.41 -322.22 
-149.88 -71.05 
-36.86 -429.98 
111.53 -48.43 
-110.04 -550.52 
137.03 442.78 
-449.11 77.88 
-464.42 176.61 
163.78 -317.88 
395.88 419.82 
-205.03 -201.31 
483.88 21.98 
106.42 -310.76 
-543.70 -21.68 
143.56 -31.32 
-1.42 99.47 
-421.66 -312.46 
-381.10 -139.72 
497.83 -99.87 
-168.36 -40.01 
-27.38 -339.47 
590.44 -6.18 
-309.81 -167.25 
 5.26 -574.96 
447.46 -222.29 
277.61 499.15 
375.10 -98.12 
-190.42 -299.62 
-352.16 466.81 
434.43 -215.88 
-195.41 151.44 
-349.78 -442.99 
-289.91 -37.38 
356.75 -145.59 
303.05 190.99 
85.51 188.36 
202.31 373.76 
-519.78 190.09 
409.36 184.48 
335.06 -186.34 
33.40 251.95 
49.86 30.06 
431.30 -295.60 
-132.18 -197.45 
12.11 341.59 
364.47 -258.48 
-370.54 -2.89 
