236.90 -17.58 
564.46 -153.90 
-6.99 441.09 
-371.71 28.42 
139.38 -86.20 
450.87 -278.90 
208.18 41.78 
-293.50 -63.35 
40.23 -32.84 
185.48 -567.57 
-191.36 388.88 
162.20 -532.36 
-387.88 -54.58 
60.92 249.14 
-242.64 337.83 
-72.24 -413.94 
-273.33 -235.06 
313.06 -288.24 
-64.75 34.60 
-378.69 -254.89 
-21.93 -318.34 
175.99 155.90 
47.54 281.86 
199.38 -16.48 
-499.78 -309.08 
-322.46 285.62 
-278.21 24.20 
155.97 -410.27 
-222.17 -516.56 
169.06 -431.60 
-330.92 203.72 
-400.11 286.10 
-290.47 -190.73 
-0.44 -96.64 
-124.73 -248.82 
-196.39 -419.45 
236.80 472.13 
62.30 326.94 
-144.64 183.49 
30.66 -583.18 
405.33 96.62 
-277.31 354.64 
-308.73 -361.53 
464.61 138.36 
-89.90 -265.98 
-274.51 -305.63 
-255.39 -267.28 
-93.17 420.69 
-370.49 -429.96 
409.65 234.33 
301.24 359.98 
-481.23 50.29 
57.98 -556.98 
31.05 82.25 
11.48 -208.85 
35.97 282.59 
