203.22 388.75 
557.08 -162.61 
-120.51 -479.86 
365.07 -38.73 
-137.42 220.71 
89.07 539.53 
-64.03 145.67 
280.12 132.55 
219.48  5.35 
91.45 -229.86 
402.77 -360.17 
-276.32 312.14 
135.96 -459.52 
264.26 406.62 
329.28 363.57 
455.52 238.57 
-453.92 -1.57 
546.09 -112.92 
162.04 121.77 
307.90 -376.96 
44.90 423.84 
554.75 165.03 
191.52 146.26 
257.19 366.30 
51.32 131.74 
83.68 222.38 
-34.43 -403.92 
-227.23 307.66 
-282.06 484.70 
-154.02 -82.78 
461.68 215.90 
352.17 30.53 
82.13 -132.83 
-490.36 -326.68 
-197.76 -104.48 
194.51 -309.53 
-207.62 -341.26 
-125.37 -134.31 
469.29 -241.51 
-279.10 -280.23 
327.93 174.96 
 5.36 -38.92 
161.64 446.73 
451.32 -223.86 
-509.86 24.95 
344.62 -473.86 
-210.45 -323.04 
-163.55 -184.82 
-366.71 171.64 
296.33 -404.93 
-243.87 -420.21 
114.98 316.33 
469.26 -3.67 
61.12 60.01 
41.66 -263.12 
-83.25 -178.23 
