-31.21 -505.96 
-278.31 301.67 
-197.24 473.37 
-43.15 -51.92 
-157.88 330.37 
-319.35 142.72 
-30.29 484.08 
-171.41 -114.02 
10.96 -345.20 
-496.10 330.67 
-463.97 -20.51 
-68.47 460.66 
-344.89 250.46 
128.58 526.08 
431.48 74.74 
571.88 101.36 
185.22 494.83 
-254.59 230.91 
-548.44 49.29 
436.73 -364.36 
212.72 362.75 
-66.18 -381.83 
-25.12 -320.29 
296.11 -345.28 
467.74 235.74 
347.53 -249.57 
265.80 531.25 
176.07 501.86 
381.32 -24.85 
429.77 -133.20 
-52.83 -8.25 
-288.60 386.41 
213.43 521.37 
217.17 298.54 
269.82 450.58 
335.12 -248.49 
53.84 138.16 
46.99 252.22 
-394.03 -261.40 
530.90 134.98 
-64.95 240.91 
-401.43 429.58 
452.78 384.01 
512.49 11.26 
-464.06 250.20 
367.58 216.92 
-162.37 323.37 
53.06  1.77 
-64.08 -148.73 
178.94 454.18 
-437.53 -146.66 
549.50 21.74 
-378.36 183.58 
378.67 333.07 
13.76 -480.46 
283.02 -24.76 
