400.75 159.23 
-77.42 -567.49 
-114.62 -410.03 
83.66 360.95 
-367.63 -378.53 
493.87 55.02 
-92.53 -17.71 
-84.96 574.10 
50.58 -211.12 
42.73 -60.47 
187.53 457.84 
277.57 486.23 
-360.13 -216.33 
 0.33 -96.66 
178.91 451.23 
63.47 -552.75 
251.11 -521.21 
223.27 -29.68 
-431.65 -108.96 
102.18 444.77 
225.74 -70.61 
396.72 233.48 
-159.19 -536.02 
-402.61 -424.62 
-91.00 66.62 
343.31 203.19 
138.73 -30.64 
-57.78 -507.49 
-371.44 -253.81 
-173.50 -453.93 
12.14 280.85 
-436.79 -142.58 
-138.05 -110.52 
-144.48 -66.84 
180.39 -13.42 
431.72 -100.45 
-81.52 -231.60 
471.14 289.86 
26.75 351.27 
-133.87 519.07 
-351.67 -438.35 
-326.62 -106.51 
-498.14 246.67 
-348.40 -404.13 
210.54 534.14 
-290.06 419.27 
53.43 16.35 
56.85 501.47 
-343.67 115.16 
496.94 53.82 
 9.23 -465.05 
-177.04 44.94 
-327.85 -224.12 
-103.37 -260.28 
433.12  3.06 
221.32 -500.82 
