439.27 -197.12 
-334.78 419.96 
-170.37 434.78 
-118.66 486.56 
-394.46 -231.52 
375.78 375.20 
-526.63 -57.21 
270.07 356.92 
-179.89 -282.22 
-22.84 -83.99 
-186.48 421.65 
-573.53 -170.40 
-154.88 -238.46 
-348.31 235.86 
-494.02 -160.23 
180.65 -264.33 
-54.38 -347.81 
-149.35 -219.91 
-381.89 -65.00 
-320.13 -242.69 
76.32 -121.04 
-32.42 341.74 
-276.85 -37.49 
115.60 364.11 
316.65 -232.74 
-31.52 -406.69 
189.44 278.87 
370.24 -454.78 
385.21 117.34 
171.94 251.18 
 5.49 -489.49 
-21.01 536.42 
116.49 64.72 
-395.20 -250.51 
-2.50 31.02 
-344.91 39.75 
-68.80 274.47 
-511.97 -76.48 
300.15 -400.08 
-381.20 -59.89 
-195.75 -79.87 
55.90 282.32 
-6.53 -109.80 
533.45 112.02 
309.44 263.51 
-338.67 -80.81 
-117.71 92.30 
-470.82 -155.76 
-43.37 -70.50 
288.00 435.71 
-228.89 -374.43 
392.41 -99.03 
-453.05 227.59 
-111.81 -188.76 
182.00 -59.06 
-303.00 463.26 
