35.40 -186.12 
46.52 163.43 
-21.22 101.14 
-175.37 -304.09 
560.17 -109.14 
269.20 -357.66 
141.08 -138.50 
228.58 -58.62 
582.66 -40.00 
-31.49 551.81 
14.29 -474.49 
446.92 159.17 
-148.35 323.26 
-505.93 200.39 
168.63 122.09 
86.17 412.88 
263.44 -510.45 
40.13 62.26 
-256.03 317.68 
-144.52 -209.51 
495.20 -54.54 
-492.86 -169.33 
-101.79 -154.53 
-324.22 -250.00 
-316.50 296.81 
316.54 335.22 
38.60 -598.54 
-282.92 339.50 
-322.78 255.19 
39.95 32.56 
353.63 476.10 
189.67 -104.74 
-182.45 308.32 
-508.09 -243.15 
-172.35 308.82 
-566.76  5.06 
341.63 -130.89 
-370.06 315.29 
476.18 -81.21 
-402.70 -385.47 
-100.05 -26.44 
-405.64 299.61 
362.97 -159.42 
199.73  5.26 
-26.84 -346.13 
194.11 -517.67 
206.71 -489.43 
337.35 -107.49 
415.20 -91.78 
-22.25 417.61 
369.19 254.16 
-505.02 49.49 
-1.54 -164.24 
-307.12 -158.29 
-173.48 12.23 
360.87 -178.30 
