-147.89 -54.94 
458.48 -321.66 
89.42 -206.11 
-311.08 374.58 
456.14 -50.44 
-197.38 308.14 
-399.31 -425.04 
-272.88 -72.92 
-477.67 -22.05 
-273.39 184.70 
-172.89 -555.35 
-67.54 -523.79 
-87.78 390.92 
492.65 84.10 
330.34 69.44 
531.03 -269.49 
335.67 423.17 
-248.29 -469.21 
-154.54 -382.05 
-278.60 228.41 
84.36 520.88 
153.11 -29.04 
134.98 -130.31 
-145.96 556.43 
36.78 -229.68 
-224.51 -425.76 
247.01 389.47 
571.86 -96.27 
-252.73 129.03 
-294.52 130.38 
411.97 -379.79 
463.33 368.31 
120.04 -389.54 
-196.93 234.50 
-248.25 124.35 
-459.68 362.71 
152.86 -439.16 
139.12 -290.30 
-179.18 167.22 
342.71 186.33 
-552.36 181.35 
-485.48 136.59 
71.92 242.18 
531.80 -86.60 
-253.12 -29.11 
221.05 -179.17 
-598.79  4.18 
135.46 520.88 
471.56 -145.97 
264.65 174.51 
-403.20 68.82 
-466.06 179.57 
-104.55 369.70 
234.90 -326.24 
-191.43 -493.50 
-68.50 -506.16 
