260.46 56.83 
-535.31 -132.85 
126.79 -243.07 
-390.66 -280.14 
592.70 -26.98 
286.00 -163.13 
-213.27 538.85 
-438.24 -332.96 
-431.29 387.55 
298.32 317.57 
-27.40 -221.18 
460.28 -101.13 
-253.04 234.89 
354.29 -128.75 
76.69 -417.06 
418.14 376.03 
513.85 -147.59 
-39.83 411.28 
530.53  9.35 
-483.63 310.98 
186.42 306.37 
-59.19 581.21 
-15.43 -303.64 
18.56 -251.62 
256.04 -101.56 
400.67 95.81 
446.24 -206.02 
475.30 -32.09 
-288.03  3.32 
265.42 -57.58 
-359.97 -303.39 
120.28 -513.39 
484.98 -292.75 
-470.04 -209.06 
-476.24 19.14 
250.22 -415.50 
485.42  3.13 
191.35 -21.67 
-496.03 278.27 
584.96 26.84 
351.89 167.91 
340.01 -348.33 
519.08 199.22 
331.79 292.92 
-127.49 -199.76 
505.99 -298.14 
-144.38 -442.27 
108.20 424.93 
143.00 -263.34 
-283.63 -273.49 
-352.37 95.89 
191.24 -214.89 
360.24 375.35 
-20.55 -87.11 
 5.28 -102.56 
-67.32 31.57 
