482.77  5.22 
424.93 -155.54 
-134.02 227.34 
-201.05 -89.50 
293.20 327.78 
268.83 229.67 
-20.73 555.35 
211.37 360.12 
 3.53 -220.03 
-282.77 324.48 
301.59 408.99 
155.07 102.47 
-368.61 372.82 
-72.38 -468.09 
530.27 171.50 
-243.70 547.45 
143.65 -317.42 
-2.75 548.71 
-406.94 72.32 
248.20 -221.84 
60.20 500.97 
-426.34 -106.50 
466.48 -307.05 
86.28 400.11 
-344.47 239.26 
106.76 -55.98 
33.00 199.67 
-417.88 10.91 
566.68 -147.80 
216.15 66.08 
-156.64 441.74 
-384.62 -331.42 
-169.43 -29.12 
476.38 156.14 
40.52 -374.61 
-92.01 -115.64 
-366.03 58.40 
524.37 278.94 
341.27 311.55 
-93.06 200.77 
-162.09 409.58 
-21.87 36.47 
266.38 474.73 
-342.88 53.77 
-218.90 377.21 
-386.39 237.93 
503.87 261.61 
270.43 -143.19 
-184.38 -237.93 
246.64 127.37 
253.21 -419.10 
-53.48 -422.84 
283.47 177.14 
-105.86 523.37 
-319.67 -183.82 
-211.56 200.76 
