-139.34 521.30 
69.03 -429.48 
373.85 -439.03 
350.99 -192.04 
566.95 125.90 
-408.86 119.49 
377.76 51.90 
478.66 283.90 
256.18 -378.62 
518.43 -81.34 
-319.70 -64.01 
-37.27 -61.17 
433.65 -26.93 
336.30 -180.25 
205.12 310.20 
-385.19 -103.79 
-92.98 -82.64 
-24.26 -512.47 
-336.22 -221.84 
-116.53 -61.47 
-220.88 101.97 
31.16 43.23 
-119.01 -300.45 
-277.12 -154.43 
-43.39 101.96 
-166.51 353.82 
160.18 559.91 
-397.61 -71.82 
-512.43 295.44 
-76.78 -52.38 
-359.10 204.08 
-481.96 151.35 
237.60 -239.34 
489.52 -215.41 
-226.79 76.07 
442.57 -42.03 
-133.60 -464.14 
150.71 -461.73 
-239.43 -292.25 
390.08 89.37 
421.15 -1.91 
-62.21 -438.93 
135.37 -242.85 
-393.48 -116.83 
174.96 -15.90 
-47.75 348.41 
325.13 -383.35 
150.70 -358.98 
292.70 153.87 
-494.12 -229.60 
116.17 248.21 
-219.96 329.21 
-352.71 41.53 
61.34 369.93 
314.47 -375.36 
-129.90 -405.85 
