-8.77 -441.77 
236.26 431.24 
462.29 60.36 
-569.78 -178.91 
175.85 -210.96 
-238.40 -133.51 
-127.65 537.87 
-126.67 453.87 
17.91 318.95 
181.40 -120.02 
-374.91 -45.61 
-48.46 224.78 
533.03 -121.15 
-24.38 -500.24 
-78.12 -196.11 
-126.11 -179.87 
257.82 -327.89 
-60.57 450.40 
595.30 -9.58 
-414.62 379.20 
-312.62 58.81 
-325.93 475.74 
-100.73 -199.12 
255.13 -35.26 
-368.17 -361.94 
44.22 102.47 
-122.83 -72.05 
-207.39 475.18 
-34.55 70.32 
-198.32 -367.11 
101.25 246.05 
-377.11 398.03 
-386.00 168.51 
-102.67 -312.29 
349.75  3.66 
408.27 170.22 
443.60 -177.51 
-169.98 -71.24 
194.74 165.41 
286.45 -156.27 
312.15 265.61 
237.02 -409.21 
193.27 -246.95 
147.64 -527.96 
-421.90 68.17 
-137.18 -500.96 
-19.63 571.71 
-181.38 340.24 
276.06 -322.74 
-82.94 319.67 
-44.73 121.51 
-339.12 172.32 
-515.29 152.33 
109.65 -506.04 
-161.37 -532.71 
-99.44 72.53 
