-505.20 262.21 
-262.99 156.28 
-141.09 218.58 
-122.55 493.28 
357.43 -219.57 
481.01 106.59 
-557.58 -9.59 
-238.08 204.70 
51.00 -555.87 
-231.40 -256.14 
237.27 157.60 
338.89 -222.34 
-34.72 -357.82 
-461.60 -98.99 
447.80 -293.98 
-481.12 -53.56 
-552.71 208.61 
293.38 -110.11 
515.25 -275.41 
239.45 -540.98 
-238.47 -53.36 
73.28 -350.77 
76.79 219.06 
271.93 -204.74 
-81.60 326.08 
58.73 370.04 
248.62 134.66 
-111.20 510.37 
10.03 -546.06 
335.89 430.14 
-362.69 -135.61 
59.67 218.85 
478.91 55.46 
109.49 458.37 
403.14 283.04 
-153.55 -413.49 
-40.38 -189.71 
78.63 -112.44 
253.06 -512.03 
-310.06 148.02 
-275.24 475.02 
-36.44 -478.19 
-317.05 360.90 
307.00 -290.21 
-481.14 202.86 
128.53 229.58 
49.57 559.99 
-139.84 -128.40 
-430.80 285.40 
338.18 -453.14 
379.01 185.83 
-197.31 288.25 
27.16 -187.74 
-416.08 11.05 
-120.84 -67.64 
-261.73 -103.28 
