233.14 475.98 
384.26 -76.17 
440.30 47.39 
-94.73 443.45 
-174.91 -256.77 
154.26 -561.59 
216.56 392.09 
162.64 358.40 
29.31 -229.49 
243.94 -106.42 
534.98 232.43 
-313.55 -130.55 
22.11 317.17 
-426.36 34.90 
-389.80 -417.47 
-307.31 -348.83 
178.71 285.46 
276.89 94.75 
265.14 -345.92 
-246.01 -505.25 
-53.78 -487.03 
165.83 -197.45 
594.90 77.36 
459.58 127.32 
134.01 563.82 
283.88 406.37 
-203.47 -79.32 
-231.15 -155.78 
29.51 550.54 
455.40 120.92 
-50.37 67.76 
-249.46 -84.14 
290.48 205.28 
-147.96 -79.88 
146.22 -219.02 
110.50 403.49 
579.37 -3.17 
27.53 561.69 
61.79 -186.15 
-333.57 32.21 
501.80 87.89 
-448.18 -166.11 
311.60 118.36 
124.41 -334.43 
93.90 -432.91 
431.61 223.57 
170.90 120.23 
 7.47 238.29 
-259.65 320.86 
-327.93 124.36 
102.26 -246.25 
-239.76 140.00 
-135.79 -571.55 
-29.23 -331.28 
-113.97 517.61 
414.78 275.66 
