392.68 -338.20 
-378.12 -430.20 
-207.42 446.63 
124.34  5.28 
-145.39 176.88 
131.03 39.48 
-544.53 214.07 
-84.93 -6.10 
504.96 215.16 
-311.93 162.07 
-66.43 150.13 
-518.96 -293.07 
51.60 352.33 
13.28 363.46 
278.99 231.80 
-324.43 -100.10 
60.27 -390.18 
535.43 -61.53 
-241.75 -175.36 
245.83 513.70 
-327.67 476.30 
-37.61 598.49 
-249.20 12.42 
101.46 -93.46 
-409.84 417.24 
254.62 -455.09 
-117.16 -205.05 
-443.45 367.35 
-167.46 327.95 
-393.71 -290.03 
179.20 493.55 
270.74 -132.61 
-97.18 -314.33 
-399.54 231.43 
-562.57 140.81 
-43.26 126.89 
329.19 -277.01 
240.22 -401.30 
-27.52 373.52 
130.72 -87.07 
-442.04 170.76 
-98.90 -72.71 
67.22 175.21 
400.09 252.60 
494.85 -275.49 
563.01 99.55 
175.79 399.60 
342.88 -350.59 
205.45 -313.93 
367.04 88.84 
-190.12 -47.26 
-475.77 72.09 
325.57 -322.28 
469.84 133.74 
-108.76 479.49 
-49.61 -45.85 
