254.13 -104.22 
226.86 -190.19 
87.76 90.04 
506.51 -178.73 
-404.76 -146.45 
278.07 399.02 
49.44 236.87 
-173.00 202.52 
-266.08 -227.56 
-200.29 306.30 
25.33  7.02 
-533.48 -217.61 
277.93 217.74 
75.63 362.07 
-358.68 -166.05 
157.59 329.30 
150.19 -425.27 
354.64 -472.60 
-96.46 -189.69 
-171.55 469.23 
-156.89 -148.84 
-143.76 543.95 
256.64 -33.93 
352.90 -390.43 
96.46 -408.81 
272.19 138.17 
-38.26 -108.66 
-86.14 48.30 
-283.23 -515.51 
-290.43 -253.38 
131.96 139.91 
475.99 280.24 
-503.85 -298.37 
367.18 -386.48 
291.74 -252.45 
308.40 -422.48 
-469.87 193.83 
-108.32 237.20 
-427.77 270.37 
213.29 -96.30 
-565.62 -169.01 
-286.45 -391.89 
214.73 -105.28 
-475.66 173.40 
-265.05 25.90 
23.93 81.88 
-235.70 174.83 
303.92 152.89 
-35.84 137.40 
-399.29 -222.15 
-529.08 -245.02 
472.27 -11.25 
354.59 -316.50 
-442.48 331.78 
-120.78 -537.68 
-62.86 -583.17 
