-145.18 -47.09 
409.94 81.43 
-121.19 -240.38 
78.63 -146.21 
-150.98 190.45 
35.57 -12.05 
-161.27 230.98 
-342.09 -310.76 
-271.63 23.98 
191.46 -25.83 
 1.21 133.00 
-265.97 488.73 
370.86 -372.68 
-477.42 293.16 
75.66  8.80 
146.88 463.61 
132.97 504.52 
445.69 358.34 
372.08 -391.46 
563.76 -194.60 
-194.99 -140.55 
201.32 520.14 
145.10 329.94 
507.10 -275.89 
417.92 -242.61 
-180.57 559.55 
-309.65 384.48 
14.21 360.40 
-346.07 315.24 
235.05 144.07 
-144.77 578.92 
-147.29 155.93 
-509.62 -46.93 
96.66 440.42 
-38.45 110.94 
383.53 141.71 
501.21 28.27 
-479.08 -128.51 
429.36 -350.72 
101.07 308.07 
-125.94 -206.98 
-55.68 -454.00 
470.38 301.19 
-306.78 -47.87 
362.07 -173.68 
548.97 10.22 
319.10 -387.32 
-157.57 -82.07 
107.93 276.55 
23.76 466.43 
-82.36 407.14 
45.68 -1.91 
-340.27 403.00 
100.47 197.78 
65.63 -20.96 
-117.31 -21.49 
