-186.22 -470.49 
485.86 -121.48 
-24.76 -159.57 
-116.01 -330.39 
422.48 -266.43 
591.91 -44.32 
-142.79 -304.69 
-303.18 335.90 
 9.14 224.29 
309.56 -123.14 
-275.95 -127.61 
394.73 -150.29 
-71.64 -203.39 
-13.86 -299.64 
237.37 494.38 
63.99 -454.36 
402.06 15.06 
49.26 -493.39 
-537.09 23.56 
406.59 126.76 
23.80 -250.01 
59.33 575.45 
456.76 -159.81 
-377.25 -50.91 
-245.53 195.81 
-239.27 -227.67 
-162.55 -194.74 
76.40 81.04 
-523.44 -178.08 
 0.81 -534.33 
87.42 -113.43 
260.25 -8.79 
154.38 117.09 
70.15 -186.99 
-50.72 -274.99 
26.63 -378.02 
180.99 439.11 
539.16 -12.00 
-263.24 289.91 
-4.16 -382.11 
-167.84 -40.68 
470.22 167.34 
-473.77 302.26 
247.87 -238.37 
-458.43 -348.35 
-158.05 258.48 
173.40 156.10 
62.32 -81.43 
-207.81 -134.97 
-95.86 -333.39 
303.80 211.87 
-447.39 -159.48 
579.56 44.86 
447.70 -245.91 
350.24 -477.31 
361.25 313.44 
