-202.90 -59.06 
-526.93 -174.04 
-21.37 -287.74 
-539.60 -114.64 
38.28 593.18 
-534.56 -212.99 
283.34 288.60 
119.32 147.66 
181.20 195.83 
195.74 326.64 
-332.23 -131.40 
-454.56 -82.47 
-182.19 149.22 
-477.49 -257.92 
-118.44 545.13 
-56.15 462.00 
-344.24 -454.94 
-171.85 339.44 
372.29 -218.22 
-287.87 367.64 
72.29 464.50 
261.89 -164.04 
391.04  6.99 
-66.19 -68.30 
430.27 379.16 
255.65 -237.61 
-462.21 257.13 
-251.95 27.74 
-1.45 521.57 
496.05 -231.39 
250.16 -108.09 
-297.22 494.46 
143.45 541.54 
-177.97 350.92 
208.17 -516.36 
169.49 -562.74 
330.42 -208.39 
-262.13 516.09 
16.05 -437.52 
287.83 47.96 
-511.28 278.80 
264.93 -363.68 
409.45 275.86 
-19.40 414.18 
-212.69 79.00 
418.42 266.88 
-493.11 39.75 
269.27 -125.70 
-405.08 -310.57 
-42.73 180.93 
257.17 79.04 
-393.78 202.55 
390.93 327.78 
-406.37 278.35 
189.44 553.75 
224.51 -318.88 
