93.99 162.99 
-40.23 -392.86 
-477.82 232.62 
276.68 -116.64 
543.59 167.60 
-341.22 -296.47 
-91.41 482.64 
 5.72 -424.02 
-207.76 -185.03 
501.15 54.38 
-324.39 -211.05 
-481.18 271.65 
339.84 -145.31 
-83.58 -340.12 
-514.93 241.88 
-261.90 407.72 
-37.20 398.12 
-175.25 555.61 
510.45 105.86 
86.91 215.04 
-34.66 446.26 
214.66 -425.24 
287.00 -348.08 
29.66 -83.32 
-240.70 160.79 
-555.32 -163.37 
-308.46 488.48 
324.48 141.56 
545.28 -126.55 
-79.30 175.67 
-340.16 250.05 
211.13 -120.04 
-220.29 275.58 
-531.94 -270.66 
-329.94 324.12 
-99.49 338.56 
-16.36 116.34 
-388.28 400.29 
-353.30 229.52 
73.84 101.43 
-122.29 175.84 
-287.93 82.56 
436.01 -382.14 
-119.96 346.44 
108.01 -411.78 
115.34 -217.97 
56.65 26.68 
-266.52 377.95 
36.79 -220.08 
118.84 -524.35 
-587.16 115.37 
-154.09 388.99 
285.35 -108.61 
60.66 -49.60 
244.59 92.70 
-64.24 222.50 
