-378.90 -138.31 
377.36 39.69 
-276.84 56.88 
-121.91 289.11 
507.59  0.41 
-158.84 525.21 
-347.88 244.15 
-305.65 312.00 
-474.65 -329.51 
312.10 419.53 
183.66 285.05 
322.35 85.18 
461.88 210.28 
-137.40 447.02 
-208.79 -532.59 
28.48 -577.68 
-276.15 97.49 
-218.44 -331.70 
248.40 46.65 
-201.72 101.82 
-379.95 371.06 
102.47 -179.16 
442.72 285.52 
-18.68 -516.74 
171.03 517.72 
479.05 317.56 
16.76 174.32 
-141.83 346.23 
369.80 427.59 
-115.02 581.15 
-153.70 -298.33 
-143.85 -528.56 
-123.25 40.91 
-332.75 -328.35 
-103.29 181.66 
-53.77 324.10 
301.12 -255.41 
505.91 -279.35 
17.05 140.43 
134.46 -241.57 
-131.21 429.51 
476.59 203.31 
304.53 25.17 
39.71 -0.72 
-158.76 -524.89 
-211.17 177.68 
-170.75 -435.62 
-240.15 147.52 
-9.48 -178.53 
43.20 -251.04 
147.92 532.44 
-477.38 -5.69 
22.74 -411.04 
513.18 101.78 
473.01 -277.66 
437.65 143.95 
