151.22 -232.37 
-158.57 -3.42 
-202.30 -479.35 
328.79 -56.08 
-497.87 -79.86 
-477.40 254.04 
252.02 376.11 
-117.56 -241.84 
-270.57 -352.57 
-166.29 43.60 
-471.56 -285.00 
-533.78 103.51 
222.44 -118.89 
195.94 -243.15 
-98.39 -316.67 
106.96 105.42 
-534.38 -111.89 
288.95 -449.86 
-340.66 -17.99 
-47.77 184.49 
-110.77 59.06 
108.86 87.97 
-343.14 202.06 
36.68 399.59 
-78.11 154.72 
-92.23 -252.46 
139.40 372.28 
186.91 -208.89 
419.07 358.52 
307.24 -222.70 
242.95 191.44 
-180.34 -1.59 
-349.74 -126.60 
-545.94 -72.63 
444.12 209.09 
-364.68 440.88 
415.93 231.56 
227.78 138.93 
270.70 496.50 
37.85 388.24 
-233.25 -287.21 
-269.60 440.03 
-230.61 179.17 
-81.46 174.96 
-32.31 259.28 
-343.37 -438.74 
495.57 -298.85 
-231.60 -372.84 
-248.98 130.63 
-209.07 -168.39 
37.99 -597.10 
97.95 327.98 
-125.84 -472.98 
-162.59 -41.53 
 1.38 465.89 
62.06 -52.73 
