-130.99 -343.25 
277.64 -434.20 
-591.33 77.00 
-557.05 -214.68 
211.06 424.68 
248.95 -181.12 
-486.14 -334.81 
-36.85 379.52 
-161.76 46.22 
-304.92 86.15 
183.97 -569.66 
86.49 -69.60 
-61.66 46.60 
-72.14 -564.39 
236.15 -183.14 
-327.93 -251.33 
-223.25 369.52 
484.97  0.04 
301.13 -63.11 
-277.59 478.98 
-517.64 207.63 
-507.64 -246.25 
381.48 -181.60 
-458.80 -44.89 
-84.95 -304.72 
-498.91 -292.71 
-152.28 -477.77 
504.58 -126.41 
344.09 -56.98 
304.20 323.47 
210.61 174.58 
207.08 128.68 
-32.73 -573.01 
-260.68 -367.57 
387.18 342.22 
18.88 166.02 
244.53 539.80 
224.73 145.94 
-493.38 205.31 
20.17 437.25 
79.91 162.89 
 1.58 -140.75 
87.55 267.15 
211.50 164.94 
-11.44 -40.72 
-156.88 233.29 
-102.81 -177.32 
130.43 -547.38 
-171.27 49.60 
142.38 385.13 
-208.18 -405.13 
363.93 85.85 
124.75 -21.67 
83.94 35.37 
232.59 -309.37 
-88.30 114.56 
