-192.96 419.71 
315.31 -82.36 
-152.37 -412.06 
203.50 288.46 
156.83 -187.78 
-214.75 11.25 
-40.92 -445.27 
-414.42 -174.28 
594.77 14.68 
-479.90 130.72 
-545.74 155.38 
344.51 123.33 
-77.77 -509.06 
-182.85 174.30 
492.73 64.54 
-123.88 586.57 
446.95 63.87 
212.15 335.76 
-538.86 -32.32 
337.66 -420.06 
-141.08 -376.22 
-432.91 405.82 
67.87 300.84 
306.75 505.73 
-477.33 -157.53 
-517.88 -267.79 
-300.06 -226.21 
-29.34 -207.23 
338.70 -218.32 
-599.34  4.08 
-434.11 -88.27 
302.45 -393.86 
-164.71 -338.74 
147.10 -425.21 
133.56 -292.41 
-21.37 -236.99 
451.51 -231.77 
248.12 294.87 
-12.70 -512.30 
 5.60 -45.99 
48.51 417.27 
120.45 112.34 
-134.55 -119.37 
-103.29 381.09 
-106.33 -374.56 
39.19 42.02 
138.30 -75.92 
-486.95 140.91 
299.26 -45.98 
-100.78 34.37 
 0.25 225.37 
-330.92 97.45 
503.57 68.47 
-387.70 -443.29 
-352.74 -26.64 
249.32 -401.22 
