-190.88 345.58 
-355.51 -309.46 
22.07 531.90 
-226.18 329.01 
-577.96 76.41 
94.24 -371.11 
-6.37 193.03 
205.86 534.85 
-150.14 -416.91 
-456.12 -80.46 
339.02 -250.71 
-163.16 438.83 
-573.43 -65.62 
272.26 -16.47 
422.53 -191.14 
266.20 -359.01 
150.73 303.19 
149.93 483.49 
539.00 228.70 
-441.66 -336.51 
149.22 -249.84 
27.27 -555.84 
-417.61 -156.07 
106.64 186.34 
-119.83 -503.76 
47.69 210.12 
-242.80 97.54 
153.13 -89.16 
191.22 -137.23 
338.50 401.11 
211.28 -147.62 
-87.94 76.24 
12.75 391.45 
-88.23 559.26 
455.46 -20.64 
-218.49 343.25 
194.77 169.72 
174.66 -444.17 
173.86 339.06 
78.23 384.86 
-417.05 242.79 
189.03 486.90 
149.65 -142.92 
52.44 153.73 
-118.69 -317.73 
-521.72 59.98 
-407.42 -343.73 
-472.10 -259.06 
-328.46 -434.41 
-150.70 -557.42 
-26.71 -208.64 
-83.67 -426.69 
450.80 -193.62 
124.33 246.84 
-574.36 111.67 
87.36 428.10 
