58.13 -588.21 
554.99 87.21 
480.23 -330.07 
-301.49 -141.22 
234.14 41.74 
-159.31 533.71 
193.90 188.46 
445.18 -368.80 
-40.09 -584.83 
153.48 222.53 
-356.10 273.95 
292.98 -128.39 
-140.91 -564.33 
497.89 104.48 
-331.03  7.13 
56.34 335.31 
568.83 -19.38 
-305.14 251.01 
413.24 -322.22 
-579.72 -46.37 
308.46 121.53 
-192.85 -116.97 
-272.05 119.46 
-595.02 -11.85 
-2.83 -296.24 
39.61 365.11 
75.95 -573.13 
-163.38 359.42 
-129.70 197.63 
-293.79 50.09 
-290.23 -442.54 
58.84 -15.32 
-234.87 -148.26 
101.87 194.98 
-89.52 -168.73 
-568.50 111.91 
491.65 106.33 
-488.39 59.52 
-542.91 50.67 
76.87  2.65 
-278.59 15.83 
-14.70 -96.47 
-5.34 184.63 
-513.91 -214.02 
130.54 11.93 
375.76 433.75 
 1.73 314.76 
-327.92 -96.16 
152.81 436.30 
-166.08 311.67 
-136.75 575.67 
67.19 -37.35 
130.36 167.01 
425.14 123.68 
192.96 120.24 
47.08 72.21 
