174.16 125.19 
-232.02 -421.75 
265.62 -171.28 
244.93 -191.10 
359.66 221.31 
239.16 35.78 
336.08 -476.49 
-410.09 -382.42 
-386.03 179.99 
251.80 -232.82 
-135.52 116.33 
-368.96 40.39 
-18.96 -470.27 
190.51 12.21 
-432.56 64.92 
-356.98 -167.38 
-531.73 -119.11 
-40.29 -138.30 
-268.01 464.63 
331.54 36.54 
-21.96 -4.74 
-141.84 -292.20 
-563.36 60.54 
60.52 437.04 
263.82 356.50 
-328.93 -211.81 
-64.34 280.13 
225.09 -174.50 
235.83 333.71 
-525.55 203.40 
149.17 -448.73 
61.16 -162.59 
161.75 362.38 
-268.92 -44.10 
-213.22 411.85 
408.49 -289.44 
25.49 40.99 
140.27 438.95 
-566.55 149.13 
-553.98 -118.97 
104.54 381.79 
207.56 295.67 
543.57 89.91 
-474.02 223.49 
190.60 311.19 
-397.11 275.02 
-64.36 -306.30 
-95.64 296.73 
-180.75 531.60 
63.35 -569.11 
52.53 -339.62 
-523.10 -230.61 
-301.68 500.77 
462.55 -70.36 
-527.25 -284.76 
138.30 353.60 
