-239.61 -239.88 
132.49 514.43 
386.55 279.30 
-426.60 -353.98 
-364.49 160.75 
-575.30 86.64 
-108.35 -81.67 
-575.05 128.71 
172.01 -494.43 
-67.32 483.05 
-326.20 353.14 
-410.67 263.65 
-94.22 51.32 
52.63 530.36 
516.99 52.08 
189.76 -106.97 
-191.67 558.11 
145.27 -478.28 
-160.11 386.39 
-312.56 19.16 
186.33 -198.32 
264.46 399.79 
259.19 90.76 
333.53 478.05 
367.22 234.31 
351.24 154.90 
321.10 -350.77 
-478.96 89.52 
80.54 -380.17 
-195.93 -343.45 
100.54 -343.26 
492.21 47.20 
-193.61 -417.90 
151.88 105.11 
309.68 -40.79 
95.44 -584.96 
-227.71 362.06 
376.64 156.73 
-181.54 396.75 
-123.55 23.68 
-460.90 24.68 
163.74 187.52 
-393.34 211.17 
10.52 81.52 
177.45 -71.97 
459.11 -157.88 
-143.81 -541.85 
-113.16 -118.11 
-326.86 -159.71 
389.83 86.77 
213.21  1.91 
-449.71 -54.36 
-282.29 -266.68 
-510.25 -136.63 
-175.54 58.60 
-334.28 -466.01 
