464.27 -261.58 
186.78 77.25 
386.02 -14.66 
-401.55 246.91 
237.43 -459.86 
554.55 133.64 
-370.55 76.56 
-577.27 88.04 
-253.30 169.60 
257.30 64.85 
-540.52 213.49 
-191.44 339.85 
156.47 96.26 
449.36 396.59 
265.25 -56.25 
216.02 -541.98 
-453.22 361.52 
140.12 -575.45 
-381.13 48.49 
423.34 72.71 
-88.84 -162.04 
-420.51 -167.17 
-20.76 513.01 
-42.74 538.59 
-416.85 150.86 
254.87 -340.37 
50.30 521.85 
-241.50 454.37 
24.47 156.79 
-268.67 385.39 
28.38 -184.30 
305.78 319.87 
429.87 382.02 
118.11 410.70 
-210.03 63.09 
-324.00 -455.85 
484.12 231.55 
417.57 425.80 
-506.62  8.05 
282.87 174.39 
268.24 351.53 
-111.64 -501.42 
438.37 -204.36 
-210.53 494.32 
-284.08 -149.14 
178.03 191.06 
505.92 157.03 
-420.63 136.62 
422.84 104.25 
-233.69 24.54 
-139.06 445.14 
-111.51 -449.12 
506.08 -250.55 
37.27 -12.69 
100.77 191.64 
-93.06 585.36 
