-478.44 -252.05 
-95.20 -224.09 
234.56 -116.33 
45.96 524.55 
369.09 402.73 
-236.55 -197.96 
116.65 -195.06 
-222.28 282.73 
406.15 53.54 
-89.02 -448.54 
-310.71 316.41 
-99.60 21.97 
326.02 -261.76 
-98.93 -454.22 
448.39 77.51 
64.64 20.64 
189.72 479.93 
14.10 -435.98 
-23.47 312.05 
-97.47 555.73 
341.85 326.65 
-407.29 32.32 
-370.98 -259.79 
-60.55 152.29 
449.17 -27.22 
-145.90 476.74 
96.93 -456.65 
72.83 -129.61 
-23.82 -395.56 
-53.73 -145.69 
-274.95 -503.24 
-566.75 -138.57 
249.80 79.92 
-264.73 528.96 
307.46 -345.84 
137.56 -458.24 
195.19 -410.93 
-468.15 -248.79 
17.54 -136.93 
137.62 332.32 
-275.99 161.65 
-10.66 349.96 
315.22 205.11 
269.37 430.86 
-365.62 71.05 
-21.54 384.02 
-147.07 75.45 
-36.26 -3.30 
-237.09 -265.07 
113.33 -426.62 
575.98 -28.57 
45.94 -26.43 
373.64 246.75 
354.80 24.69 
94.23 122.70 
24.64 72.45 
