48.88 376.09 
-6.34 352.21 
-429.40 -255.34 
-367.65 -98.62 
-538.14 -235.20 
-49.39 10.58 
-354.67 251.66 
-173.70 557.78 
160.41 -175.25 
-367.00 214.67 
-216.37 -99.03 
311.47 -318.00 
-237.98 -502.79 
29.68 179.80 
92.39 301.69 
-280.50 -370.85 
-367.84 241.01 
-270.98 -104.96 
223.51 305.32 
75.44 241.21 
-105.06 32.33 
223.57 87.68 
-444.00 -323.57 
49.20 399.29 
-77.41 400.51 
177.13 -40.41 
-256.95 -28.08 
-223.64 519.50 
-336.11 -71.57 
184.01 284.08 
-53.87 -177.42 
-293.70 -87.04 
50.88 -406.82 
-353.74 423.92 
336.01 -406.13 
-538.22 149.73 
513.52 -243.97 
-276.96 -478.21 
-586.59 56.91 
 1.29 11.83 
189.01 171.05 
230.68 411.27 
508.98 -204.91 
-86.35 -155.96 
109.63 -349.58 
214.67 -222.65 
-420.94 -120.79 
247.22 -338.92 
255.77  1.89 
-400.79 -387.31 
524.58 131.16 
384.48 14.07 
-282.09 -254.42 
-30.82 299.95 
12.97 451.48 
-567.14 -109.50 
