131.78 128.01 
56.09 477.96 
-215.46 -390.71 
295.38 493.05 
-55.88 421.02 
278.59 457.39 
108.21 -154.54 
305.01 416.70 
-286.81 -278.45 
-188.91 59.75 
-31.38 47.39 
-194.29 -380.01 
208.98 328.89 
-12.05 -438.89 
35.53 257.48 
354.57 467.18 
-305.25 487.41 
-126.83 172.89 
85.61 139.52 
-93.11 -347.09 
-109.99 419.23 
-191.15 16.56 
-368.65 -371.82 
49.05 570.85 
426.71 331.44 
326.68 168.62 
-114.89 -546.85 
-291.95 -488.94 
-349.02 -96.79 
-108.02 -23.51 
-227.94 -203.54 
325.49 -445.81 
505.72 67.06 
-501.35 -64.71 
-86.69 268.31 
-90.34 -343.83 
122.97 470.42 
238.08 247.98 
-181.51 -149.75 
255.71 -496.14 
384.60 245.90 
-264.19 35.60 
-29.65 384.84 
-24.53 181.49 
171.19 -363.80 
219.65 528.05 
287.85 -223.41 
159.20 -257.07 
 6.77 63.23 
-35.40 -66.70 
-8.55 -315.25 
-493.26 297.63 
-277.20 422.40 
89.14 -582.23 
152.53 54.65 
-118.16 -472.65 
