294.58 -490.92 
-554.28 41.66 
-123.43 517.94 
285.57 -177.20 
493.28 -76.64 
290.95 -22.27 
588.70 70.35 
304.53 483.31 
-358.25 -142.46 
412.38 -58.08 
-272.36 -187.48 
435.62 43.23 
73.36 -539.43 
-80.72 133.17 
-13.65 -425.19 
-514.15 93.56 
-161.20 -349.30 
247.94 -513.41 
208.65 -186.82 
472.24 259.78 
230.38 -244.10 
-303.33 -344.96 
-36.79 -562.86 
307.56 -409.91 
210.05 -449.73 
-140.98 34.86 
-78.28 -437.14 
466.66 -256.11 
-479.94 289.95 
-202.98 86.62 
313.78 405.35 
125.46 270.43 
-244.01 163.78 
556.77 71.91 
455.93 -347.67 
-206.88 -268.07 
230.40 542.82 
-3.61 308.35 
-340.31 -396.81 
-115.26 -384.83 
-177.12 -469.49 
-121.27 218.05 
307.84 368.78 
489.07 94.02 
149.57 -336.00 
155.86 22.04 
253.85 -384.67 
-206.59 297.70 
94.38 114.35 
204.25 -341.61 
30.12 296.23 
32.56 -518.51 
-142.46 193.71 
-365.36 114.18 
381.71 426.60 
474.37 -357.08 
