-52.65 278.06 
232.87 475.27 
385.71 -170.73 
-179.43 -304.95 
207.87 190.43 
138.63 310.89 
62.08 153.97 
-306.34 476.33 
-437.59 -325.96 
-393.53 254.73 
-396.41 -428.20 
278.34 -519.48 
-344.66 -13.09 
515.44 208.91 
419.43 190.12 
-305.94 -217.36 
-576.23 130.98 
-29.35 595.40 
-450.61 233.21 
-365.87 -312.00 
-322.14 -434.12 
-323.15 243.60 
15.47 246.80 
490.24 -189.90 
213.68 385.00 
443.27 -356.66 
366.60  5.49 
-228.94 -376.82 
159.74 -492.65 
313.86 -45.85 
-270.70 -388.09 
-318.75 -21.23 
428.49 340.79 
190.35 -486.56 
137.32 129.43 
37.78 357.55 
-157.93 -101.25 
-91.18 -55.67 
129.31 566.86 
318.73 419.73 
174.37 -90.77 
274.83 -208.48 
-28.97 -258.77 
285.27 -480.93 
432.14 -396.25 
538.38 40.45 
31.58 28.12 
-460.54 62.93 
385.95 167.16 
-292.34 332.81 
-582.54 -18.66 
38.42 -330.80 
211.61 -5.74 
454.96 -318.57 
-479.63 -101.82 
328.64 -276.48 
