-289.32 200.59 
-314.25 -119.32 
115.97 34.46 
-18.38 434.21 
-298.75 336.62 
137.49 436.85 
-499.98 -215.47 
28.56 180.02 
-419.53 61.89 
-274.06 -352.16 
327.94 463.91 
-492.00 216.42 
-465.87 118.37 
-243.07 -61.62 
-269.18 -39.00 
-472.46 -13.91 
-420.13 -297.65 
-500.30 231.57 
508.81 272.35 
-49.25 -360.61 
472.39 -340.55 
266.54 -88.38 
-122.94 312.91 
278.76 323.31 
251.79 -196.65 
-348.90 151.32 
-183.47 -64.00 
520.05 179.87 
203.30 -222.90 
404.17 -71.16 
-37.22 -91.72 
313.30 -461.89 
494.83 -281.45 
-139.41 519.37 
308.44 -322.47 
480.97 337.07 
-185.48 -242.85 
-281.00 -29.21 
331.36 -238.01 
214.69 -111.35 
224.37 -334.45 
66.82 337.86 
-122.71 316.05 
-343.41 -392.29 
330.45 21.24 
 8.01 -196.60 
49.22 -401.99 
-344.38 30.69 
528.65 165.97 
-156.17 200.05 
388.48 -219.29 
-116.51 -460.16 
433.10 -40.30 
436.10 -269.80 
164.57 351.17 
-460.41 -258.16 
