-138.50 -151.68 
-403.37 -319.59 
-324.59 239.62 
-526.16 -265.05 
-137.98 231.98 
195.70 33.61 
30.76 -558.51 
170.14 12.58 
-323.36 22.42 
58.67 555.66 
276.86 -80.62 
214.86 -457.02 
331.07 -409.42 
448.99 -232.14 
-119.71 -321.41 
483.39 350.52 
12.43 154.44 
408.07 -57.90 
186.78 -531.17 
462.24 -1.21 
251.28 -56.35 
78.19 -407.95 
54.24 -11.58 
193.08 -214.67 
-398.31 -193.00 
204.75 557.61 
497.37 -243.77 
143.00 562.67 
-172.02 -242.21 
-414.23 377.82 
277.10 88.11 
-120.38 43.58 
-325.50 -108.64 
98.75 389.42 
-481.71 -116.21 
264.81 -256.43 
216.71 -38.48 
-336.87 127.93 
167.91 454.31 
390.12 -220.61 
323.56 173.20 
-424.63 139.29 
333.11 53.42 
580.45 -114.01 
166.93 563.12 
-202.43 -297.29 
-463.72 -228.31 
327.72 -54.20 
 8.83 -287.78 
-366.16 188.10 
-116.21 527.06 
201.72 120.75 
-384.99 301.46 
-84.32 -92.07 
125.50 -491.03 
-435.59 204.47 
