32.29 492.89 
-594.20 66.18 
-7.82 171.77 
257.11 -364.36 
-78.25 -186.52 
-5.28 106.21 
-92.94 -304.48 
-226.54 532.80 
-126.59 -485.97 
-422.65 -100.46 
-365.99 -101.21 
-33.41 -392.01 
-386.68 216.98 
-342.14 -432.27 
-30.39 -390.50 
-242.43 -431.48 
374.84  5.33 
-91.54 578.09 
-157.67 -83.30 
-65.17 407.14 
-35.90 527.98 
70.28 294.30 
407.51 -105.94 
65.27 -493.10 
-477.46 -286.37 
-60.99 -463.44 
506.35 -103.04 
56.88 438.48 
-571.73 83.67 
426.08 -241.94 
-305.40 -219.80 
-17.28 -204.14 
115.29 274.51 
-183.21 -290.11 
181.18 -24.96 
-282.70 376.33 
-284.20 -191.57 
-381.34 118.58 
241.69 -156.41 
221.32 -287.56 
200.44 -157.03 
147.89 -430.03 
473.58 348.15 
-89.84 -589.11 
159.83 471.09 
-536.43 239.22 
346.96 -185.99 
-334.82 381.98 
-303.25 -378.06 
393.39 -37.02 
452.04 23.40 
358.75 -59.39 
395.86 276.62 
-427.41 102.15 
-255.37 -166.91 
428.53 356.61 
