-351.02 107.31 
319.85 -469.57 
-60.16 187.32 
11.84 -27.62 
131.45 318.89 
-11.04 516.81 
-109.94 -103.56 
-153.54 117.68 
-275.51 228.33 
-422.13 86.17 
553.25 219.28 
464.32 170.84 
231.03 513.93 
-215.24 -90.15 
88.76 89.28 
575.93 117.97 
-479.28 282.68 
387.63 104.42 
145.53 210.96 
63.99 295.65 
-106.99 -272.74 
582.34 111.12 
-39.54 -251.67 
256.37 -170.42 
-14.83 -593.49 
547.58 -167.27 
-553.75 -113.16 
500.99 -110.56 
43.45 -267.64 
-359.99 219.39 
548.87 191.26 
324.69 -470.47 
111.00 -438.48 
-360.59 27.55 
377.03 -383.46 
-520.92 115.04 
-317.60 -245.21 
201.70 349.96 
430.07 -18.15 
-351.93 312.57 
-112.27 -44.75 
307.86 391.61 
566.06 -99.68 
-55.53 446.77 
-562.95 -188.88 
-100.22 -248.39 
-6.27 531.32 
187.20 139.49 
-432.59 70.27 
114.26 -280.82 
-478.89  6.34 
256.06 190.30 
-29.15 -60.04 
-455.69 180.23 
-171.63 442.52 
208.14 -324.69 
