-522.48 -206.36 
77.85 -301.43 
-56.66 -93.19 
575.51 -44.24 
-522.66 -141.86 
-548.37 -76.29 
298.90 -95.07 
-46.08 351.29 
-20.30 222.49 
-86.05 -74.97 
49.20 179.61 
-289.15 520.83 
-397.90 -411.00 
91.71 388.19 
-63.68 563.07 
132.71 553.17 
405.53 38.40 
256.48 316.30 
-192.16 -148.87 
-357.19 53.51 
-161.06 -181.13 
-234.33 21.07 
-258.30 512.31 
-167.49 -221.87 
95.26 250.07 
542.84 -130.27 
104.31 -12.94 
16.02 284.08 
 9.92 505.95 
-87.47 -19.38 
-170.96 500.19 
-426.30 -258.96 
206.71 120.10 
 7.88 173.76 
-531.53 258.94 
318.02 505.21 
-270.90 80.95 
-35.97 -206.41 
-57.53 -585.65 
-187.60 -267.42 
195.94 28.01 
-425.47 416.82 
393.87 -441.18 
-262.00 22.27 
321.47 -334.39 
-211.73 -382.46 
553.27 162.51 
369.82 16.17 
390.88 -295.21 
-560.32 -49.57 
-40.22 345.19 
269.43 101.06 
-124.50 44.40 
48.79 243.10 
-360.78 64.97 
187.10 306.98 
