-277.41 155.46 
-168.43 -272.92 
432.72 104.96 
232.73 434.93 
171.83 -364.54 
296.62 404.96 
514.53 -147.01 
179.34 379.51 
-21.35 -462.89 
20.22 82.09 
104.10 328.32 
 0.63 -528.10 
-576.41 -62.24 
59.61 -570.34 
-160.49 382.76 
-86.05 -38.64 
46.25 463.43 
-137.97 -294.08 
-272.68 -109.07 
-129.13 -237.94 
198.21 -151.32 
-417.79 -223.88 
165.54 -564.05 
10.97 207.92 
156.39 -162.67 
433.22 89.29 
288.66 -427.49 
-79.97 226.84 
-308.63  6.21 
447.14 270.47 
228.47 44.92 
166.60 77.37 
78.77 133.28 
-411.87 -282.71 
322.29 -176.01 
165.30 188.96 
 9.39 -364.76 
-302.97 463.20 
263.75 -227.58 
-28.14 306.23 
-36.44 -260.16 
-294.10 210.84 
-497.83 -306.12 
232.84 -72.79 
38.05 -551.50 
-87.82 -492.40 
108.97 -36.13 
-580.76 -44.00 
63.35 466.27 
-469.58 356.37 
-3.98 -151.11 
291.80 -221.72 
-436.02 298.11 
-489.11 -272.66 
-207.17 197.62 
327.25 -80.72 
