-89.15 -577.88 
40.24 332.06 
60.13 -109.73 
-547.86 236.77 
247.52 44.67 
-37.33 -496.22 
34.13 -590.16 
71.21 -225.82 
-197.80 94.03 
27.88 206.55 
-453.75 -176.34 
120.26 -297.26 
478.47 -309.92 
155.08 -509.25 
-214.61 -182.60 
-526.97 -286.36 
-41.96 412.50 
-32.06 -8.85 
174.13 98.63 
398.46 -177.75 
555.45 -37.21 
430.99 143.35 
-130.98 259.92 
112.81 -158.39 
291.59 -357.12 
205.41 -91.63 
78.47 -504.02 
557.26 -93.97 
279.20 338.60 
-340.01 256.42 
482.96 -334.18 
236.59 -24.31 
-99.64 -316.39 
-145.92 333.33 
-299.34 505.99 
595.06 -68.30 
175.46 -121.22 
30.19 -423.38 
-99.61 -493.35 
-130.53 -205.18 
-334.67 -265.62 
-518.22 75.08 
-397.28 122.81 
-354.31 127.91 
303.40 333.07 
-4.62 592.22 
336.28 -454.69 
-309.39 451.24 
-336.71 -68.93 
-99.14 -168.14 
258.64 -361.27 
-105.58 -535.28 
566.42  1.07 
208.19 468.08 
108.77 -192.98 
-244.75 -479.87 
