103.10 -510.73 
75.66 -93.48 
-308.66 -416.35 
-248.51 -261.62 
-355.35 280.85 
-591.82 -95.12 
423.92 -386.63 
161.92 346.04 
159.09 167.94 
-365.08 100.11 
-168.81 -415.03 
581.82 -57.68 
-557.59 119.96 
-112.52 -385.58 
-123.83 -166.10 
-345.88 -442.22 
77.38 -407.86 
-299.10 -134.32 
-515.55 -13.12 
-296.38 -241.05 
-437.78 349.80 
202.92 350.19 
303.73 300.60 
145.62 524.18 
-86.47 374.23 
-229.56 -99.00 
-48.78 -492.80 
-104.74 -152.02 
219.32 98.49 
270.89 356.97 
29.46 -266.54 
-560.32 36.18 
-124.88 552.41 
-452.17 49.56 
166.28 312.51 
-485.95 258.55 
-81.19 -216.85 
-399.04 310.73 
-566.97 -80.83 
529.47 151.55 
-438.33 -118.70 
-389.14 149.19 
79.38 -481.31 
-427.80 341.26 
-82.27 -6.65 
-420.10 -116.93 
430.26 55.98 
51.23 -115.20 
-309.79 346.75 
406.84 -102.93 
287.93 106.24 
263.92 265.54 
249.06 -148.67 
-234.36 303.26 
62.35 90.70 
-436.34 37.10 
