44.06 -201.31 
-220.03 254.52 
-269.44 -43.21 
340.35 -14.21 
288.15 -376.48 
-502.09 -96.60 
-277.06 346.84 
63.31 195.60 
-419.88 -345.64 
-165.04 -200.60 
-449.30 143.62 
-174.85 79.35 
-506.53 -44.32 
-272.63 -458.89 
-305.94 -420.91 
229.36 -66.20 
152.15 -311.02 
283.14 -398.38 
95.60 355.41 
-252.07 -100.04 
356.40 28.70 
-474.35 -12.65 
-20.61 257.05 
106.59 -362.22 
276.24 -82.23 
370.22 -414.05 
127.86 -578.71 
-203.10 520.96 
-233.58 -365.27 
427.52 -78.04 
-425.36 -294.45 
515.06 46.27 
552.39 -110.86 
533.53 141.71 
-196.73 -66.97 
-149.99 446.22 
417.77 -4.24 
-215.76 393.92 
-516.19 85.38 
297.89 27.99 
-72.32 -300.67 
255.75 -173.85 
483.28 -204.53 
-415.53 268.55 
-506.40 176.83 
-244.77 398.16 
-513.29 12.53 
145.28 -385.76 
-17.76 -249.62 
37.77 -524.20 
-424.54 114.29 
136.23 309.91 
-169.81 471.73 
-45.47 292.22 
53.71 -387.74 
-369.91 352.94 
