135.12 532.66 
-360.98 -336.06 
-1.61 184.46 
139.90 -257.00 
200.01 -66.84 
278.37 108.41 
-523.90 -275.00 
-505.65 -80.29 
-117.76 -24.79 
273.78 57.14 
458.51 -296.97 
-588.28 82.03 
-58.82 544.37 
207.88 530.57 
52.28 -181.25 
23.05 -290.12 
151.04 -107.19 
133.10 -441.68 
373.59 -350.96 
73.14 508.03 
-27.18 -138.90 
-364.19 326.47 
486.08 187.60 
-149.49 -189.81 
171.26 -261.37 
-5.39 52.88 
547.52 -132.19 
-358.52 -421.05 
-222.48 263.59 
-275.56 -287.97 
286.01 287.60 
131.10 -148.02 
-342.65 343.55 
-311.15 200.18 
-223.74 -420.53 
-439.40 284.73 
-584.46 -120.23 
-130.82 -379.59 
110.16 -119.62 
192.04 -249.94 
207.31 453.69 
198.74 -229.96 
-140.01 126.42 
415.26 77.76 
-100.36 -359.38 
108.07 130.74 
-345.72 -257.08 
247.02 -307.32 
115.61 161.98 
330.41 -342.72 
82.81 -135.89 
-62.12 160.31 
-60.28 -423.57 
269.49 406.29 
99.81 -532.72 
435.32 -283.71 
