-381.70 216.04 
-209.22 362.86 
-76.87 -206.13 
-525.58 157.81 
122.85 463.98 
-150.50 -506.83 
-322.91 -198.63 
-122.99 -419.52 
385.57 -360.73 
-344.42 120.56 
119.05 -251.26 
434.94 96.96 
56.60 454.56 
-84.38 -105.06 
-563.57 49.60 
-372.83 328.51 
518.31 -115.80 
312.74 -400.47 
15.85 -272.84 
30.77 179.21 
550.23 139.13 
259.18 84.88 
-171.92 -284.21 
148.59 157.55 
-164.60 376.05 
-406.42 -246.43 
383.64 41.93 
377.23 418.71 
-383.72 -429.03 
-391.84 -24.72 
-268.09 186.63 
20.45 -339.24 
343.20 -289.11 
350.71 -454.28 
-524.02 -0.74 
-53.24 463.92 
158.53 545.76 
169.32 360.32 
-102.63 -104.90 
396.36 110.05 
197.84 -514.31 
554.82 212.26 
219.61 -368.65 
-192.75 -152.03 
-235.84 -508.93 
-42.48 -335.90 
-243.52 165.18 
98.74 575.92 
-427.60 -305.50 
-259.03 -365.32 
304.51 148.03 
-399.94 -180.76 
-20.47 -26.19 
148.46 199.94 
147.08 -213.49 
-392.53 219.67 
