-469.85 11.65 
-411.26 -426.44 
328.72 -319.61 
-358.72 -117.01 
373.32 454.69 
-299.98 376.63 
369.60 243.37 
123.30 173.01 
346.34 231.05 
259.04 30.50 
-163.97 -377.19 
377.32 100.09 
-227.83 -116.85 
-35.63 318.85 
478.09 33.22 
535.67 -237.81 
-536.46 101.52 
-53.82 -505.28 
99.88 -287.90 
504.70 -48.28 
-154.42 -411.99 
283.48 -3.65 
153.20 82.98 
-123.64 -560.76 
-153.02 517.15 
-226.04 -274.76 
-489.69 -93.59 
378.25 90.68 
291.35 454.69 
-104.61 295.96 
592.97 -87.58 
304.43 248.49 
-253.02 -211.22 
-11.41 113.70 
236.36 -21.32 
50.29 485.67 
234.44 -551.37 
-275.53 49.74 
14.00 362.47 
-509.35 -75.22 
-81.15 509.83 
-405.49 -14.83 
99.07 -504.75 
-565.95 -160.67 
-118.54 320.77 
-533.94 110.74 
-347.81 -397.64 
-166.38 -268.81 
88.39 -318.69 
87.43 418.58 
436.74 172.73 
-162.66 413.81 
372.99 298.35 
512.75 -105.92 
260.98 -346.70 
452.44 -362.84 
