-471.63 -34.02 
459.26 252.57 
-294.57 12.63 
-170.38 -322.12 
-515.35 -240.95 
-28.23 444.50 
-535.34 200.66 
-359.13 -260.30 
-96.53 216.05 
-204.44 -141.43 
-467.13 -55.50 
-305.84 146.76 
-117.78 -424.09 
131.91 202.36 
207.50 25.26 
67.76 535.43 
-452.17 382.27 
532.43 -75.53 
235.22 -365.57 
575.93 -160.28 
-232.57 515.29 
-455.94 -351.62 
-20.66 -174.87 
281.57 440.61 
306.02 97.04 
470.47 -303.75 
-226.32 69.65 
-264.93 10.58 
-127.28 -38.68 
401.83 289.70 
-510.79 157.96 
-25.27 -542.77 
345.08 -399.93 
-490.31 230.04 
168.89 188.04 
-538.06 -262.22 
-89.91 -12.93 
-405.08 -155.65 
-153.69 339.54 
-23.53 -279.70 
316.00 -76.72 
304.41 52.82 
489.01 -15.84 
418.95 -122.95 
307.95 -346.23 
125.38 -196.36 
501.49 -144.31 
238.44 455.94 
-33.76 -581.14 
-465.08 -319.41 
-297.14 228.89 
-463.96 180.31 
-413.12 -217.23 
147.10 202.81 
368.44 238.81 
269.46 208.10 
