394.32 -114.18 
114.50 -171.18 
-108.42 -421.76 
-340.50 289.44 
506.80 -4.66 
352.61 -177.73 
-389.59 422.74 
-461.36 347.93 
-73.27 502.40 
-415.87 -115.50 
357.88 430.20 
145.71 11.16 
-276.74 249.43 
505.31 -151.61 
24.23 97.05 
420.25 -37.82 
25.31 93.61 
70.74 -539.19 
44.99 -83.88 
508.86 226.06 
-354.92 239.43 
98.73 -42.86 
-349.27 -37.87 
-301.56 -386.98 
131.86 -126.93 
-483.69 -296.55 
 0.42 -536.62 
241.85 170.90 
-281.47 -68.89 
-213.71 453.09 
309.17 425.60 
88.04 33.91 
48.20 281.20 
34.47 -419.58 
227.44 -450.95 
-240.44 526.94 
85.77 60.00 
535.12 -46.90 
178.09 -91.85 
-89.67 -57.28 
-154.72 126.40 
-54.04 -111.41 
400.40 54.78 
163.54 -224.90 
193.42 -441.78 
-200.72 -101.70 
-239.83 176.59 
-193.82 42.20 
-583.60 -0.95 
260.45 194.65 
295.97 -439.93 
338.11 -473.58 
105.65 -375.43 
-93.73 -348.13 
467.22 138.87 
219.20 -393.88 
