348.68 -25.08 
-72.24 -86.10 
-484.98 136.51 
-461.63 -366.20 
-247.00 -401.51 
-285.90 195.73 
-112.73 -325.98 
 6.52 -398.86 
170.00 -421.55 
370.41 -438.13 
-148.04 -5.39 
-314.16 -272.22 
-222.94 -346.98 
-69.02 588.58 
390.92 81.12 
40.61 -506.26 
-499.31 -212.22 
88.39 -393.92 
385.92 430.48 
-284.22 15.20 
-212.68 174.45 
140.66 -387.66 
354.99 274.30 
-276.13 -356.03 
 5.22 -521.27 
387.58 -61.68 
393.54 31.81 
223.34 555.58 
535.67 -155.64 
312.95 -367.38 
76.48 440.94 
60.80 459.56 
537.43 21.49 
 5.70 -208.52 
62.43 237.16 
-133.69 -389.42 
-542.26 -21.21 
-295.92 -80.72 
-1.03 214.94 
-485.17 223.34 
62.19 -253.87 
115.15 207.78 
339.04 242.99 
353.93 -443.04 
96.56 118.56 
-254.90 -202.53 
118.41 511.65 
201.27  1.46 
-365.33 96.43 
132.92 -247.23 
-125.44 -206.76 
458.12 130.42 
291.85 468.47 
 2.71 -183.99 
-34.87 199.00 
 9.60 11.88 
