268.16 -364.88 
-553.64 228.53 
-535.05 149.76 
477.26 -250.45 
-433.04 353.86 
429.02 243.70 
87.78 -464.99 
-371.56 -396.14 
-212.48 423.18 
-125.53 -67.50 
231.36 290.50 
-414.37 167.10 
-416.49 82.12 
-130.73 -400.02 
554.92 -92.00 
-147.15 432.63 
-128.03 226.82 
334.23 320.53 
239.01 -78.67 
-451.79 -94.88 
318.29 -68.79 
171.71 -142.88 
492.99 137.81 
477.65 124.88 
-456.10 55.26 
-75.68 -506.85 
85.15 289.75 
-65.35 -224.30 
-555.63 -131.84 
-298.13 -422.41 
24.65 -434.02 
208.13 164.12 
-198.92 -422.89 
300.59 -275.37 
330.64 360.47 
-303.45 516.82 
320.03 -453.65 
-563.92 98.75 
117.05 -14.96 
404.49 258.28 
394.05 -278.24 
-138.54 -319.39 
-170.74 308.83 
126.02 -369.28 
-549.23 -85.11 
-530.67 -115.43 
257.41 -539.67 
552.63 -90.07 
-120.83 254.77 
-589.29 32.38 
-243.64 -258.82 
-206.13 18.29 
-426.05 59.49 
93.98 -237.26 
196.05 562.44 
529.82 217.51 
