-181.29 -441.46 
157.55 218.99 
-25.25 204.27 
-189.79 287.29 
182.75 408.16 
320.51 128.01 
-253.07 115.83 
297.21 -315.90 
-178.35 532.80 
-145.35 -532.93 
127.29 459.36 
368.31 -159.08 
-330.32 447.58 
-227.58 442.52 
-79.75 348.70 
433.85 313.46 
-2.85 430.41 
-203.60 515.40 
-428.35 -192.63 
-387.85 94.24 
-58.72 -516.99 
270.35 355.60 
-309.95 -282.92 
-358.42 -43.02 
-350.08 -414.91 
-85.88 -42.63 
-212.88 344.17 
203.70 435.18 
416.81 -219.77 
-182.70 -477.33 
86.18 195.94 
-114.77 74.99 
-537.11 265.82 
 0.77 230.61 
41.39 -201.73 
-220.82 78.03 
455.11 131.10 
217.51 -544.52 
-77.51 323.34 
283.92 240.77 
-265.80 324.79 
476.85 103.29 
-167.01 335.97 
169.63 152.97 
-291.27 411.65 
80.27 -447.75 
73.12 -99.12 
235.90 -213.22 
-2.65 475.45 
-0.46 284.86 
158.41 -407.23 
 9.40 -17.11 
202.03 540.02 
520.94 -292.89 
154.95 -168.97 
-402.67 -269.88 
