-27.84 -429.83 
84.31 146.36 
510.86 -253.80 
-126.27 208.59 
336.34 -219.57 
-548.46 -168.97 
72.48 343.30 
-0.06 427.24 
-286.67 -431.65 
-493.52 51.27 
-69.76 -206.18 
-410.91 -238.21 
121.30 47.65 
-149.87 -105.34 
-340.61 -240.95 
522.38 -155.08 
193.84 39.31 
-515.46 -83.73 
-220.57 156.03 
443.95 356.74 
383.30 -230.64 
-425.22 294.90 
-55.04 295.80 
-124.13 -444.47 
-35.82 435.90 
-273.44 -11.56 
77.96 251.53 
346.14 151.80 
142.26 435.33 
-459.87 -42.01 
281.94 -373.54 
69.70 27.61 
285.74 383.01 
-235.01 266.93 
149.97 -93.77 
170.98 -93.87 
-154.39 340.17 
235.66 433.69 
224.51 -512.94 
303.26 346.74 
78.03 -592.53 
132.61 224.33 
-432.28 -295.94 
113.12 259.80 
-296.33 178.02 
92.69 117.55 
238.42 -280.95 
-171.41 451.59 
46.29 -524.81 
-319.66 314.78 
-328.62 -123.33 
461.57 137.66 
238.27 -442.59 
-375.21 120.08 
-413.94 -140.13 
40.53 -536.10 
