-325.83 355.32 
-308.71 300.64 
-213.30 -344.34 
-105.23 120.44 
-410.72 -17.29 
-237.01 -239.38 
-303.09 -333.83 
-44.91 422.46 
-555.23 15.38 
-3.05 267.89 
16.95 -115.47 
-366.42 255.99 
201.06 157.73 
150.89 90.61 
-483.99 -333.93 
526.65 103.38 
-27.36 -76.37 
-156.77 -282.70 
305.09 -87.11 
-357.84 436.92 
407.74 245.80 
34.42 -528.12 
31.96 81.80 
-132.86 212.48 
-104.84 107.86 
-299.64 467.18 
-501.49 239.11 
-554.55  0.22 
-504.95 11.08 
261.64 162.46 
-277.41 -380.08 
-287.85 -96.82 
454.83 -177.04 
49.60 -220.84 
-457.32 -296.25 
449.78 -98.00 
-378.09 345.25 
-379.17 -399.29 
440.74 359.24 
-36.71 539.08 
-240.93 -306.86 
106.96 -58.59 
96.94 39.53 
155.03 536.20 
161.01 -512.08 
194.20 119.09 
-203.42 332.57 
-316.56 -504.03 
18.20 -408.81 
-387.01 -65.80 
468.40 329.85 
-65.36 317.40 
154.33 438.84 
115.40 559.46 
259.34 -392.35 
106.81 -374.68 
