-329.30 208.05 
182.97 -18.85 
-20.78 -88.22 
348.64 234.36 
239.84 -322.80 
-17.71 67.04 
140.26 71.85 
-299.60 -290.01 
-88.39 -46.05 
59.72 -75.80 
-399.75 -320.44 
-432.73 318.83 
-232.89 57.66 
378.23 244.13 
125.73 60.19 
-431.48 -187.43 
-21.05 -550.69 
-454.94 -385.49 
-123.46 -188.18 
376.11 -145.08 
-359.19 -249.83 
-118.84 -390.60 
-137.83 151.49 
575.69 125.06 
71.28 -548.51 
-133.09 -110.64 
-207.17 471.90 
-195.07 -52.46 
-394.22 288.52 
301.28 -291.47 
147.67 -373.45 
-246.78 462.20 
-162.51 -66.07 
-466.71 162.73 
-282.76 -76.45 
-108.42 200.64 
-162.28 -405.03 
-18.40 -300.37 
-13.21 -235.94 
-163.88 184.90 
-328.54 169.01 
-498.60 173.22 
-373.28 -384.20 
-61.18 112.09 
379.19 17.44 
71.29 424.18 
480.97 39.00 
-61.25 -242.85 
125.69 -384.47 
290.04 73.62 
-358.26 283.60 
491.32 -216.36 
468.14 99.25 
-258.59 255.25 
-263.57 270.21 
-362.72 52.57 
