147.94 222.76 
554.58 66.77 
37.71 22.54 
47.30 510.74 
-73.35 415.52 
112.65 254.87 
-2.01 -524.72 
-422.46 80.31 
-25.63 -201.25 
293.00 500.46 
-203.52 -216.91 
-40.93 437.79 
111.47 -430.80 
474.43 -312.97 
-184.39 305.26 
457.81 155.12 
281.71 -5.66 
-467.81 -20.27 
17.63 191.67 
-39.59 -287.51 
438.03 -220.64 
-531.65 16.38 
-438.15 383.21 
-135.44 502.46 
-178.99 497.70 
371.61 -314.15 
-40.44 156.11 
304.74 113.86 
119.45 -337.57 
-403.71 20.77 
-522.53 -212.57 
-191.80 -307.56 
-330.75 475.48 
-109.79 61.11 
131.51 83.59 
-401.00 -252.56 
-42.23 178.07 
-78.24 256.97 
175.44 -397.20 
-478.36 235.24 
-83.20 277.14 
287.09 285.58 
-172.59 -452.34 
-360.93 -163.29 
-32.87 97.16 
-2.66 75.02 
179.07 -81.10 
-486.37 -293.85 
-187.45 386.88 
-497.39 85.52 
292.22 380.81 
597.59 27.98 
-142.84 -37.71 
-279.53 -270.95 
-157.34 61.34 
-249.96 -479.41 
