-292.16 -497.56 
-185.25 500.17 
-122.29 -458.35 
-11.20 573.41 
-242.89 281.42 
185.33 -265.09 
157.71 -79.14 
-19.86 -220.08 
450.58 58.30 
400.27 -13.51 
317.46 219.43 
157.98 -290.18 
101.73 435.49 
302.45 -40.47 
-548.49 -147.67 
492.47 216.03 
-86.07 -504.07 
-518.97 22.59 
379.69 211.81 
44.63 -439.64 
176.49 -20.11 
42.26 122.40 
251.04 -487.00 
-37.79 -104.87 
-481.80 -188.34 
-222.50 -267.88 
-114.17 -116.90 
-291.15 -108.19 
-46.34 273.95 
-160.42 339.95 
-156.51 -8.49 
172.63 -515.46 
467.57 145.23 
442.92 353.38 
423.70 -174.77 
-62.88 -255.69 
466.13 113.48 
-31.04 -300.86 
-57.05 450.28 
50.49 541.54 
38.59 370.56 
-233.46 -141.49 
40.60 203.84 
-508.42 -119.04 
372.13 45.05 
-536.89 -38.50 
-153.64 -370.61 
-43.42 -402.07 
158.03 -205.76 
116.89 -168.60 
207.82 -497.12 
103.94 -475.95 
-84.78 -104.77 
-281.67 174.32 
-439.52 -174.84 
555.24 26.16 
