-348.60 188.95 
-132.71 515.53 
337.98 136.16 
-489.30 207.19 
12.30 -397.99 
-454.20 52.16 
-251.52 -34.36 
-421.78 63.88 
-190.38 437.25 
-216.73 -464.19 
-144.11 -545.47 
-222.68 -136.67 
-45.78 491.42 
-126.13 235.27 
381.53 -77.18 
-421.06 -254.32 
-161.54 -94.55 
482.46 -150.09 
568.68 97.61 
-420.08  0.26 
264.86 433.63 
152.40 248.77 
-124.25 537.79 
566.14 138.79 
69.63 172.01 
532.26 95.17 
-318.67 -427.88 
429.04 -36.24 
-199.34 -497.22 
114.48 -455.61 
-488.36 71.59 
34.70 359.49 
-512.95 -196.00 
-396.83 358.35 
64.99 -326.32 
-102.21 -172.17 
204.44 -114.99 
-0.54 -119.19 
116.69 572.02 
-365.00 -321.85 
203.34 337.77 
-240.87 222.01 
598.15 19.87 
174.50 207.16 
-237.36 -28.74 
403.49 282.98 
-199.90 298.86 
47.59 -293.08 
-269.02 53.20 
-582.19 24.57 
-431.27 182.47 
477.91 182.87 
428.55 -344.19 
457.08 160.68 
-131.18 -410.31 
-179.53 38.86 
