-519.13 -71.91 
256.53 -6.55 
-258.45 -202.17 
57.66 367.19 
-333.03 -69.86 
-486.71 -170.55 
53.89 -245.22 
566.31 -177.22 
-380.95 -270.28 
213.63 319.14 
-67.21 410.40 
-492.45 -90.21 
52.09 134.63 
184.25 111.99 
390.24 296.13 
-360.14 461.43 
244.78 -231.45 
70.50 281.61 
-276.50 -207.70 
-357.28 -159.79 
-382.74 -424.80 
-560.93 45.67 
455.85 -293.09 
287.47 -65.46 
562.98 -169.52 
384.77 143.35 
168.11 165.45 
121.53 321.23 
504.81 -318.52 
231.81 240.33 
300.71 -0.77 
386.56 431.36 
-141.21 -354.24 
-201.24 209.16 
-462.30 17.51 
521.84 -37.38 
-45.00 -528.43 
345.87 121.78 
361.45 68.11 
503.71 30.78 
363.12 245.12 
-415.25 -357.17 
126.97 -329.03 
-305.26 373.96 
119.91 23.48 
352.72 -211.57 
299.55 42.60 
283.22 105.65 
-538.25 -145.90 
318.51 -277.13 
-92.29 266.78 
-338.25 17.13 
98.30 -163.86 
26.86 -210.98 
-23.35 560.63 
-425.66 109.12 
