296.58 -139.98 
25.21 -449.19 
326.73 86.84 
-563.37 84.21 
-382.54 -183.63 
-391.39 58.23 
-365.75 -30.14 
566.02 -55.65 
-40.23 -236.82 
-324.31 465.90 
227.35 -234.39 
43.16 -302.96 
-446.07 382.18 
19.20 586.50 
-95.73 113.03 
-433.54 43.46 
-6.60 -505.82 
420.49 -237.60 
-175.80 564.07 
-28.05 32.90 
199.22 304.10 
-344.46 219.25 
338.58 39.20 
 5.07 215.70 
 8.58 -545.01 
-273.02 -254.54 
207.81 -484.65 
122.60 -119.25 
126.89 -470.05 
87.90 500.44 
-79.18 -254.66 
-470.37 45.34 
-146.48 322.07 
-194.11 -325.03 
-267.69 296.31 
338.52 318.94 
31.51 200.68 
-171.08 53.58 
351.06 391.45 
-59.39 -220.22 
-306.79 496.71 
-475.96 138.79 
-106.21 337.68 
-113.04 568.85 
-490.40 -295.62 
-395.33 144.56 
-231.42 -434.20 
-323.23 335.02 
249.66 -249.50 
-482.90 -255.66 
-117.34 -227.64 
486.07 80.90 
-6.22 -108.83 
244.34 91.07 
274.30 -531.01 
-112.87 74.46 
