-249.81 -532.18 
526.12 213.87 
342.46 197.44 
127.20 526.90 
406.82 -18.71 
-231.37 -106.39 
-32.30 -19.32 
349.09 -258.08 
300.19 374.99 
53.22 591.12 
-182.11 -359.15 
363.96 -405.44 
93.69 -468.77 
457.48 111.76 
451.50 240.67 
343.40 407.43 
410.54 -313.23 
104.21 218.94 
350.44 225.82 
210.75 341.87 
62.69 551.37 
137.89 433.05 
-481.05 105.44 
355.66 -18.72 
-285.11 424.41 
42.70 375.88 
-98.33 545.78 
76.07 -357.66 
-145.78 142.35 
-267.41 -181.64 
-385.25 -455.69 
-461.20 -210.91 
222.80 346.08 
-112.46  8.25 
-194.91 -93.20 
70.69 -472.87 
-62.87 -257.25 
319.51 -73.29 
476.97 -246.56 
-517.59 129.23 
17.27 -197.70 
478.08 -267.76 
-257.04 -303.50 
 1.07 -510.66 
-177.89 204.93 
-146.80 329.02 
74.71 507.06 
-317.87 239.35 
118.87 288.59 
-361.84 407.70 
91.41 -236.82 
438.63 -14.08 
-284.01 -317.28 
200.49 -243.75 
-514.43 -122.79 
56.65 -555.69 
