-87.14 374.00 
478.16 -133.89 
-208.75 -557.70 
144.31 380.87 
-271.24 268.44 
-460.08 -22.24 
-304.71 72.21 
23.10 233.91 
15.14 352.40 
-226.96 14.69 
-401.28 -426.10 
387.49 -455.84 
-457.53 385.26 
-301.57 191.41 
384.10 11.33 
457.87 -205.89 
175.18  6.28 
-50.65 -95.52 
-328.34 380.45 
-503.03 70.79 
-202.07 -215.60 
272.92 -246.93 
197.87 178.54 
-344.89 269.14 
329.92 94.82 
-264.79 148.02 
-359.63 -256.10 
-321.96 -159.43 
-338.71 -70.26 
-383.93 47.55 
188.73 -484.62 
-219.33 107.39 
337.61 176.42 
-187.96 282.56 
526.83 -116.75 
-131.35 409.08 
-145.02 -95.57 
541.64 111.75 
-157.89 -431.15 
-69.20 -236.44 
105.56 -355.92 
309.74 336.29 
79.68 392.66 
455.46 -379.25 
130.52 -502.72 
531.44 -158.58 
-257.08 259.83 
-290.67 -501.34 
443.34 -60.05 
80.95 -352.13 
215.30 -543.44 
588.35 -7.40 
-187.55 173.71 
-368.08 178.52 
47.45 155.16 
-101.87 328.87 
