61.26 99.01 
201.81 -141.46 
277.74 -186.38 
257.54 -33.41 
165.94 571.16 
-211.36 543.57 
-303.35 -227.52 
186.39 30.70 
-104.59 235.58 
-186.77 -291.13 
-320.27 490.41 
-393.89 17.96 
92.76 15.10 
-66.67 -510.24 
-437.87 -264.71 
163.60 -421.01 
-273.99 -406.02 
396.34 -82.27 
-389.78 -334.93 
62.79 -432.62 
-16.90 -51.90 
179.93 -315.80 
362.67 -172.16 
464.26 -60.27 
389.48 335.11 
491.93 -240.36 
67.73 277.35 
-192.25 43.71 
110.89 85.92 
-268.33 -361.15 
248.80 195.62 
506.31 112.20 
-290.57 -66.55 
-447.23 -180.47 
-7.27 -103.32 
-7.36 478.64 
-448.08 -14.18 
38.65 411.86 
-57.71 283.53 
-327.19 -89.05 
70.05 458.80 
-22.99 -526.23 
-413.48 253.74 
-425.28 349.42 
107.15 -523.42 
-376.74 -123.21 
498.49 40.41 
268.43 207.58 
16.16 -19.85 
405.63 30.98 
510.63 -143.41 
473.72 356.95 
547.93 144.83 
149.27 429.23 
-233.97 507.97 
62.96 192.02 
