20.46 -146.67 
-228.09 330.33 
-195.65 -12.69 
262.28 266.47 
434.04 -13.79 
303.34 451.50 
-221.39 -168.89 
-546.08 136.40 
551.02 224.25 
267.04 -327.50 
517.77 208.42 
-88.21 -127.98 
14.21 547.65 
-569.49 -173.77 
-414.70 196.90 
338.66 82.09 
361.25 -108.98 
578.37 81.99 
-12.75 -341.14 
337.33 366.93 
-0.97 566.80 
-463.71 27.44 
-92.07 37.75 
346.19 -277.57 
-25.86 -589.73 
-8.43 -114.43 
-81.75 -355.14 
-393.51 412.92 
-280.98 201.76 
-272.76 -18.36 
-122.40 -575.36 
15.84 324.70 
-412.32 241.45 
-187.30 479.68 
-344.53 456.59 
199.81 387.71 
-82.20 -217.08 
-161.12 301.64 
91.00 67.50 
-497.04 -36.33 
342.31 146.48 
-7.94 -583.85 
-262.30 -399.29 
32.13 346.05 
119.62 -228.18 
354.03 276.93 
 3.13 -169.02 
-177.47 -330.84 
-162.48 -361.57 
431.24 -110.53 
235.61  1.41 
437.14 -246.53 
-203.62 -556.75 
-427.00 -199.78 
310.79 236.75 
-477.46 138.67 
