-309.15 342.80 
48.30 541.16 
160.89 355.80 
225.60 -181.34 
153.59 -282.48 
-427.87 -230.91 
365.15 89.08 
126.50 -96.12 
-430.86 103.89 
-10.05 393.44 
89.79 -76.72 
-205.45 70.50 
11.18 425.31 
196.72 -138.17 
279.40 -3.96 
233.34 268.18 
-107.24 51.12 
-116.56 342.41 
76.72 94.10 
520.65 178.70 
213.63 -337.88 
88.94 364.51 
362.06 -466.62 
263.43 -356.67 
451.84 -19.63 
389.53 240.25 
-13.64 -200.35 
48.05 517.82 
198.38 -270.95 
-163.29 -204.29 
-268.91 240.43 
-220.10 -123.18 
-488.97 -217.51 
-102.74 -438.48 
388.71 55.68 
487.20 -267.75 
99.75 46.99 
-372.42 234.25 
-374.03 -7.55 
443.18 -14.84 
189.19 -380.16 
429.33 39.96 
-260.66 -480.00 
-416.43 -355.59 
-296.08 -225.89 
-230.57 -144.05 
11.61 -256.00 
513.52 36.39 
-341.84 -456.91 
70.93 -404.92 
244.36 -262.68 
-563.94 153.17 
430.46 20.73 
20.27 -318.17 
140.48 259.25 
122.00 -396.28 
