204.08 -442.51 
-431.81 111.09 
-231.23 -497.84 
150.12 17.22 
-528.23 -95.27 
455.79 -88.94 
283.34 333.24 
-86.56 17.78 
313.45 -122.48 
215.10 -216.75 
173.34 250.85 
-297.28 -188.42 
394.32 187.55 
110.67 -104.27 
-328.42 -500.97 
364.49 -144.79 
-368.32 -333.46 
264.25 470.99 
411.01 256.01 
-137.28 -136.76 
-567.83 -81.77 
165.24 -281.57 
-244.98 291.61 
-265.58 377.19 
-348.20 379.54 
-267.13 -173.36 
269.05 363.05 
-574.88 -100.78 
369.01 -137.60 
21.31 215.14 
-120.24 -64.37 
-68.24 -299.98 
102.87 -161.16 
73.31 -178.08 
44.56 -19.57 
333.62 36.04 
-461.69 279.87 
530.32 -28.04 
-505.11 139.43 
53.46 -553.55 
433.53 -160.66 
-413.53 -198.33 
258.72 -408.80 
260.26 247.81 
-330.81 393.14 
-396.14 -372.94 
-533.16 -26.93 
201.22 -239.41 
-119.96 141.62 
86.12 327.59 
-85.38 399.76 
478.22 148.70 
-43.18 571.08 
184.56 570.66 
-208.56 -27.28 
156.75 -417.17 
