-286.43 97.63 
191.49 -352.89 
506.81 287.63 
498.27 288.60 
57.21 499.78 
-429.33 287.94 
154.32 98.74 
-175.51 -227.13 
-462.63 -7.17 
-331.87 -399.82 
-168.64 -286.92 
206.00 -9.79 
96.03 -244.98 
43.95 495.92 
-419.47 -325.60 
-52.70 -461.34 
-212.16 255.05 
559.66 91.54 
-439.87 -331.50 
-134.74 456.47 
25.75 -112.90 
252.60 -248.33 
218.35 -6.49 
-360.68 48.06 
342.39 39.86 
-176.73 -40.59 
-355.61 427.02 
534.95 -136.67 
161.10 180.72 
-302.99 270.18 
-449.72 -175.66 
-525.46 -76.91 
-513.64 24.97 
-451.87 -161.28 
-88.78 210.64 
166.96 491.45 
412.17 65.33 
-349.56 254.37 
495.86 -290.21 
371.83 98.55 
318.62 31.73 
31.85 -301.22 
273.95 450.71 
25.68 -167.31 
115.88 475.82 
434.16 142.92 
140.95 115.85 
302.45 -7.74 
-282.06 -249.59 
-323.83  3.79 
-37.39 -299.04 
137.59 360.46 
83.65 -296.87 
-82.16 -558.81 
433.42 282.87 
-22.93 519.51 
