299.61 390.70 
430.14 -321.41 
-281.95 63.46 
-128.56 555.99 
189.18 -346.02 
185.48 -483.53 
51.05 -95.34 
-469.67 116.92 
334.95 348.27 
-71.80 309.19 
115.77 -570.19 
-32.05 270.44 
-328.65 -78.11 
224.42 186.83 
17.88 -303.82 
349.79 -316.90 
439.83 -337.29 
-343.34 -409.99 
-115.67 -69.31 
60.83 -139.63 
444.38 -195.67 
-282.45 -82.15 
-563.75 51.23 
-14.76 -93.15 
-393.97 128.70 
-122.48 -311.40 
271.81 146.22 
-494.70 -113.50 
118.25 496.51 
-212.79 267.53 
100.36 419.97 
264.63 -439.69 
116.73 270.36 
-514.62 -182.85 
477.02 -83.10 
363.36 56.24 
286.46 418.13 
-427.46 -412.16 
-135.54 -531.08 
225.37 425.21 
-210.34 216.15 
207.89 -302.24 
-550.79 213.95 
308.11 155.20 
-88.83 299.26 
-153.17 417.38 
-221.90 74.52 
-274.55 90.82 
291.58 26.58 
-248.50 -502.54 
-340.61 130.80 
62.69 -566.41 
-380.84 63.67 
39.51 114.57 
248.73 205.02 
-283.88 -508.22 
