188.95 -353.88 
-434.93 148.98 
-234.18 209.58 
54.45 323.64 
131.59 565.08 
114.46 -472.04 
307.09 353.07 
140.20 11.04 
357.02 -189.51 
166.19 -324.57 
-520.53 81.32 
-6.38 -132.24 
-160.59 -288.49 
-244.25 -85.97 
-383.66 -91.49 
550.60 79.64 
-366.76 283.27 
-180.02 -52.65 
-224.50 253.20 
368.98 310.50 
248.63 12.73 
-266.37 56.80 
-9.78 -255.53 
553.00 -71.66 
271.73 -497.83 
-5.85 566.63 
39.80 230.42 
276.75 -488.53 
409.62 287.38 
-98.82 75.44 
-407.19 187.91 
-136.67 470.56 
-180.68 209.15 
-187.00 277.52 
-71.72 540.43 
372.66 -17.05 
235.18 254.19 
-514.12 220.00 
374.04 221.67 
-63.98 -576.52 
-385.34 -206.24 
-350.55 322.82 
-205.69 160.99 
334.03 30.76 
-90.76 -317.33 
-24.20 -385.06 
-167.58 567.06 
497.54 310.83 
27.64 -453.87 
-371.94 469.25 
382.66 349.91 
-75.39 520.71 
-42.63 378.45 
23.28 446.78 
-465.10 237.92 
 4.36 -167.20 
