-70.02  9.11 
-274.69 366.88 
123.40 -230.37 
-328.49  5.62 
354.59 163.96 
-297.88 234.63 
-373.69 52.09 
551.45 14.69 
316.10 -349.82 
-437.07 -23.57 
-233.62 521.90 
122.90 546.85 
-184.24 411.68 
-305.02 370.74 
-140.88 -161.18 
-505.64 46.77 
98.08 -534.50 
-129.64 422.23 
-314.32 264.37 
-87.35 49.84 
98.86 -261.19 
216.20 247.10 
-177.96 -187.13 
542.26 -13.65 
45.19 -456.80 
-23.45 -80.87 
16.82 -263.95 
-137.56 403.19 
414.68 360.60 
-303.75 -458.48 
-9.74 -30.43 
269.18 39.73 
52.07 303.56 
-157.42 18.44 
-323.26 -115.46 
-583.75 97.88 
343.83 113.29 
132.38 570.28 
311.22 -288.57 
-157.58 216.51 
-192.01 -34.22 
22.72 -83.61 
167.34 254.86 
531.17 -215.90 
567.80 -5.97 
-416.36 -111.30 
-30.88 -6.02 
257.38 -18.41 
-219.46 -74.30 
-12.38 -545.98 
-205.95 71.38 
353.77 -46.99 
-424.62 -318.55 
89.74 -389.54 
-24.01 437.20 
329.42 -22.83 
