341.15 443.24 
-57.24 -205.24 
-143.19 359.97 
565.28 -36.08 
-542.81 201.81 
235.12 -250.14 
-302.98 -286.59 
208.06 22.49 
-55.05 421.15 
 0.56 -145.15 
-94.42 -138.63 
127.90 -467.90 
-263.01 519.70 
461.87 270.88 
108.10 571.79 
138.62 -450.06 
-143.37 -142.76 
-76.88 343.09 
383.67 -65.38 
358.61 -264.66 
263.40 -146.97 
206.58 452.38 
-364.44 163.77 
111.18 -179.05 
-551.13 160.69 
557.07 -207.67 
431.80 294.36 
404.91 -109.60 
522.30 -139.21 
265.97 392.23 
 9.92 161.36 
107.50 -110.57 
276.96 489.99 
-559.06 -77.82 
-232.38 -37.35 
-233.25 521.06 
31.16 -400.52 
89.87 140.30 
414.57 -103.64 
266.35 -261.28 
533.69 102.20 
479.43 -164.80 
-322.20 389.70 
196.52 -358.20 
156.74 154.02 
410.80 -248.20 
26.12 -33.55 
97.95 -226.77 
36.38 547.85 
349.82 302.67 
-257.39 -142.67 
-452.03 -118.30 
-425.66 -204.12 
252.64 -34.21 
411.58 321.38 
-18.37 220.65 
