394.55 -78.45 
260.28 -382.03 
-150.86 -16.49 
-456.48 149.38 
-26.77 378.81 
213.13 335.80 
17.36 439.20 
309.68 249.60 
521.56 13.69 
-577.15 -10.31 
215.25 232.13 
143.72 -25.49 
169.11 -259.70 
-427.17 256.43 
-464.36 -260.77 
-13.89 385.27 
-174.30 491.38 
-22.20 442.11 
591.67 84.41 
183.09 -538.91 
-96.54 -513.95 
155.19 -366.36 
28.18 529.32 
527.28 -37.05 
-257.37 -249.15 
-113.16 -220.72 
548.97 -200.93 
-541.99 32.31 
-28.35  3.11 
-483.57 235.90 
159.09 174.02 
-32.86 -29.96 
355.31 375.80 
280.02 158.98 
-459.28 367.95 
-371.75 120.56 
-191.66 -436.31 
-65.02 -273.14 
-162.06 -432.67 
-220.80 21.44 
-325.37 379.76 
72.54 -278.33 
67.65 -398.85 
273.59 24.89 
331.08 -26.05 
295.45 511.77 
 0.74 -138.35 
463.74 -117.88 
-305.81 -100.30 
98.09 207.81 
359.50 -88.74 
-249.98 261.05 
-214.26 -412.97 
284.43 -364.98 
 0.43 -365.65 
-91.04 210.57 
