86.36 134.40 
276.94 -309.40 
-76.49 -424.85 
-434.00 318.51 
386.86 56.47 
-467.38 368.88 
124.55 44.53 
-93.49 573.70 
100.86 -387.69 
88.38 -331.50 
-332.96 -329.13 
143.72 306.46 
-381.85 -205.50 
23.08 -199.01 
-477.58 34.53 
-165.19 -448.98 
455.53 174.57 
281.14 280.51 
466.44 -352.68 
114.23 -474.46 
-176.93 -389.63 
-7.17 -163.11 
152.08 -124.49 
278.71 31.78 
-418.83 184.15 
144.30 -510.56 
-348.89 216.29 
15.13 195.60 
-123.53 45.84 
-214.73 -226.81 
111.19  6.05 
260.02 61.44 
-207.41 533.12 
-247.17 453.03 
-33.52 -492.61 
-252.32 -295.52 
-566.91 88.51 
-288.05 299.53 
-341.35 429.07 
-529.95 150.19 
-158.14 -5.25 
-335.23 265.18 
-233.27 217.64 
437.66 160.15 
-126.34 -83.93 
-499.05 -39.73 
96.80 112.15 
-150.43 -535.81 
215.83 352.67 
154.64 331.94 
-167.93 173.96 
-52.47 430.73 
134.53 -111.94 
542.68 107.09 
-153.15 -26.81 
-406.87 -423.53 
