382.00 252.64 
-89.71 24.56 
102.41 -444.49 
197.11 -70.51 
-314.47 479.91 
-49.33 -8.45 
56.93 -254.50 
350.09 -430.68 
-24.71 259.71 
256.20 -28.84 
11.88 -175.76 
-195.99 -248.71 
182.33 551.02 
123.00 -420.61 
-394.32 -211.05 
292.49 -285.44 
-18.93 -197.06 
-129.05 348.48 
-171.76 299.43 
223.55 154.84 
180.53 -465.97 
-294.48 -134.26 
56.09 -296.91 
-408.33 -279.38 
240.46 509.09 
-256.67 -137.36 
-359.74 -5.61 
-32.29 196.66 
-408.21 397.25 
-261.95 -249.61 
-145.86 -254.13 
-369.61 -71.44 
-39.54 -205.01 
-548.78 239.69 
-15.39 -50.04 
-174.36 -171.22 
-415.83 12.84 
-179.43 97.78 
11.49 -517.62 
-302.45 -76.36 
447.82 -341.73 
-105.06 -101.76 
 5.75 510.32 
16.81 -188.31 
162.79 -438.18 
-198.58 -431.20 
-291.01 148.75 
522.19 -85.47 
362.29 66.82 
-343.26  9.12 
278.43 445.85 
400.86 275.47 
200.77 67.80 
187.75 -568.04 
177.62 -56.84 
-46.65 -172.62 
