-438.39 -331.26 
483.84 16.90 
-392.43 -48.92 
-336.84 -160.76 
-106.92 -176.00 
406.10 -401.11 
131.17 -156.61 
-124.78 -323.47 
-369.71 -214.69 
-70.37 159.49 
-286.84 -443.01 
256.93  4.88 
440.80 -235.50 
434.17 60.66 
229.64 519.12 
-141.33 16.48 
-290.49 326.39 
201.16 -330.82 
484.98 -342.40 
249.04 -243.56 
186.62 -373.96 
 1.05 -274.82 
46.93 -482.07 
206.49 471.57 
66.51 -150.18 
-61.23 425.28 
413.99 104.87 
491.42 115.79 
218.15 20.90 
130.37 173.78 
-26.88 306.83 
-57.56 -580.94 
-40.17 302.50 
414.90 -394.79 
-321.28 136.65 
170.12 184.64 
314.66 -46.45 
315.64 70.93 
388.18 31.81 
468.68 349.36 
145.36 116.53 
35.87 -107.10 
107.89 -206.43 
143.38 -478.77 
105.10 -494.08 
-1.02 -215.38 
-417.46 -8.60 
-428.77 253.84 
-183.51 -513.19 
-82.66 310.22 
-552.08 56.09 
-67.26 -280.15 
26.60 551.60 
37.86 -142.16 
40.28 504.00 
470.56 -139.79 
