-315.75 -306.33 
-260.37 -214.82 
-398.67 92.58 
-89.80 281.98 
-274.41 -230.97 
270.15 287.22 
361.37 447.10 
207.57 50.73 
-358.27 -304.29 
-100.04 -447.23 
267.36 -24.59 
-161.05 198.30 
-300.19 -89.95 
214.60 -297.91 
557.62 -147.52 
-327.10 -324.30 
-56.53 66.32 
-218.07 -132.82 
220.77 -222.66 
-193.01  2.47 
-420.73 130.19 
-236.06 522.70 
104.19 120.24 
194.99 -566.81 
-48.37 -46.66 
198.31 287.68 
-79.61 538.23 
-447.87 -160.20 
-496.44 131.54 
496.41 -298.48 
203.09 -278.80 
251.20 -226.00 
-189.66 80.20 
274.22 430.79 
361.68 -465.43 
493.53 196.49 
-49.71 -39.65 
-25.80 207.95 
148.20 219.40 
-331.34 438.80 
85.48 453.84 
236.84  7.24 
307.39 270.46 
400.82 -206.52 
395.90 335.21 
-214.75 -63.01 
91.91 -19.37 
-496.13 13.37 
74.59 285.78 
-256.86 65.15 
513.95 126.14 
363.42 -17.33 
441.80 -8.01 
-412.38 -237.52 
-456.64 271.03 
187.58 -155.37 
