80.51 -241.88 
-272.58 11.18 
116.21 -571.74 
66.86 -564.80 
184.72 439.79 
-476.92 -208.76 
326.19 -33.41 
-130.51 191.50 
66.03 275.90 
-247.43 -285.61 
-186.61 56.91 
-128.78 580.84 
-551.10 -154.45 
-287.50 -128.38 
-147.63 359.78 
133.38 356.27 
-82.84 399.39 
-162.14 163.36 
473.11 73.41 
133.41 76.61 
-297.01 379.37 
-11.35 462.94 
-251.80 175.83 
266.39 -355.68 
166.16 -95.10 
-227.36 518.23 
-402.28 -392.32 
19.30 -124.45 
236.73 224.32 
-588.20 -36.74 
-194.00 319.53 
89.73 508.85 
285.43 203.72 
-122.15 -405.66 
-236.59 29.13 
-252.53 385.75 
-175.28  5.10 
-326.28 298.97 
134.71 -147.47 
397.71 -289.41 
-243.14 186.46 
467.35 -177.51 
194.31 330.43 
566.79 43.82 
167.09 -4.94 
284.37 84.10 
-291.03 444.30 
300.59 -20.48 
101.96 -136.52 
339.27  2.85 
84.11 204.37 
328.57 -0.59 
429.73 199.37 
-242.70 -316.22 
410.58 -21.06 
53.56 -244.82 
