324.83 187.57 
496.65 -174.67 
-149.56 553.98 
-366.37 204.37 
69.97 -29.55 
278.80 402.18 
160.04 395.45 
109.93 145.41 
273.27 -291.55 
187.21 -395.14 
166.86 92.52 
20.12 -253.70 
-378.17 -169.26 
-435.16 401.17 
-557.06 211.86 
71.98 133.36 
82.49 -141.30 
-418.71 -9.83 
285.95 -520.92 
-80.31 -533.47 
156.54 155.42 
42.17 -385.62 
-529.37 257.59 
-161.00 551.92 
-211.21 466.24 
-363.93 -299.48 
126.04 486.14 
28.06 -377.26 
324.77 -450.24 
 0.95 -89.94 
-510.12 -195.14 
214.05 -97.30 
75.26 -350.21 
259.73 -498.04 
-124.23 -311.56 
-106.24 252.52 
72.65 -38.42 
-480.17 239.68 
-51.02 -295.64 
-45.68 -496.96 
-416.54 -126.90 
-97.56 388.12 
-24.21 -353.46 
-33.82 166.87 
246.24 -225.19 
320.26 -485.23 
-257.25 -516.64 
-485.89 -2.98 
415.19 -388.91 
249.42 -492.48 
-427.95 306.89 
-318.40 362.07 
-490.66 281.49 
184.09 525.29 
157.81 -484.77 
83.39 -30.34 
