-294.13 162.09 
427.61 -338.26 
208.19 125.72 
555.45 16.33 
461.81 171.46 
129.87 -283.65 
-511.59 -275.97 
371.65 156.11 
 0.21 75.80 
347.46 -220.50 
-211.62 376.65 
-22.73 -192.63 
209.83 -139.63 
-210.73 -440.85 
-426.73 -19.25 
-248.22 19.76 
-376.20 171.46 
18.30 292.53 
-173.94 156.19 
287.59 -474.92 
-40.76 -281.02 
-347.31 143.61 
224.15 -90.70 
376.10 427.36 
301.55 145.39 
-298.98 358.50 
-178.06 -362.14 
523.85 -86.11 
576.82 -77.24 
-239.79 54.38 
-471.13 -117.40 
306.37 205.42 
-157.98 -149.87 
407.56 49.15 
44.26 518.74 
-128.90 425.92 
132.68 -79.79 
246.19 183.18 
323.42 -368.93 
-218.31 433.49 
361.76 -432.24 
293.36 -381.57 
168.83 165.40 
179.21 339.56 
24.36 599.41 
102.94 572.50 
548.24  6.04 
75.73 -186.35 
-19.54 456.84 
228.58 -182.65 
-41.63 510.58 
74.62 -482.98 
115.81 252.88 
-282.46 -445.53 
-182.98 -95.80 
-303.95 -203.05 
