-261.40 41.71 
494.75 -153.61 
263.25 -45.76 
-208.45 447.78 
-127.16 334.88 
-520.09 -30.10 
249.71 -467.09 
-53.53 394.27 
-324.93 -354.93 
-395.18 -8.14 
224.20 276.76 
144.10 448.52 
13.39 -479.73 
154.64 -160.31 
42.46 337.40 
305.36 -330.53 
384.16 349.35 
457.11 -253.49 
300.56 456.18 
-196.57 500.72 
-196.89 -117.37 
-361.73 139.44 
482.25 -35.86 
214.42 -202.69 
204.40 524.21 
-21.91 418.53 
273.74 -23.28 
-597.51 -40.22 
-171.12 -370.38 
-292.01 -267.89 
320.55 -444.73 
-144.67 129.40 
-117.67 -522.87 
-371.58 139.23 
-485.32 -240.32 
-35.41 -535.21 
508.82 149.68 
220.85 -194.23 
355.96 99.61 
436.38 132.10 
-378.11 -100.94 
154.78 256.79 
240.97 -89.14 
 4.53 532.42 
-407.37 373.87 
195.66 259.80 
331.43 170.83 
-185.74 552.90 
-91.57 586.04 
-71.69 -106.49 
-223.26 -533.71 
-55.18 -421.41 
312.90 82.04 
426.34 -151.51 
150.52 -115.92 
-268.47 173.64 
