-204.08 -201.58 
306.97 296.38 
49.84 494.16 
82.60 45.91 
-495.57 279.86 
162.33 541.30 
52.32 -270.19 
364.82 -4.47 
521.40 -174.96 
-519.65 -138.79 
575.08 96.33 
510.99 -82.99 
84.11 297.00 
-486.01 -191.91 
498.35 -187.68 
154.64 310.06 
-71.92 250.49 
-317.18 -117.75 
401.46 216.01 
-84.15 -344.03 
86.86 -433.00 
-322.48 -443.58 
143.86 58.41 
-166.93 -100.99 
-554.92 -207.37 
15.61 212.04 
394.59 -98.61 
-293.12 419.56 
-100.48 391.61 
118.29 311.90 
-227.68 262.97 
-283.15 276.57 
255.24 140.59 
-443.40  4.45 
-342.21  5.04 
-232.02 520.31 
-266.66 207.11 
-505.10 -246.15 
-16.37 358.10 
-424.40 -220.00 
447.44 -376.88 
548.15 -139.49 
-537.28 120.67 
-460.04 312.06 
115.46 324.75 
-229.97 -317.59 
94.15 465.77 
-555.98 12.96 
-22.52 82.78 
-44.52 -154.96 
-74.17 -126.66 
-269.47 -156.57 
-295.94 -38.15 
-437.18 153.29 
74.13 25.01 
303.52 18.72 
