109.96 503.39 
-458.13 -256.85 
-140.30 86.10 
-216.05 536.21 
-323.52 -85.22 
309.89 102.68 
-136.12 49.04 
-169.84 562.37 
-546.17 -14.64 
-20.90 585.15 
-440.30 158.94 
-589.36 55.72 
-252.40 341.43 
464.40 100.03 
-87.19 -60.71 
-226.29 350.42 
172.41 456.39 
-204.71 506.23 
-223.53 65.75 
-382.98 -193.82 
-63.18 592.48 
263.75 -400.12 
412.10 -101.90 
-205.71 505.62 
-205.60 561.26 
136.37 319.92 
-161.30 -347.93 
-276.69 142.94 
-327.51 -208.34 
-273.65 -273.37 
-300.02 -161.30 
-472.61 56.76 
124.66 -439.89 
-27.34 270.46 
84.81 267.65 
-39.00 151.66 
81.69 316.74 
537.78 69.06 
-327.85 -227.40 
-435.14 -5.66 
-391.89 131.61 
-163.43 -450.36 
218.36 -494.31 
 8.22 191.96 
158.38 563.02 
150.19 -97.73 
-201.34 288.89 
14.85 559.45 
164.43 467.76 
525.13 188.32 
-153.33 368.71 
-172.19 60.85 
280.31 -491.52 
358.94 63.67 
150.60 -540.93 
-336.58 -35.16 
