-408.84 -273.55 
598.78 -9.68 
 5.27 -242.17 
-237.66 247.63 
-86.00 75.39 
53.95 -24.59 
-22.40 -333.40 
318.40 382.65 
-281.80 13.47 
-369.24 -126.51 
469.68 -176.59 
-401.44 385.14 
410.66 279.34 
-283.00 -347.89 
-127.76 69.98 
-157.97 -538.35 
-29.72 348.76 
-247.30 418.84 
120.46 -58.66 
-144.53 -145.16 
-3.68 -191.73 
16.40 -322.41 
-161.75 199.67 
-189.55 -418.77 
-26.07 218.89 
241.29 447.62 
311.99 86.51 
-106.88 522.94 
-497.72 265.03 
231.86 -318.05 
30.87 -374.13 
120.10 255.31 
18.63 -417.02 
-388.13 223.45 
126.53 -301.13 
482.88 297.71 
267.48 404.91 
204.54 -321.53 
522.54 -125.74 
-402.55 412.97 
399.61 269.73 
246.36 -477.15 
-306.96 -443.86 
-189.19 420.28 
233.52 -276.14 
165.39 -394.69 
-67.35 265.71 
467.42 -308.52 
-200.75 212.93 
-109.14 350.75 
531.46 -196.93 
-419.84 -392.14 
-445.06 -379.16 
-126.10 -397.35 
-283.57 419.84 
173.57 348.48 
