-140.52 337.65 
-129.39 -99.85 
-172.78 -152.59 
-164.69 334.41 
-536.80 -258.31 
65.96 206.55 
337.86 285.17 
-125.09 -154.32 
441.42 -191.46 
-222.27 -217.29 
49.68 106.95 
-251.20 484.26 
-183.90 22.35 
78.36 165.09 
90.98 585.77 
-442.95 -70.07 
55.17 -588.94 
-501.30 35.78 
-445.91  7.95 
100.17 372.91 
100.67 -551.75 
48.26 92.39 
-144.58 -262.33 
361.64 -81.59 
446.51 325.65 
174.15  3.60 
-24.06  5.18 
226.31 -121.90 
-171.93 304.34 
-82.18 -307.30 
246.67 531.03 
 7.85 -238.02 
-236.71 132.64 
197.32 427.53 
-203.72 76.93 
-46.24 477.27 
531.28 -200.40 
-125.44 546.73 
529.45 218.39 
-531.71 86.72 
374.81 -39.60 
466.85 -16.67 
-159.56 424.08 
-57.85 -405.86 
-375.48 -467.58 
161.37 71.33 
-515.40 176.00 
31.71 -515.89 
197.08 -399.22 
590.85 -23.53 
420.90 -239.54 
70.24 203.42 
-170.88 208.61 
-504.96 247.45 
288.82 -121.90 
-553.76 132.75 
