427.61 308.65 
-129.83 -487.10 
-232.62 201.53 
27.02 46.68 
-200.39 280.65 
483.29 -137.27 
 7.21 -430.72 
125.92 308.58 
-511.89 -168.99 
434.97 -363.60 
-261.84 -101.07 
371.54 -461.19 
82.81 537.44 
-186.30 -501.25 
89.44 -444.00 
-544.34 -222.61 
-172.52 -429.17 
227.34 231.63 
389.65 -94.02 
101.51 287.39 
334.43 -237.57 
466.08 -123.61 
-357.15 -48.16 
561.33 107.94 
74.61 -445.12 
219.85 -498.07 
439.53 54.09 
71.29 -481.15 
-145.51 566.95 
388.07 -292.32 
-292.50 84.96 
385.21 148.41 
13.10 200.48 
-514.30 -103.25 
205.83 535.58 
435.09 194.10 
211.38 -12.44 
492.14 154.72 
-162.09 -136.19 
-461.80 -25.68 
328.67 125.17 
391.54 -196.73 
251.58 148.86 
-160.16 -353.75 
387.08 -439.64 
-172.30 -406.89 
-260.37 328.18 
252.88 -501.84 
-282.80 -43.64 
-348.73 -21.58 
314.42 -144.34 
-120.83 17.44 
548.92 -54.40 
427.54 91.31 
-154.42 -66.40 
373.76 229.06 
