-217.60 26.55 
106.23 140.27 
-138.67 -489.87 
-348.35 187.77 
-285.02 -179.51 
418.34 -422.08 
-119.68 195.57 
167.48 154.22 
231.81 470.07 
227.14 458.29 
-0.02 -84.28 
-458.41 17.57 
120.06 130.56 
-236.72 -34.20 
-196.92 268.45 
-344.16 -14.89 
67.26 -553.68 
405.62 -346.87 
416.72 -253.48 
-284.69 -284.79 
-254.11 -483.87 
-148.69 -1.48 
-233.44 -213.51 
329.40 98.01 
78.84 -132.54 
558.66 -86.08 
-284.68 -313.46 
288.94 -461.08 
78.83 -27.65 
36.80 -424.34 
215.27 -456.52 
-67.27 -426.16 
235.80 441.91 
-118.38 47.60 
-227.76 -431.73 
-68.29 -297.62 
-62.34 560.99 
-4.20 -552.07 
496.23 213.78 
-213.47 459.33 
-346.16 379.30 
499.96 -291.67 
442.90 -255.64 
-209.89 -91.20 
-131.71 422.12 
259.56 406.86 
-187.22 210.50 
-243.46 -16.57 
 3.90 -208.41 
468.64 -342.81 
-294.16 -66.48 
-475.31 -10.31 
180.30 388.86 
-194.28 -171.56 
-279.76  1.69 
296.13 -260.05 
