-338.47 158.30 
-169.36 309.10 
-57.34 281.11 
-458.40 -203.79 
-411.43 -288.90 
-526.37 -279.45 
-201.17 109.56 
-27.61 -22.85 
-120.26  7.10 
-446.10 325.02 
-424.28 -125.96 
70.43 159.66 
355.20 123.12 
115.47 -266.67 
-168.83 291.90 
256.55 472.96 
419.05 370.53 
144.28 263.39 
57.80 -112.85 
-235.52 222.60 
230.87 -411.31 
-28.02 127.30 
-45.83 -296.63 
-119.97 -309.44 
323.77 -36.36 
-92.59 500.71 
-108.60 373.40 
488.81 -193.07 
576.18 -52.63 
492.91 202.04 
-361.82 144.52 
 8.73 253.16 
425.00 -108.23 
471.11 -205.54 
322.12 191.25 
233.80 10.17 
-124.67 -298.88 
-117.00 439.07 
-455.01 196.21 
-175.23 495.40 
176.72 -460.06 
420.18 -396.04 
186.23 569.10 
439.52 -392.80 
264.54 227.86 
-378.19 -232.75 
-234.53 180.31 
-506.37 36.99 
 0.79 210.50 
58.29 534.35 
111.85 -291.83 
-42.54 -237.42 
-21.21 -77.72 
-45.16 106.89 
-28.23 -103.13 
168.43 371.85 
