-328.81 -132.34 
-105.92 -59.61 
143.86 406.24 
-329.25 396.36 
140.88 -458.60 
-105.00 424.61 
-276.83 -17.55 
17.23 261.09 
468.35 -156.18 
417.36 44.61 
521.21 30.85 
-411.96 338.83 
-74.61 309.38 
494.24 279.71 
426.40 -115.19 
-466.11 -371.64 
-48.25  9.22 
-286.92 243.17 
-106.76 494.77 
27.99 451.17 
-400.61 80.44 
497.66 221.18 
-132.91 -343.63 
-4.79 586.88 
-220.18 428.95 
-198.92 -493.53 
-255.21 80.12 
-500.98 -51.23 
145.99 -326.10 
-63.95 383.32 
-55.79 -248.10 
-117.96 176.55 
-243.02 -237.31 
96.33 -202.23 
-23.38 -55.72 
-189.33 -408.17 
161.39 114.01 
-429.41 -112.88 
-537.40 -52.08 
291.22 -51.64 
41.67 379.99 
-243.39 -149.25 
60.79 464.17 
166.56 205.22 
441.83 -295.41 
-420.50 233.08 
-345.88 -171.60 
-129.23 -225.36 
435.06 44.86 
-510.58 -232.33 
233.54 136.10 
55.32 250.93 
-412.52 -245.51 
373.95 21.07 
 2.78 497.52 
100.25 -276.50 
