-110.26 -293.60 
-72.24 -371.18 
-380.63 10.75 
231.16 -336.00 
 2.32 -57.83 
-514.49 -285.49 
-502.11 -271.51 
139.73 509.74 
176.16 -70.08 
511.70 -58.88 
-413.11 197.84 
-189.82 -81.65 
-503.30 -270.64 
123.35 340.52 
378.68 -30.87 
283.89 -4.15 
-524.60 285.87 
-401.62 158.55 
210.31 314.89 
-269.96 64.11 
-225.07 159.63 
170.72 255.61 
393.85 134.67 
238.89 -387.92 
-83.58 -316.93 
398.92 -167.12 
310.37 438.87 
233.93 88.92 
-70.58 -417.96 
226.51 -279.44 
-65.95 -140.89 
199.87 -478.82 
343.85 -137.75 
-299.46 178.07 
405.71 234.33 
87.49 -559.85 
-358.66 114.47 
77.95 -455.79 
413.24 -201.65 
251.32 -531.54 
255.83 186.27 
-469.96 -342.52 
195.53 94.91 
91.00 555.30 
426.85 -386.89 
401.07 260.93 
-513.56 157.42 
-74.67 338.91 
-155.48 -495.52 
-177.30 -74.32 
-126.00 227.32 
-199.33 257.97 
272.07 116.52 
124.75 277.99 
-4.34  7.01 
-6.18 -357.25 
