-478.06 314.53 
-380.65 -73.74 
-21.23 291.74 
-244.40 -433.63 
-403.97 -295.88 
29.80 291.80 
337.91 156.06 
-184.62 80.89 
59.08 470.91 
419.18 39.68 
-389.20 -103.20 
-217.56 -104.08 
490.54 203.57 
-79.80 470.92 
-438.46 -143.29 
392.16 370.09 
547.13 171.68 
232.87 -381.69 
-236.64 -545.03 
42.08 -468.00 
-518.65 201.12 
-191.01 -335.47 
-412.46 -284.97 
491.42 303.63 
-168.72 -571.22 
46.39 -145.27 
-31.77 -500.67 
-431.19 182.88 
72.39 -229.08 
399.04 369.37 
173.94 -218.17 
244.88 -461.67 
360.42 -130.69 
-73.86 518.76 
380.76 99.66 
309.59 -220.27 
-516.64 160.08 
-259.42 202.81 
-69.15 -517.27 
-301.53 362.72 
-118.51 -513.09 
213.60 -197.12 
-452.64 87.23 
121.38 -114.53 
249.98 -75.90 
544.17 -252.17 
178.06 -525.50 
380.14 -113.72 
223.38 -459.33 
324.96 132.18 
221.56 148.77 
-281.06 -366.51 
-450.24 167.89 
-109.83 188.38 
-97.53 -229.59 
-70.18 -279.56 
