-20.00 249.26 
-279.68 -134.42 
204.79 472.15 
140.76 -2.50 
-440.98 137.02 
272.89 58.13 
-506.57 145.83 
40.06 -178.19 
-523.61 19.36 
465.97 -217.70 
41.03 -535.67 
472.32 -235.12 
-56.89 -298.19 
-164.65 123.84 
412.59 -402.68 
-218.53 -440.21 
258.28 -389.69 
27.70 -404.86 
258.14 -478.32 
179.56  4.29 
330.59 -118.56 
-166.84 -180.17 
518.33 269.55 
-554.77 185.47 
273.77 220.84 
164.43 -277.46 
-163.65 406.12 
216.54 212.68 
550.20 127.91 
-65.38 -104.40 
416.97 -40.88 
321.37 148.30 
-269.76 -23.85 
-339.27 315.54 
308.08 453.22 
-196.56 -454.44 
556.73 136.57 
-430.18 -61.02 
-14.57 -509.06 
-332.18 83.71 
-230.07 36.00 
358.45 -447.20 
168.63 -447.22 
-132.19 -562.33 
457.58 255.79 
-411.05 -210.03 
427.61 -378.44 
-316.69 -131.11 
-43.47 -372.79 
-314.90 -260.21 
157.98 75.06 
280.71 -360.58 
-150.62 -513.18 
-309.69 -204.29 
196.46 -264.19 
-29.56 455.57 
