-44.93 173.64 
375.16 -379.24 
487.56 185.27 
480.03 -136.77 
-516.52 -230.09 
-48.20 439.68 
-111.66 458.75 
222.45 36.80 
-283.65 507.14 
67.17 -195.00 
156.40 -376.39 
86.35 -517.18 
-258.94 274.18 
264.31 -321.04 
-122.11 550.12 
460.15 64.65 
-73.06 -22.36 
-195.19 -28.35 
-491.35 126.36 
-159.69 304.06 
-231.15 489.73 
-410.41 -255.10 
214.95 -375.53 
-429.52 -358.15 
-180.75 50.24 
406.23 47.60 
-247.12 482.01 
102.82 -93.80 
579.99 127.40 
292.70 132.84 
395.81 -405.03 
310.96 133.03 
-252.66 530.92 
148.08 -477.47 
 0.31 447.35 
-405.79 396.12 
-336.08 -358.15 
150.12 454.67 
479.03 -68.08 
-5.16 411.54 
-5.49 -363.11 
-327.06 -392.68 
-255.30 -422.40 
15.76 534.09 
317.32 30.85 
262.62 -333.75 
-289.46 -237.26 
204.99 -121.00 
-176.53 -345.69 
86.97 372.40 
484.95 107.35 
209.71 242.92 
-522.94 -200.12 
-461.20 176.49 
31.91 -480.72 
189.56 -399.18 
