-434.92 -143.07 
-466.69 -327.33 
-99.61 250.89 
-103.05 -303.95 
-442.77 16.64 
-357.37 -337.56 
-169.16 275.17 
99.36 -107.19 
-570.07 145.46 
341.42 116.82 
240.04 377.44 
-247.45 -374.80 
-25.16 -449.06 
-208.75 -130.97 
-43.25 -179.91 
-372.30 427.81 
-538.97 63.34 
22.75 -1.87 
-350.68 -164.99 
203.08 337.10 
19.86 -589.86 
-18.67 20.91 
-105.06 574.51 
-102.98 163.65 
-15.31 -342.82 
-9.69 -514.10 
315.69 -231.12 
-247.55 -474.59 
-339.96 -243.70 
-508.62 -122.16 
354.20 263.52 
-310.05 76.77 
317.93 264.24 
201.56 505.87 
-269.72 -406.47 
377.02 339.70 
-45.39 -422.43 
-9.91 -361.60 
-292.11 -514.66 
92.50 -151.22 
282.13 216.10 
-450.84 25.46 
-434.42 372.84 
-154.68 470.82 
-85.02 -82.43 
-455.47 200.26 
251.98 -66.87 
360.82 -459.39 
194.05 506.51 
267.01 -485.31 
300.71 -132.76 
206.63 487.08 
-41.94 -203.84 
-141.62 27.75 
439.21 -315.06 
398.79 -283.26 
