335.79 409.31 
-257.66 -211.78 
-146.85 63.63 
-100.58 -545.08 
343.55 -313.20 
215.84 444.70 
529.22 143.65 
-43.29 -43.64 
-22.35 340.22 
65.86 72.98 
316.59 -383.98 
216.60 -56.22 
404.32 -308.86 
155.95 -82.98 
-36.66 -49.77 
-258.79 -492.74 
-518.02 107.15 
-454.15 -292.74 
-443.07 -126.69 
183.95 550.64 
309.86 -31.25 
176.05 -157.25 
-336.99 -177.47 
192.45 210.88 
-157.13 274.19 
-189.70 488.60 
-530.37 153.04 
157.33 317.27 
-84.59 33.18 
-67.27 -81.72 
-150.50 -397.77 
-275.48 -127.30 
431.78 -342.18 
193.59 -380.58 
-47.55 -102.18 
-107.59 -390.85 
-311.30 373.61 
12.56 -191.17 
104.44 -319.10 
55.08 168.41 
-269.78 -450.19 
154.36 -88.19 
188.67 299.32 
429.02 139.22 
181.34 -292.17 
-43.34 342.74 
211.08 90.07 
33.24 105.24 
359.04 55.95 
-520.81 -23.90 
41.28 -152.45 
188.62 284.29 
-457.55 -123.33 
413.83 -21.37 
158.34 -508.52 
377.70 -297.54 
