119.41 -221.19 
-253.07 -513.43 
-320.70 438.16 
330.21 56.61 
203.37 -44.79 
262.83 103.53 
-356.84 -244.10 
335.47 307.01 
12.10 -228.47 
201.05 327.18 
383.50 318.39 
259.27 75.18 
562.11 -21.40 
 6.17 371.76 
39.20 272.90 
178.87 -180.57 
35.42 251.12 
-313.55 294.16 
283.84 517.30 
40.01 569.42 
-99.03 -58.35 
-489.38 267.15 
360.74 -14.81 
258.22 -17.18 
43.50 551.69 
-39.86 470.88 
-531.93 230.18 
-257.77 -314.59 
-471.71 320.66 
-138.96 470.54 
-70.67 481.28 
-288.77 514.80 
76.16 370.10 
-518.91 -127.17 
-27.76 125.10 
-191.91 -19.25 
-143.23 543.42 
-385.30 143.97 
-373.29 288.50 
372.94 303.01 
-228.95 308.53 
196.82 -470.53 
410.80 372.42 
-49.20 163.73 
22.16 -343.27 
10.96 -26.06 
185.60 -201.36 
-28.96 -540.08 
-89.74 567.75 
-435.65 -123.40 
-32.75 323.17 
-264.66 219.04 
447.01 -334.01 
222.84 271.02 
539.26 -43.18 
-207.23 -167.59 
