198.96 -95.51 
-116.49 -180.36 
46.55 505.41 
121.92 -460.10 
511.21 -258.16 
102.43 -329.14 
108.08 -414.66 
98.69 74.36 
-346.96 144.46 
 4.87 -556.35 
384.82 288.29 
257.23 511.23 
-379.61 124.82 
368.46 -424.63 
168.66 -497.44 
12.05 455.93 
37.57 -145.70 
-280.16 527.23 
440.49 -353.25 
180.12 149.04 
104.12 556.90 
-562.00 -76.59 
-417.48 15.49 
-217.55 409.93 
330.99 -398.12 
362.76 367.38 
-415.02 262.40 
556.57 -13.93 
-107.88 413.11 
-495.86 32.42 
-303.80 -231.75 
-119.71 247.36 
126.98 262.24 
113.38 447.46 
172.17 363.43 
-121.48 -423.76 
52.51 -542.02 
-293.30 202.26 
153.38 -31.49 
-512.15 -201.64 
118.37 54.20 
-385.06 -379.84 
-67.67 214.27 
-398.18 -206.45 
249.57 261.64 
434.15 -282.51 
468.71 206.73 
-71.26 -120.61 
170.10 273.37 
478.39 -284.28 
-243.58 -449.32 
-113.66 558.60 
470.16 -178.17 
-245.13 -226.32 
450.86 -180.20 
-183.91 217.11 
