191.58 -146.93 
-430.48 -391.47 
337.09 -392.06 
322.11 -170.56 
-100.05 70.86 
-367.90 245.94 
119.93 -51.67 
-172.64 461.10 
321.86 -141.83 
98.81 405.05 
-371.47 -358.67 
240.43 -467.38 
183.10 342.90 
12.33 428.41 
-536.72 56.11 
65.14 333.28 
 0.52 261.54 
-161.77 -112.42 
-97.63 -383.86 
221.34 -367.46 
-166.08 -456.77 
312.29 -272.19 
-248.43 -190.99 
280.33 -289.92 
-78.68 423.52 
-130.48 -506.96 
-511.27 -263.71 
245.28 -464.01 
-299.10 280.79 
-227.48 -169.16 
585.42 33.61 
-317.47 -427.08 
304.82 -134.86 
-77.15 -453.22 
187.91 -312.69 
-353.60 -56.52 
-324.86 -202.05 
312.95 15.38 
268.46 437.16 
186.56 -455.31 
303.31 376.96 
508.39 -81.16 
144.69 -563.29 
244.48 57.55 
261.92 -315.93 
434.16 -202.17 
567.82 -68.15 
-570.51 88.38 
 5.86 -47.43 
23.97 -131.62 
-26.04 73.96 
-5.64 404.72 
-155.28 -20.08 
223.95 328.34 
415.00 -267.86 
-411.20 166.05 
