60.18 -76.52 
112.23 470.02 
553.29 -203.84 
-434.20 48.58 
103.29 -466.24 
-41.73 429.28 
-320.20 -103.09 
65.03 -175.26 
101.22 -182.68 
-116.46 585.34 
59.73 280.50 
-54.00 -1.05 
-538.94 149.09 
-68.80 334.70 
297.88 340.39 
227.35 -350.94 
143.62 47.58 
-217.72 -346.69 
14.11 -527.06 
-383.27 331.41 
-20.69 52.20 
317.18 -311.65 
-162.88 -460.04 
226.62 -102.01 
-57.26 -261.39 
-230.49 -512.18 
 0.74 27.20 
47.63 -514.04 
-391.43 178.14 
-323.36 436.69 
-573.58  0.04 
-515.72 121.48 
-361.30 50.94 
315.12 -361.92 
66.26 -506.86 
566.37 -94.31 
-250.05 -19.13 
-474.92 -116.31 
-193.58 307.14 
280.71 434.38 
504.63 281.97 
506.03 198.20 
315.18 468.04 
-234.12 -75.78 
-171.30 -288.93 
-442.69 391.99 
-241.20 -114.79 
-464.45 -62.10 
-146.08 150.09 
-106.46  7.57 
-138.99 -466.25 
-426.66 -311.27 
-247.14 -259.35 
-304.73 166.16 
-424.43 -88.32 
186.60 218.11 
