-547.12 -146.47 
-195.61 -469.97 
-352.87 352.86 
311.17 -215.73 
113.32 -407.44 
-187.97 -189.48 
422.13 302.33 
-64.56 -464.35 
-344.48 137.04 
197.09 149.87 
280.47 -91.33 
-78.94 -108.02 
-185.08 230.03 
-116.69 469.30 
-126.16 -205.42 
562.28 48.76 
-444.49 177.10 
303.28 -404.27 
101.40 -427.12 
-264.62 364.68 
135.40 551.24 
-501.60 -116.46 
-120.15 309.25 
-75.47 592.44 
67.21 416.85 
66.69 163.50 
232.75 29.70 
383.25 422.06 
-268.44 -103.45 
-49.49 -467.40 
-14.82 -356.97 
-189.79 -452.42 
-24.02 99.87 
116.24 35.36 
315.56 -3.97 
-248.95 137.33 
12.41 526.62 
133.24 462.20 
131.91 440.93 
161.62 -326.34 
540.25 -200.57 
243.29 120.10 
532.96 50.28 
-64.23 206.12 
354.21 -77.49 
-145.85 -492.33 
189.50 -178.69 
343.21 -195.68 
-62.96 -284.20 
-557.00 -77.90 
-461.54 266.21 
51.37 -527.89 
99.83 -195.20 
-9.26 -446.01 
-105.59 -366.82 
216.88 102.31 
