 4.13 -596.62 
177.40 77.45 
155.08 -23.13 
103.42 -49.21 
-28.38 -276.09 
147.93 161.79 
-26.89 -147.01 
-452.36 377.81 
322.88 -404.84 
198.25 -71.07 
273.53 -482.79 
226.90 -99.43 
-132.04 209.76 
-467.36 -362.61 
574.83 -76.99 
263.00 -36.40 
-441.09 284.64 
-498.74 -112.59 
-345.10 263.06 
-2.86  3.25 
-78.53 129.94 
-202.47 -464.93 
258.29 -35.04 
-125.64 -532.17 
288.01 -323.31 
-115.63 250.34 
 1.62 -76.59 
-228.83 -314.95 
-340.63 314.83 
133.89 -134.07 
198.06 -347.57 
299.06 418.34 
-110.27 -178.73 
234.28 -353.54 
-323.93 155.12 
-153.51 -570.83 
-284.20 -118.56 
326.24 439.45 
424.77 102.44 
-134.57 -34.36 
-575.60 121.49 
321.91 -5.75 
-32.79 34.46 
-310.81 -141.15 
147.24 -195.13 
-131.07 -209.64 
268.04 343.35 
-341.26 341.21 
223.38 -456.76 
84.70 141.08 
-156.31 430.14 
320.51 -369.13 
255.01 -121.83 
-205.67 313.66 
78.86 -246.34 
193.47 -324.37 
