450.68 71.13 
79.89 -211.84 
96.77 -412.38 
-495.11 329.97 
-151.62 244.58 
-115.10 295.95 
489.06 -125.03 
218.82 -494.78 
-7.13 -303.32 
-173.88 491.23 
184.07 -180.13 
390.87 237.62 
-41.88 -215.98 
-263.63 158.49 
238.07 -539.11 
-150.49 -188.29 
-493.50 207.48 
69.80 -485.11 
-309.51 294.71 
264.27 -479.80 
-483.34 292.82 
154.33 -44.28 
-192.43 -151.63 
-116.60 231.13 
219.06 111.25 
348.74 269.99 
197.79 -136.79 
-457.95 298.20 
-145.47 163.26 
-487.97 64.79 
-429.30 -359.03 
471.73 311.31 
402.98 -22.17 
336.87 398.44 
-502.92 -202.81 
-489.83 -159.14 
-250.21 231.89 
503.88 -34.93 
-239.73 37.51 
258.11 -530.20 
338.29 -55.63 
362.47 -252.52 
-163.41 -35.77 
-14.70 73.32 
483.40 -291.56 
297.77 332.25 
529.70 -97.17 
142.59 -388.78 
-3.30 -574.05 
-26.36 -589.10 
526.72 100.06 
272.77 329.68 
42.83 522.48 
-25.02 297.38 
345.24 381.55 
-301.65 190.63 
