374.21 168.66 
399.36 -385.77 
-481.59 -105.18 
258.07 -237.55 
-122.08 107.11 
-16.44 -482.29 
-135.70 -307.58 
-387.28 152.74 
224.11 -161.91 
527.19 181.22 
451.37 249.61 
-487.68 102.29 
-253.77 17.26 
-385.83 -381.70 
-266.37 198.07 
-547.64 113.80 
71.95 473.95 
-217.68 376.43 
541.56 124.09 
-138.23 -486.56 
102.57 -414.12 
253.59 -369.39 
340.59 361.51 
-120.97 -359.94 
74.56 561.81 
-102.30 -26.66 
-260.98 -461.82 
548.80 -238.79 
555.92 -168.64 
-417.28 -264.03 
-175.43 564.33 
-243.95 -85.59 
-13.24 564.28 
-225.59 -348.80 
55.76 -31.11 
186.76 454.62 
19.83 294.54 
173.92 519.90 
-171.25 -265.50 
-181.92 -524.00 
-363.46 -7.68 
159.91 -482.83 
-78.02 159.55 
178.26  8.04 
-247.35 238.71 
-475.16 -257.18 
278.31 -176.65 
48.18 -249.32 
278.02 242.02 
142.43 45.62 
-89.79 293.07 
262.27 258.99 
287.35 -485.23 
-483.76 63.66 
-233.39 -433.31 
412.52 185.55 
