-140.99 -427.78 
-280.51 -421.66 
218.35 -514.38 
193.02 -165.42 
-362.79 206.86 
426.04 168.02 
105.29 469.17 
-140.31 382.19 
-508.74 -316.79 
-435.07 -137.32 
-209.28 -264.32 
435.13 142.25 
-118.95 68.42 
496.26 -102.99 
25.43 -378.22 
-199.53 356.37 
93.27 -382.18 
-446.43 95.01 
218.07 390.95 
 2.09 -238.62 
-145.01 561.30 
-201.53 -406.30 
31.20 -192.48 
-73.51 409.95 
-387.12 143.11 
275.03 63.60 
221.23 -307.05 
46.52 83.19 
-373.11 39.04 
-7.78 -164.14 
166.61 -188.13 
486.04 208.48 
-543.63 -134.17 
-55.28 190.40 
-54.40 -418.60 
158.06 -26.11 
-501.63 -166.92 
185.18 131.56 
-332.88 46.31 
-112.52 128.98 
97.66 -513.33 
231.71 157.59 
331.50 98.43 
402.82 212.22 
70.45 589.85 
305.72 -232.59 
84.98 243.81 
-61.90 230.27 
210.71 -252.04 
-97.19 91.14 
119.31 440.13 
 2.52 504.10 
237.54 -188.71 
92.24 533.04 
-338.73 222.71 
280.96 -70.73 
