-292.34  3.71 
-155.31 537.10 
-126.98 -76.40 
-84.16 -421.31 
72.90 300.06 
-173.16 179.61 
488.52 -45.84 
262.64 297.23 
360.01 -86.77 
370.33 330.33 
85.42 528.46 
-69.86 108.75 
-429.68 361.71 
-16.87 -230.22 
151.87 -21.71 
275.17 412.67 
263.80 -125.70 
-42.27 86.20 
-241.96 -272.10 
403.38 -311.51 
365.48 231.73 
457.23 -296.03 
-450.62 110.56 
243.78 -291.14 
356.83 -292.66 
-94.82 179.95 
277.47 525.81 
247.61 283.30 
-82.98 143.13 
 1.17 -271.61 
-467.37 -10.94 
-408.30 360.63 
30.20 357.67 
-522.34 250.12 
224.04 -184.27 
458.62 -367.04 
-66.00 410.02 
-389.96 -214.08 
311.70 -508.54 
-301.21 -95.76 
-277.85 -150.35 
207.83 -144.49 
95.51 48.66 
243.23 11.22 
-85.40 -459.80 
-207.31 -486.18 
441.41 303.75 
-72.82 -569.48 
-569.60 181.40 
202.10 -42.30 
277.29 492.80 
206.39 251.02 
441.31 32.57 
-48.49 -512.64 
-249.73 145.40 
-279.48 -217.31 
