-398.32 -182.99 
-184.86 361.84 
304.18 -282.73 
-116.31 45.76 
407.19 285.54 
207.23 297.02 
-68.38 -320.83 
-506.11 -202.15 
550.63 93.48 
122.00 43.79 
199.76  5.40 
-207.81 -518.39 
100.75 -334.48 
70.70 -509.28 
495.07 -74.35 
-66.16 -244.37 
49.99 147.66 
85.17 -209.69 
143.08 364.41 
141.64 309.35 
-221.17 -78.32 
-322.22 -491.96 
496.89 -53.48 
147.49 542.70 
-157.21 -232.66 
-4.64 -443.05 
228.92 52.27 
170.13 506.22 
-526.05 -154.28 
-90.85 41.69 
381.17 -264.35 
-405.19 -184.59 
-1.00 -452.04 
-317.78 -319.63 
302.37 -457.22 
134.82 -476.54 
505.54 135.35 
-464.92 350.80 
91.15 -363.96 
180.17 -394.99 
-254.26 402.61 
130.84 278.18 
162.76 -341.68 
-34.65 518.76 
248.56 -464.29 
335.58 -466.32 
410.21 -100.98 
-396.87 248.08 
394.42 -294.21 
-318.34 327.32 
-107.26 -163.00 
-341.86 67.19 
346.87 -5.27 
-18.45 392.41 
91.82 -564.74 
520.10  3.60 
