326.34 -484.35 
 2.06 -551.69 
-63.25 -534.55 
220.79 -73.42 
16.62 -192.12 
-385.74 -324.74 
-386.82 89.25 
-135.40 -43.38 
554.30 165.98 
149.24 466.16 
306.55 464.43 
422.71 -373.83 
218.23 301.94 
334.80 -172.32 
118.24 32.61 
261.03 -235.02 
-150.20 366.03 
94.98 -83.17 
-137.22 -490.58 
441.84 -16.36 
-345.00 -266.29 
170.35 -384.91 
-286.90 -99.39 
-48.62 -399.33 
232.25 -401.58 
-127.89 518.48 
-503.75 -317.35 
-141.32 530.58 
-452.80 -359.34 
-159.15 -300.24 
-183.87 -175.33 
-587.79 96.69 
-460.82 219.76 
174.39 -419.34 
-256.48 77.09 
-430.32 -331.75 
276.41 435.61 
131.98 -109.98 
204.13 540.74 
-164.39 -484.45 
-226.50 -486.40 
-360.11 159.77 
11.60 181.74 
-470.81 -223.98 
339.21 297.50 
532.46 -117.14 
399.32 200.50 
280.73 272.28 
-346.69 127.00 
40.17 261.44 
-215.56 130.57 
-557.18 -26.86 
295.13 -326.39 
-314.86 69.94 
210.04 -280.12 
-357.82 219.61 
