515.56 -130.62 
11.11 -514.61 
-274.34 -490.36 
284.38 468.11 
213.80 30.85 
-45.47 -293.30 
-56.56 -257.93 
105.52 234.54 
-409.39 -282.34 
-103.82 264.49 
108.49 397.86 
247.67 -207.33 
180.14 404.07 
-247.00 53.84 
-258.31 -215.71 
-401.90 313.05 
217.99 349.24 
537.61 -167.45 
-189.23 -443.04 
290.55 137.24 
-370.08 -15.60 
-564.15 90.65 
295.58 335.90 
-410.21 -31.89 
586.98 47.12 
-325.72 -465.70 
-446.92 72.20 
-159.75 173.20 
184.04 -295.89 
27.04 -443.68 
-98.03 -559.43 
-25.72 -360.65 
-12.87 -164.57 
-124.49 -518.35 
537.55  7.51 
-200.69 211.68 
138.01 -369.98 
-36.05 190.21 
-288.01 -396.93 
-404.08 423.95 
173.16 128.41 
413.23 -68.49 
481.45 -256.11 
-329.44 -434.42 
421.03 -111.45 
-487.86 -341.64 
422.96 -326.01 
95.50 -306.12 
-313.24 317.82 
280.26 -171.22 
-328.75 -488.12 
-240.60 -540.22 
-38.50 266.10 
-321.32 218.64 
-246.03 276.18 
-329.36 352.78 
