378.71 126.48 
124.28 -193.25 
143.26 71.28 
442.81 153.22 
241.58 -449.22 
-529.70 -224.54 
-374.45 462.82 
-348.53 -45.98 
15.34 -72.45 
-490.55 -324.90 
-89.47 -81.22 
-65.06 -404.87 
25.26 374.13 
288.34 266.40 
-428.60 72.74 
426.63 -218.07 
-161.47 492.50 
355.81 -170.95 
-337.37 -465.22 
319.49 88.91 
-407.61 374.10 
-436.89 168.22 
-225.20 353.74 
-280.30 -353.99 
420.72 407.74 
-418.70 -426.87 
-127.15 317.50 
61.31 -11.05 
21.19 -148.79 
397.57 82.47 
-393.87 -264.69 
434.96 73.86 
-245.53 -330.50 
-239.61 -296.95 
365.71 294.65 
325.95 342.41 
 0.99 -478.46 
73.01 -576.97 
549.20 153.05 
556.24 -164.92 
23.68 27.35 
-41.55 -299.34 
-340.88 358.67 
-573.79 -18.55 
342.98 441.19 
-380.68 76.32 
-147.41 404.67 
201.52 -17.48 
516.21 206.73 
310.67 -141.96 
226.21 110.74 
534.59 177.85 
-101.95 219.67 
-226.41 546.06 
134.90 -282.24 
-270.65 216.28 
