240.11 531.91 
-393.32 -276.45 
-426.68 207.80 
460.33 84.21 
432.42 217.76 
-355.77 395.05 
443.44 77.66 
336.01 254.27 
-110.45 273.90 
-394.08 85.27 
101.49 -310.05 
-594.54 40.96 
34.65 -368.63 
-476.80 30.67 
-284.86 -216.58 
291.95 273.68 
-55.35 -563.10 
-149.19 26.71 
317.29 53.62 
-61.50 -458.60 
94.65 -202.59 
-222.40 190.95 
209.47 -279.65 
444.78 138.99 
-185.47 -383.77 
305.86 80.34 
 6.57 -169.10 
-437.14 -203.36 
27.86 -594.26 
-497.76 -218.40 
447.14 290.71 
283.53 -508.40 
-378.77 -245.35 
15.98 498.29 
472.03 355.00 
-136.79 -491.56 
36.45 -406.12 
320.40 -302.05 
-445.06 297.21 
-109.53 -170.00 
368.87 373.30 
-232.10 123.97 
473.95 313.82 
-328.24 161.56 
-309.83 374.81 
490.56 301.26 
-65.71 301.23 
298.59 291.41 
-515.92 23.19 
-163.32 -308.91 
-483.10 23.28 
149.70 424.04 
-434.69 166.30 
-58.11 243.12 
-231.01 -243.10 
 4.79 96.01 
