594.18 65.61 
-99.54 -141.35 
191.01 279.56 
134.42 81.52 
 4.23 -533.26 
563.44 -57.38 
-187.41 -173.28 
-207.67 -500.70 
46.42 -350.37 
-280.22 358.37 
-129.10 339.43 
279.93 -94.36 
-265.23 -79.23 
37.69 537.68 
-364.69 418.50 
-69.91 -176.35 
458.66 -100.41 
-258.17 -165.19 
 5.69 514.56 
-570.96 134.04 
 8.73  2.01 
-16.34 101.44 
532.64 51.48 
-54.12 119.26 
-240.50 -264.64 
-147.54 -122.60 
335.05 -324.65 
19.33 301.25 
86.70 116.43 
561.18  4.73 
-290.74 -388.54 
557.72 -71.67 
-366.08 343.44 
149.17 181.48 
266.04 409.33 
-420.96 36.77 
-485.49 -9.14 
-52.15 -472.26 
 8.65 477.69 
-220.84 -384.51 
-518.76 104.82 
61.06 309.96 
-440.50 291.16 
-195.75 -540.70 
-63.06 -124.44 
-489.19 92.69 
-201.90 -511.43 
-259.87 -133.20 
-23.19 445.46 
436.47 -272.46 
100.57 -24.36 
45.88 143.16 
213.12 -381.11 
441.76 154.42 
46.54 33.86 
-416.55 -303.86 
