-483.77 -234.11 
202.31 199.82 
128.25 -137.72 
16.42 317.01 
238.78 -185.73 
-17.90 41.83 
212.81 109.84 
-572.28 10.90 
-352.72 -189.53 
132.66 304.93 
-75.50 -471.52 
-204.42 -561.99 
55.96 539.76 
30.43 270.96 
118.46 -131.62 
-501.77 280.01 
116.42 26.33 
-23.56 442.11 
436.57 26.79 
467.14 -133.25 
407.30 -169.63 
-269.68 526.07 
-84.92 219.54 
-574.33 -83.40 
208.93 382.22 
-137.07 127.10 
-280.85 -386.66 
-325.61 -223.02 
-103.05 -104.15 
-62.34 409.49 
370.17 -53.03 
102.37 -395.37 
81.92 316.89 
-338.15 334.39 
-137.71 -436.74 
-42.01 225.02 
46.91 -420.17 
-536.06 -97.59 
-300.08 -70.89 
124.14 403.15 
-264.02 -488.50 
-541.23 -132.78 
-307.72 -260.10 
373.58 110.03 
-291.63 -455.86 
398.38 -183.77 
158.92 403.84 
-189.66 54.55 
547.92 110.31 
29.61 79.92 
327.17 -408.78 
-491.74 133.21 
87.37 -433.52 
138.43 557.33 
-367.91 -7.27 
-552.06 -178.85 
