225.59 -395.34 
166.26 -137.04 
511.33 79.08 
421.09 -296.46 
447.59 -301.15 
145.42 -518.94 
-431.15 117.32 
198.73 -44.24 
-162.39 -556.73 
509.06 -72.42 
64.21 -265.77 
-142.04 38.45 
-545.43 95.90 
449.22 -71.64 
449.38 -321.15 
498.42 28.12 
-506.38 68.61 
-173.16 -383.67 
-243.46 354.83 
59.89 571.57 
-282.34 471.99 
110.64 571.94 
305.61 -89.62 
270.53 -27.29 
32.94 122.69 
300.28 -296.43 
-247.01 324.01 
263.60 -15.09 
-16.64 205.86 
-164.97 -159.88 
-551.76 211.49 
270.77 219.34 
164.48 548.79 
119.25 162.61 
-376.19 149.08 
259.39 -220.17 
45.90 463.04 
363.15 -252.78 
-246.37 -186.22 
-133.26 -383.26 
-147.19 551.52 
195.20 126.50 
217.51 514.89 
430.69 307.42 
365.49 -285.71 
195.48 186.08 
44.16 -535.99 
-27.17 -137.72 
-240.24 74.36 
-522.62 198.73 
-523.09 53.56 
-147.64 376.29 
-41.43 41.33 
-34.17 361.29 
-405.07 410.33 
13.34 129.84 
