-437.04 -100.74 
176.48 482.14 
293.09 421.95 
-551.94 59.08 
373.97 406.91 
367.55 25.12 
-160.30 284.33 
-422.26 -38.11 
44.75 240.43 
353.55 -234.95 
-63.54 -536.81 
345.67 439.58 
-138.84 458.74 
68.27 -291.72 
197.27 -347.55 
-302.80 -320.18 
-330.56 112.78 
-203.59 11.01 
-149.15 -383.99 
-56.15 475.61 
-541.81 76.41 
-576.58 -153.88 
494.04 -98.74 
-18.30 462.65 
189.20 -217.08 
209.80 331.99 
-61.75 377.25 
-293.45 -261.71 
165.47 -134.84 
450.85 132.66 
490.27 -223.06 
-463.80 225.97 
98.25 -267.62 
366.99 -457.97 
-71.34 -538.97 
221.97 104.50 
-60.65 96.61 
428.19 -342.07 
37.96 -131.49 
-155.63 -404.74 
-370.93 160.65 
327.13 -202.23 
287.55 395.90 
-212.09 -248.18 
-450.29 -95.84 
-77.69 -49.99 
282.29 97.85 
511.77 142.04 
 0.61 492.46 
-171.87 -73.34 
-46.66 -286.61 
-180.45 398.75 
103.79 -365.96 
-136.97 -23.56 
-572.32 -169.27 
-33.29 -345.12 
