33.81 -407.41 
-169.48 -69.68 
223.22 494.65 
-50.48 480.72 
-25.46 434.31 
-133.99 519.22 
-376.17 353.97 
-100.10 519.32 
58.63 -231.96 
35.01 -352.48 
82.51 503.98 
525.76 156.61 
-493.49 -35.76 
464.01 116.30 
-237.00 32.03 
-459.49 111.34 
-121.53 408.56 
310.97 -248.00 
83.50 -450.85 
167.41 -242.01 
-546.18 -185.60 
396.29 -304.70 
-116.24 -569.96 
213.24 -113.71 
139.67 202.99 
-148.64 -362.85 
333.15 382.57 
342.61 -90.08 
329.34 131.72 
33.08 172.75 
339.27 -69.85 
-570.45 -135.13 
-66.10 -363.47 
227.79 344.05 
-472.74 50.80 
362.30 -261.24 
268.08 -304.34 
19.96 40.54 
-60.68 512.47 
-256.90 255.27 
18.15 -279.70 
-304.44 308.92 
89.79 -309.65 
154.79 -365.07 
-213.71 -66.06 
-354.31 34.27 
201.38 -131.90 
-311.46 -73.76 
-38.51 -320.80 
280.11 482.30 
431.10 292.42 
-14.25 -573.28 
-99.68 49.95 
277.91 56.89 
61.70 -69.31 
342.85 -379.13 
