430.68 175.43 
-15.51 -151.76 
-408.05 -107.61 
-442.49 -385.68 
-60.23 -325.43 
-129.77 93.76 
185.03 -520.13 
-134.47 179.51 
-172.39 -144.83 
482.34 222.81 
-428.35 88.04 
-53.13 -294.03 
57.27 339.31 
-577.55 -103.06 
67.22 94.71 
-476.23 31.24 
-57.80 -201.51 
-491.08 -219.70 
55.74 -236.96 
-506.84 257.35 
-7.18 -418.19 
-506.92 14.39 
235.24 223.17 
-78.21 478.75 
-415.79 38.60 
-345.70 311.99 
56.08 547.96 
25.76 -510.46 
77.08 -502.65 
-374.40 41.30 
64.07 89.32 
19.71 -97.23 
-244.01 -422.46 
163.63 -435.33 
250.47 345.71 
-386.20 -385.19 
-273.45 97.52 
-201.46 350.16 
357.82 -456.13 
-78.96 464.39 
386.94 134.38 
114.81 -436.68 
-59.39 -257.13 
-155.75 -298.26 
-31.78 456.06 
-461.10 -57.97 
253.46 -97.97 
41.38  9.64 
-315.82 167.25 
-333.42 456.98 
-84.40 -24.12 
564.37 148.27 
104.01 150.96 
424.95 -42.16 
-312.03  3.56 
141.99 24.11 
