-237.98 320.12 
359.32 126.00 
-251.23 -467.66 
184.75 -287.24 
492.86 -56.13 
333.67 420.67 
214.22 -197.61 
74.72 435.96 
420.32 334.85 
-288.75 -509.01 
-325.80 -102.12 
232.73 -375.48 
132.19 -304.38 
-381.00 -458.13 
-305.92 -360.08 
142.21 315.92 
-270.20 -442.03 
-194.09 -86.24 
384.44 293.78 
161.23 128.21 
-380.76 -256.02 
-37.50 -239.27 
237.08 -546.77 
44.84 -323.51 
-540.24 128.24 
107.77 183.13 
183.85 482.14 
-8.13 164.51 
-11.04 -268.06 
274.61 467.55 
421.65 -326.71 
-63.13 209.80 
-359.17 -74.41 
-261.17 318.67 
-394.79 249.37 
278.22 190.10 
-496.12 233.64 
 0.48 290.84 
420.19 -420.71 
-94.39 -537.35 
-329.33 256.57 
-243.06 433.62 
447.62 -37.97 
562.78 69.00 
117.14 209.23 
-208.48 -50.62 
-219.24 341.26 
-355.93 -33.78 
-391.74 450.44 
48.69 552.36 
535.94 138.70 
-80.37 233.77 
84.39 -241.70 
-210.11 24.75 
489.26 -277.83 
-195.63 251.65 
