20.61 -185.49 
271.63  5.52 
-126.38 -475.43 
445.15 -277.13 
340.79 -156.15 
-265.01 28.84 
286.41 -332.71 
-343.04 163.16 
-77.15 506.40 
405.34 -167.50 
25.63 131.68 
-558.61 -171.75 
332.74 374.93 
-31.13 453.44 
465.23 121.70 
-229.11 297.76 
434.31 -396.62 
195.05 529.02 
239.55 -91.72 
307.44 -422.94 
-311.99 105.62 
-335.81 417.80 
-15.77 457.68 
529.70 -265.13 
24.41 290.27 
150.70 297.67 
347.38 417.33 
-420.64 278.24 
-319.94 -27.55 
338.21 -250.20 
-31.43 286.95 
188.47 176.29 
276.16 -328.73 
-260.84 61.90 
-372.91 129.72 
-392.56 94.58 
104.72 -357.81 
-224.12 193.32 
494.19 29.65 
-83.18 33.39 
302.38 363.05 
-481.25 210.42 
-54.72 121.64 
-258.80 -279.79 
 1.40 91.07 
-9.10 124.77 
46.73 296.54 
373.88 177.66 
-287.09 -524.15 
28.69 -386.57 
232.42 -324.25 
-246.91 16.62 
-322.61 397.40 
-229.53 400.60 
-556.07 74.18 
329.14 -213.71 
