467.35 45.23 
-492.59 -104.32 
-563.26 -199.63 
-513.07 -20.60 
-192.90 -447.62 
148.88 367.55 
-464.54 -107.82 
354.51 468.96 
-304.94 12.79 
43.31 324.37 
130.79 -467.99 
134.20 114.38 
275.41 152.01 
118.62 -375.68 
485.34 -337.20 
-10.76 421.40 
-404.16 -135.42 
-106.83 -314.87 
-153.32 -175.97 
14.32 -578.09 
161.46 -245.37 
-149.08 -395.11 
-289.13 -338.19 
236.69 507.00 
190.66 -480.90 
118.80 267.34 
545.53 -178.17 
88.14 -173.74 
-186.19 -222.83 
417.56 -131.83 
-150.07 -543.45 
 9.37 -43.10 
-208.30 -353.65 
191.86 553.19 
153.73 -200.62 
32.45 -396.68 
133.25 408.63 
-475.51 -319.42 
73.46 551.39 
507.96 198.22 
-521.76 144.81 
-413.73 -216.39 
256.02 -325.28 
-87.18 -294.66 
103.46 195.62 
-310.91 -157.66 
103.07 -387.88 
41.70 283.76 
414.60 29.95 
-356.27 189.92 
-287.45 334.43 
539.26 28.31 
-276.94 359.99 
-267.78 -379.47 
297.52 432.80 
-181.92 -547.04 
