317.29 386.52 
71.51 111.38 
295.31 439.09 
-447.11 -339.01 
-382.40 -64.53 
302.17 -18.85 
421.67 226.14 
-74.19 -497.91 
-54.99 115.65 
389.86 -340.87 
20.96 -407.15 
-29.13 -167.52 
228.15 355.74 
94.25 -380.43 
-130.72 -138.06 
299.69 -306.55 
498.76 -206.96 
-64.48 -564.34 
 0.04 548.84 
123.08 558.73 
-314.71 -308.36 
354.69 -405.14 
-247.27 -365.28 
207.59 316.34 
290.31 -26.30 
-58.17 402.80 
10.02 87.38 
-112.38 282.38 
218.52 -425.13 
-146.59 334.13 
-560.01 154.24 
425.04 12.45 
174.08 -439.55 
-211.46 -550.93 
-108.52 151.96 
-136.48 31.66 
-457.39  8.85 
269.24 -75.07 
416.02 -94.42 
482.80 338.06 
-171.29 -230.33 
-78.34 -335.88 
190.39 -566.68 
376.34 -318.18 
-374.39 194.87 
126.45 308.20 
-481.19 212.18 
-283.68 443.53 
-437.32 -138.55 
-373.50 224.21 
51.38 516.96 
260.76 -76.49 
504.08 172.08 
-7.43 -179.87 
-43.34 -6.61 
-120.01 -388.90 
