-196.70 -82.10 
-142.07 295.92 
-265.65 332.01 
-183.30 215.87 
-270.83 -121.02 
-249.99 -405.50 
341.86 239.38 
349.13 -113.39 
281.43 -364.39 
-422.70 317.85 
-351.10 -441.50 
426.53 -317.16 
-320.76 376.45 
-440.10 -252.29 
460.57 -23.58 
196.65 -71.10 
249.09 404.33 
530.11 126.77 
-102.44 362.96 
512.47 -191.07 
-119.55 -348.27 
460.57 45.85 
548.93 167.06 
405.12 328.74 
-316.59 -424.12 
562.40 72.44 
-54.29 260.69 
-19.40 -9.68 
-444.19 -57.59 
119.78 -23.18 
-476.95 -276.84 
11.10 70.98 
-502.97 -188.84 
-355.10 132.98 
-7.97 39.69 
-84.26 346.78 
116.34 42.70 
88.91 487.53 
-70.40 -136.56 
-141.95 -140.47 
-141.04 -413.52 
274.22 -432.40 
-296.59 -245.13 
72.81 397.63 
527.21 -94.71 
-411.06 410.74 
-28.17 152.68 
150.96 -269.94 
-54.11 183.05 
80.45 172.73 
-428.30 -168.04 
33.29 348.19 
487.30 -258.61 
154.55 -524.20 
 5.56 -106.76 
161.43 112.47 
