-27.62 132.92 
-160.17 434.54 
-14.64 -328.28 
27.31 -58.89 
516.90 -184.77 
-114.62 360.31 
-183.08 -550.67 
-267.90 -50.16 
163.93 -461.51 
62.66 388.15 
-249.23 -223.53 
428.98 16.55 
-349.44 158.89 
-246.74 -470.85 
149.20 -31.84 
-381.77 -371.25 
319.70 -506.50 
262.29 -487.06 
-62.35 521.43 
-2.99 -271.13 
-130.41 71.71 
128.55 -445.50 
-282.76 37.01 
-487.29 179.67 
346.93 -385.01 
-565.78 -107.86 
-440.56 108.43 
-99.71 -249.25 
-163.53 -259.38 
401.66 324.91 
303.82 -258.06 
-83.57 -67.88 
65.72 320.48 
-169.13 -25.88 
-185.17 117.98 
-155.67 -242.41 
-160.00 539.14 
43.26 -553.47 
-143.45 52.47 
-27.32 413.07 
-10.34 -520.72 
-265.88 369.01 
-318.28 175.22 
222.18 -438.93 
124.84 560.87 
389.98 306.02 
269.56 -529.42 
-171.20 -269.69 
249.73 -257.30 
-223.25 474.03 
138.67 -98.56 
-80.38 -394.94 
99.86 -461.37 
311.96 120.22 
-123.83 220.28 
-212.90 -290.35 
