215.16 206.06 
-259.34 204.96 
-276.08 66.74 
145.86 -60.49 
335.73 -207.47 
-280.14 13.14 
-245.87 -16.65 
-26.70 -340.43 
-203.02 503.02 
326.96 351.94 
167.37 -6.18 
 5.25 -51.97 
345.50 131.26 
-15.18 445.56 
-300.17 45.93 
-278.83 504.21 
573.19 69.37 
-551.04 -56.34 
-255.08 509.17 
-282.01 501.53 
-201.12 -385.10 
143.09 -194.06 
-93.64 -291.55 
502.27 99.51 
181.10 476.27 
174.70 -503.31 
-17.38 259.55 
-360.11 60.53 
-47.45 -221.63 
-111.69 446.76 
325.09 -226.15 
471.61 90.93 
395.59 -219.82 
563.62 133.94 
-383.06 212.55 
457.45 109.05 
-158.02 51.75 
-362.24 213.78 
-336.81 316.57 
483.63 -27.16 
-208.33 284.42 
112.63 -129.44 
441.04 355.26 
-91.66 552.85 
486.45 145.45 
-166.30 -257.03 
393.51 210.47 
344.49 -289.07 
193.49 -11.93 
129.68 557.17 
-235.44 -146.45 
287.78 302.71 
-321.90 -152.76 
-248.85 -353.36 
564.41 170.07 
-66.70 -447.92 
