-355.54 -298.44 
-151.33 148.65 
-67.09 488.45 
-255.06 299.42 
112.28 -585.17 
43.03 -418.64 
81.80 130.90 
120.48 -294.96 
29.82 -477.51 
-288.43 347.98 
477.73 341.77 
-97.87 -202.54 
-460.19 113.15 
-419.04 175.12 
367.67 -184.67 
109.68 -120.16 
-8.29 290.88 
371.06 -103.81 
-403.52 -337.09 
182.35 351.53 
273.05 -380.26 
-280.33 173.51 
-536.09 -101.61 
-149.64 120.40 
177.88 418.79 
-188.39 -520.37 
225.13 194.57 
-401.36 -370.02 
-472.84 240.81 
182.54 508.98 
-178.67 -558.97 
-148.13 -476.88 
-351.97 -358.61 
167.18 -228.65 
237.17 -81.52 
-87.99 183.41 
84.89 460.28 
-153.50 174.46 
-272.49 -286.62 
-216.85 -304.67 
138.42 -169.45 
-216.92 477.60 
52.39 124.53 
233.33 157.16 
-36.85 -409.20 
-428.33 401.84 
336.44 -440.27 
282.58 61.37 
547.81 -56.39 
-175.24 226.07 
-99.47 -426.95 
473.83 318.21 
47.13 340.68 
-10.91 111.26 
-400.94 -64.08 
365.10 -443.49 
