-216.45 -444.07 
-355.26 108.79 
-305.46 -144.80 
348.67 38.47 
-60.25 -125.10 
101.74 -569.15 
231.47 -292.36 
-394.26 19.52 
-143.69 -190.46 
-527.61 74.60 
308.93 -415.59 
-430.32 39.04 
-410.57 378.01 
207.35 -109.02 
293.49  2.50 
354.39 286.05 
172.12 -486.44 
119.37 82.12 
-425.45 -263.91 
-299.84 248.03 
69.97 72.29 
-501.94 217.57 
289.83  0.27 
554.94 105.92 
-342.47 -132.67 
-451.51 -334.30 
239.03 296.38 
-321.08 30.98 
371.79 411.29 
334.17 -293.81 
-231.96 361.70 
323.91 -350.20 
55.22 -383.29 
-332.96 70.57 
-513.56 -293.40 
-290.46 -328.89 
177.91 302.23 
-22.58 586.38 
-538.90 260.43 
-351.03 -1.74 
-504.11 -170.93 
-568.54 -95.88 
-413.33 133.28 
-311.32 -209.49 
109.75 16.41 
483.45 198.39 
-488.15 -108.06 
-116.07 556.65 
-372.51 219.87 
451.56 105.17 
392.33 -315.76 
-218.53 -332.92 
-235.06 184.41 
-260.69 382.03 
280.05 270.54 
266.57 328.39 
