121.89 -23.66 
-217.07 -360.53 
20.24 163.98 
-173.20 498.48 
-361.69 282.63 
-168.32 -47.48 
-150.14 -280.57 
458.69 139.92 
463.73 163.82 
-267.04 330.88 
126.46 -500.99 
-200.00 -503.02 
-527.60 139.58 
446.05 -359.09 
-127.03 -145.33 
180.38 231.51 
474.25 -76.63 
-359.26 -265.39 
233.31 480.36 
155.64 -54.33 
131.64 -2.40 
-552.40 77.55 
-431.37 -371.73 
78.51 -446.23 
204.00 -556.23 
263.19 452.58 
-210.27 -141.71 
57.74 -230.11 
244.74 -100.45 
-54.28 187.84 
493.98 -113.59 
-390.23 168.11 
-461.34 225.87 
-528.24 21.61 
325.67 195.96 
494.72 131.56 
14.44 -492.79 
318.04 138.61 
-371.89 384.25 
189.07 -389.50 
288.27 -414.38 
102.96 -511.23 
325.51 219.13 
-319.08 -147.65 
295.65 -44.59 
28.94 -257.08 
243.72 129.27 
-54.28 -412.04 
341.09 -252.73 
254.96 -80.19 
-408.68 433.32 
177.53 109.78 
284.76 143.81 
418.11 102.46 
-542.43 70.25 
54.41 -273.35 
