132.67 370.68 
51.82 -454.75 
262.12 -487.22 
-313.53 386.59 
34.46 228.30 
362.99 259.68 
-5.89 -524.50 
-2.03 -201.13 
-151.27 185.30 
-322.82 186.73 
569.81 -75.92 
416.71 -179.21 
-173.40 473.20 
441.15 352.92 
-224.52 -1.56 
580.51 11.23 
293.44 125.41 
529.49 -64.56 
-395.89 353.57 
245.07 320.35 
45.87 245.47 
-495.83 208.39 
346.97 395.94 
-58.22 329.06 
383.16 -12.39 
-162.65 -451.04 
-329.17 -56.11 
-10.59 -526.02 
21.92 -23.67 
76.95 26.07 
-554.40 49.92 
314.98 -304.25 
337.02 419.49 
-132.58 -154.75 
234.53 326.51 
-439.36 -171.02 
-33.96 535.57 
-248.96 -283.53 
-234.77 -528.24 
-322.66 -213.28 
-9.62 286.41 
-325.95 119.22 
283.54 -139.31 
251.32 45.24 
202.43 282.34 
-46.04 -591.28 
-434.39 -35.59 
164.32 456.54 
-108.15 -180.95 
436.53 -314.82 
-387.40  3.22 
-66.56 -101.35 
541.66 205.00 
195.51 -529.52 
225.80 279.85 
57.65 -151.47 
