-124.80 300.83 
-127.82 -255.06 
-308.87 -407.26 
-204.10 126.64 
427.39 -242.18 
-192.00 416.07 
486.86 234.69 
123.54 443.04 
109.44 -485.62 
-73.58 94.97 
-484.51 -174.20 
-215.86 -110.10 
-203.45 -23.92 
-55.54 288.75 
-57.85 230.59 
-291.43 125.39 
505.75 285.37 
211.01 -27.34 
-470.25 209.90 
-265.56 523.79 
105.46 193.48 
-54.88 -289.06 
-418.26 341.52 
-554.81 -17.57 
-60.84 33.69 
-267.19 134.51 
-372.76 245.26 
325.16 422.60 
81.14 -354.86 
-72.76 -212.44 
-462.57 -239.46 
185.71 -567.36 
352.30 -102.66 
-170.37 -57.71 
320.36 -419.58 
433.72 -319.68 
332.17 280.36 
-224.47 328.72 
246.35 477.50 
-171.55 32.38 
359.17 -198.31 
313.04 -425.15 
-16.79 594.01 
238.17 -527.41 
158.44 56.84 
432.23 -108.72 
159.38 400.91 
-110.39 129.95 
317.29 351.75 
309.85 -43.65 
-320.35 155.90 
-334.70 324.63 
-257.79 238.53 
469.81 -90.94 
81.82 417.40 
107.82 -197.47 
