-366.72 193.13 
 1.18 49.17 
18.98 527.31 
184.73 -329.02 
-286.81 -204.52 
-19.73 -472.93 
-282.55 -186.10 
408.84 -168.48 
-78.89 -300.01 
137.85 482.13 
-46.78 -87.46 
314.75 -52.12 
12.68 493.42 
-195.43 -83.87 
461.51 318.78 
-482.57 128.11 
68.27 535.63 
-142.25 -458.26 
418.79 -211.98 
-527.25 71.88 
111.28 -391.62 
335.37 -138.63 
295.19 188.21 
-577.24 100.79 
469.76 -69.14 
-200.23 -352.49 
-581.90 -45.91 
522.35 -97.50 
346.47 152.36 
-219.60 -234.95 
433.25 29.91 
-426.08 -0.38 
-313.99 486.18 
15.45 -256.88 
-304.67 -191.87 
-378.73 348.76 
-517.55 -188.86 
184.44 137.23 
145.38 435.08 
-363.91 -396.75 
566.33  4.69 
30.74 -440.65 
-148.57 -66.23 
-114.68 -311.89 
-300.50 -5.56 
-156.74 240.06 
180.56 470.11 
58.71 232.81 
126.74 283.30 
113.89 -137.33 
377.36 238.51 
-513.11 -215.18 
-11.66 17.86 
-336.92 -205.71 
-170.19 134.35 
-179.60 146.69 
