53.33 -435.94 
-95.74 519.53 
-315.25 283.79 
-482.48 299.18 
-187.95 -177.53 
-9.67 -182.79 
-401.43 258.32 
146.18 315.90 
-102.02 564.66 
276.11 -147.69 
47.18 98.39 
39.31 -497.14 
56.62 -482.58 
465.74 -368.38 
-566.49 -37.95 
-586.31 -56.93 
-97.45 -323.65 
118.48 -192.83 
390.72 -74.34 
-461.02 -305.97 
346.26 284.42 
230.43 159.70 
229.93 -68.30 
479.87 -223.83 
-333.20 441.12 
-211.94 56.10 
588.97 -62.80 
-97.05 87.80 
24.15 -388.03 
-375.10 280.16 
-449.77 -135.17 
-433.06 24.46 
248.58 34.96 
-183.25 25.38 
-98.15 147.00 
284.99 -479.29 
254.24 -23.07 
-63.80 -88.73 
-47.56 459.32 
-496.50 151.94 
459.66 -286.78 
-267.37 -407.57 
481.99 -110.34 
-29.82 150.96 
86.28 -232.74 
-10.18 166.63 
-61.31 99.45 
351.74 264.80 
469.42 -267.85 
-536.41 -41.24 
175.74 -487.39 
501.48 -146.88 
405.65 -58.30 
139.91 -412.82 
-143.68 -303.90 
-176.82 29.25 
