135.78  3.25 
-282.08 385.88 
323.04 352.61 
-235.78 546.44 
-382.19 156.89 
379.99 -88.96 
-386.49 -453.74 
-272.66 -252.65 
302.82 -109.96 
74.39 -34.94 
-66.09 -21.35 
151.38 264.21 
-103.00 -585.61 
276.19 150.81 
466.21 129.04 
19.03 -236.00 
-145.89 105.48 
336.44 -186.73 
45.17 318.31 
283.11 -272.33 
-218.57 126.19 
-325.62 -412.19 
108.77 -404.68 
338.87 -118.74 
-177.24 354.65 
-384.85 -455.90 
49.22 -131.15 
-166.88 -499.94 
347.14 -386.68 
-456.69 133.66 
-29.03 115.39 
-50.62 553.26 
202.64 394.36 
-99.18 -456.93 
-414.83 -335.69 
-10.07 379.25 
286.01 -170.84 
393.33 -182.03 
-263.57 398.15 
-226.23 -63.43 
-6.51 -162.04 
-133.77 -279.94 
-146.31 -273.62 
449.83 -64.87 
445.52 -274.35 
377.68 440.07 
331.78 -259.81 
-112.32 -461.13 
-299.12 395.74 
-351.47 199.62 
153.99 315.66 
-488.31 283.17 
131.65 105.81 
-229.56 -542.09 
201.33 194.95 
464.54 141.54 
