110.87 -228.74 
139.74 -463.20 
-89.83 -251.54 
-478.06 197.89 
118.53 -372.97 
-111.27 -240.08 
106.92 -297.87 
247.80 475.18 
259.37 -401.05 
-277.18 74.02 
81.09 -55.39 
508.17 283.24 
-523.53 201.63 
467.28 -128.61 
-324.44 93.86 
-437.22 270.52 
589.42 -35.12 
150.95 -489.99 
-68.71 -378.25 
-186.71 540.84 
141.78 -34.20 
-103.88 553.28 
258.93 294.52 
501.41 276.71 
224.03 -131.13 
237.54 -340.57 
-129.88 216.29 
181.61 -443.40 
-496.37 319.63 
-321.52 468.24 
-29.22 -268.35 
305.39 160.70 
-515.45 283.54 
120.59 -399.21 
332.99 -155.36 
-157.15 84.38 
-364.04 406.21 
413.88 -301.84 
379.49 -418.05 
-578.08 123.47 
-231.87 506.26 
331.61 -20.53 
592.68  9.12 
154.50 189.05 
-69.96  0.11 
-146.09 -245.33 
-247.87 175.26 
257.53  9.57 
-288.09 -513.04 
150.98 -520.21 
536.16 230.25 
287.09 342.52 
-353.31 60.22 
299.94 419.93 
-273.89 495.93 
-567.00 -177.51 
