-94.46 -553.11 
-119.76 -566.96 
-351.08 -386.54 
-48.04 407.12 
-269.47 -282.93 
-139.69 406.97 
-158.61 411.84 
-527.39 -107.44 
106.90 -66.73 
-333.30 316.68 
130.12 469.96 
-301.82 13.99 
-56.08 166.90 
522.39 69.03 
234.40 -281.89 
499.76 201.42 
-145.26 -201.66 
-168.88 559.75 
-42.34 -89.40 
-78.59 -523.76 
351.31 -117.09 
-396.70 150.76 
-185.85 408.95 
-389.08 -74.95 
-327.74 -120.72 
176.77 438.59 
-78.25 -558.58 
42.19 -2.19 
438.97 -40.94 
-60.42 -270.88 
290.69 10.12 
99.04 312.47 
458.23 250.85 
125.15 303.05 
-145.18 -128.72 
162.60 -460.57 
516.59 -226.50 
-262.15 290.28 
458.83 291.50 
345.18 223.66 
-87.38 65.80 
 9.99 136.02 
111.44 -359.09 
487.40 -278.65 
-312.74 -4.60 
223.15 282.86 
351.61 -358.91 
-77.11 -120.84 
-256.55 -470.29 
-298.76 286.06 
391.86 -273.91 
457.86 -161.11 
568.22 101.57 
-70.04 -440.53 
-297.55 75.67 
-309.52 362.04 
