269.05 162.44 
169.06 -110.26 
233.09 -426.99 
-111.30 -66.14 
-396.76 -207.08 
194.28 504.38 
426.27 358.87 
238.25 216.82 
112.00 156.58 
159.56 119.28 
-295.59 448.16 
-82.33 545.39 
251.47 327.19 
-145.82 143.43 
329.95 -69.79 
78.80 -27.47 
-502.06 -318.06 
-356.05 88.17 
357.38 -466.15 
-36.96 455.56 
295.64 114.13 
-18.30 65.87 
522.72 265.36 
240.31 487.89 
201.93 17.04 
358.96 -322.18 
364.36 -282.98 
505.20 -271.68 
-197.84 28.58 
-225.85 -549.74 
-391.52 -253.20 
306.20 61.63 
-436.78 373.23 
89.04 463.75 
212.10 441.28 
113.21 200.84 
-440.02 81.92 
43.92 -39.75 
-284.58 -352.52 
-249.90 77.66 
347.33 -39.79 
-92.56  6.49 
31.70 -265.36 
-232.48 -44.89 
139.56 199.82 
-190.87 91.94 
250.22 500.96 
356.02 246.01 
-153.81 -424.17 
452.72 -94.47 
-179.16 -172.53 
234.61 122.30 
120.32 325.91 
-362.76 -391.49 
172.07 522.60 
39.48 148.86 
