-354.23 268.28 
-131.57 -540.28 
341.37 463.39 
-310.19 194.72 
-183.42 -416.58 
136.76 -182.12 
375.60 -364.30 
 5.64 -546.61 
351.99 159.84 
129.21 -278.93 
348.62 292.89 
533.16 113.15 
-148.14 -340.39 
-141.83 -370.18 
-154.21 351.06 
-19.02 153.30 
370.83 349.29 
-338.19 -352.60 
401.60 267.25 
187.83 -567.88 
-494.29 330.23 
-60.10 141.68 
336.78 -419.98 
-201.25 -318.04 
197.47 -332.92 
305.82 -24.47 
191.40 453.08 
98.45 246.08 
-156.96 -377.18 
-45.98 585.54 
-159.85 -461.54 
268.75 -284.59 
-563.80 133.41 
-415.14 98.23 
111.00 -499.59 
292.90 -443.55 
-125.02 -577.52 
-174.12 -436.48 
436.21 214.31 
480.89 248.28 
339.20 182.50 
-309.82 500.01 
177.91 -110.14 
-109.35 -178.98 
-418.15 -210.26 
-139.23 555.98 
61.59 -327.75 
126.91 465.94 
127.33 -311.58 
-143.87 15.74 
358.14 -203.07 
55.27 -380.36 
294.86 426.90 
424.24 329.79 
285.26 102.86 
-315.91 406.02 
