-293.80 -415.66 
37.66 -545.74 
-421.13 -220.97 
-217.23 239.18 
-385.49 15.09 
456.67 -381.51 
125.13 464.49 
-72.92 -345.22 
-494.43 55.16 
-340.64 200.74 
304.35 -414.02 
201.12 -485.87 
-44.74 -156.14 
307.09 -179.87 
285.69 -253.61 
51.82 -236.70 
-150.39 333.52 
-519.42 -229.98 
-381.47 101.70 
-230.87 -324.04 
-317.69 -422.18 
119.87 302.75 
-449.75 -187.94 
503.09 -188.54 
502.73 -194.99 
-393.38 148.11 
353.10 217.41 
-410.85 -432.26 
115.40 -222.79 
-289.27 360.61 
-111.85 -532.95 
-253.37 445.05 
175.29 118.37 
535.21 -119.57 
130.72  0.34 
-128.81 550.67 
306.96 -224.17 
81.82 297.52 
-393.53 137.85 
307.03 23.25 
365.68 -102.10 
380.37 -418.66 
163.82 -19.97 
187.65 380.46 
260.62 -386.06 
-52.84 -416.28 
-431.39 -373.81 
-148.50 -128.41 
567.59 -0.51 
-189.65 -509.58 
-312.54 -493.55 
97.08 -28.21 
-557.25  3.51 
370.59 125.35 
-357.71 452.92 
348.74 -382.14 
