316.19 304.62 
123.50 319.69 
290.83 210.78 
326.71 -65.03 
191.23 96.31 
405.57 83.17 
-134.84 483.10 
-53.17 70.78 
242.40 169.62 
184.65 532.82 
-162.41 356.27 
-431.30 -206.42 
-61.54 -350.78 
82.80 302.95 
136.70 -123.69 
132.22 -69.14 
387.31 -34.19 
320.29 247.47 
330.72 -168.56 
421.48 170.33 
167.35 -5.67 
333.36 -266.27 
393.24 -156.14 
110.78 548.98 
-335.73 188.07 
-379.00 40.71 
-570.13 92.67 
-474.96 44.58 
13.26 -270.92 
113.90 86.90 
-158.67 158.80 
176.15 -255.44 
-110.36 -586.09 
-166.46 -217.25 
255.63 -223.64 
55.82 173.77 
-473.91 -200.06 
216.99 -132.02 
190.86 476.56 
414.30 241.65 
-42.22 -440.90 
22.93 578.02 
-537.85 44.99 
-125.46 317.24 
-129.25 -204.67 
-371.11 54.25 
125.97 433.21 
 0.83 262.78 
487.63 74.21 
-64.39 -440.63 
-351.58 159.50 
577.33 -112.21 
-210.38 197.90 
280.19 -115.14 
289.34 523.83 
149.73 -53.08 
